0001
933
992
487
668
592
398
719
305
488
564
421
114
363
720
228
274
316
718
930
905
249
566
169
610
583
815
544
418
790
259
768
779
260
161
629
124
815
204
180
618
654
88
435
44
537
938
112
47
412
555
945
98
184
967
782
942
526
825
233
842
420
596
235
522
868
905
485
292
255
508
732
538
953
151
273
281
134
67
368
389
871
88
877
83
872
593
697
410
830
58
775
915
797
252
917
194
106
975
743
503
167
418
657
81
920
861
525
530
876
538
417
20
178
168
580
90
42
653
337
362
311
146
328
271
938
848
159
126
684
348
471
67
854
422
518
23
163
254
480
799
761
981
174
636
920
124
927
758
233
712
465
644
761
568
102
447
186
40
874
831
162
629
589
176
756
864
19
827
884
898
294
41
854
976
346
623
226
426
970
658
695
372
932
693
987
84
341
423
708
39
371
3
509
818
368
992
26
204
916
136
399
312
319
258
769
434
425
632
123
284
784
791
999
603
640
149
33
95
945
384
203
56
851
938
505
750
788
896
675
520
525
473
663
964
645
980
630
935
989
247
253
274
168
204
783
88
584
323
907
362
275
696
36
222
268
437
433
257
832
208
430
103
399
800
337
670
770
573
410
765
888
282
563
263
913
226
484
503
621
809
161
171
871
402
865
982
712
49
670
370
608
752
377
949
175
530
541
96
856
107
793
225
236
701
511
520
951
14
508
739
487
275
986
926
748
281
692
764
894
235
341
557
208
677
331
492
568
745
328
711
186
994
277
332
840
550
956
401
561
435
634
344
655
220
196
807
990
482
513
381
648
519
31
356
842
473
897
941
279
970
504
710
653
611
973
903
43
238
184
252
742
521
396
999
276
710
818
219
83
303
403
713
425
80
368
967
155
269
439
790
488
599
836
244
498
690
683
87
571
473
754
181
387
651
942
792
552
628
672
890
905
45
920
662
598
235
937
182
16
313
246
377
340
417
708
881
121
952
881
368
162
263
39
251
908
611
887
209
