0002
181
659
838
272
190
692
832
861
438
717
513
752
802
811
749
605
886
32
51
941
876
474
858
247
103
187
860
178
720
617
250
563
160
485
846
173
256
324
121
695
297
931
729
694
723
826
176
269
748
225
403
106
507
630
22
588
741
129
601
252
469
58
406
508
680
458
768
288
343
768
884
739
18
231
553
8
426
846
644
848
536
617
532
669
799
34
86
64
245
186
486
455
36
344
192
774
813
278
740
585
800
375
141
888
13
77
960
981
266
735
452
975
970
108
838
336
612
772
967
688
684
307
999
493
513
894
676
534
581
442
301
402
799
705
261
453
299
586
218
528
838
818
83
330
236
904
310
473
593
476
390
900
790
540
466
255
637
511
442
324
638
34
351
812
125
436
637
83
473
25
60
110
96
586
168
335
960
456
137
330
157
822
89
52
40
416
68
224
501
95
257
256
841
513
631
590
4
6
659
492
519
858
65
220
622
120
799
481
868
408
75
976
656
923
413
602
307
622
987
750
483
756
475
136
548
274
379
302
350
135
849
81
522
486
86
65
398
964
155
985
27
281
642
849
64
206
828
167
842
407
107
84
651
94
281
574
781
735
498
372
878
645
234
169
331
830
243
79
852
806
347
547
33
40
392
34
91
959
249
228
591
87
256
234
435
397
584
65
376
714
391
308
57
603
332
211
212
53
233
762
598
605
594
700
607
817
745
797
473
842
655
556
588
734
375
718
693
237
723
999
939
471
813
873
338
725
94
720
840
197
505
317
894
199
246
763
847
698
981
882
15
885
230
441
867
314
103
585
391
416
37
955
756
905
943
563
960
235
182
365
767
579
742
867
40
340
183
994
26
885
371
878
681
165
511
795
142
588
974
234
120
260
593
13
792
566
627
960
864
445
522
775
268
184
578
270
734
251
108
515
497
432
407
194
959
562
512
715
391
138
452
405
571
842
624
14
844
742
844
288
480
504
510
371
417
628
464
614
179
719
335
184
921
429
382
663
956
919
765
701
661
388
448
516
335
39
215
968
947
660
992
242
19
998
690
350
673
375
340
740
305
959
81
283
798
598
49
772
298
215
403
758
796
666
854
492
786
896
