0003
674
604
446
650
141
620
77
66
672
464
632
509
438
676
658
269
984
615
145
156
715
680
815
341
447
745
81
543
897
217
193
410
733
65
812
889
784
601
290
315
618
894
231
541
873
699
275
304
571
115
958
254
649
670
809
790
371
781
661
712
873
294
226
388
476
47
836
841
822
134
983
250
784
843
622
69
103
70
234
41
526
417
582
709
381
491
445
612
794
825
898
1
529
95
193
606
79
751
223
841
298
310
23
955
392
74
906
19
592
769
586
530
322
87
453
967
339
715
644
526
792
305
990
24
593
388
707
435
254
642
175
692
777
