0004
653
125
835
310
121
983
190
868
935
513
516
93
168
290
238
296
785
208
246
240
903
506
678
162
990
608
678
739
61
935
394
109
140
737
415
962
831
410
578
172
756
539
606
952
459
822
215
536
24
655
447
469
547
15
110
706
416
287
381
713
654
866
328
608
796
164
195
202
865
785
462
272
831
424
540
830
663
309
457
556
501
38
518
847
713
831
51
685
274
965
857
329
762
468
550
850
341
863
574
226
899
365
997
173
71
530
706
493
399
9
784
121
974
843
325
73
223
145
960
115
881
689
248
426
731
923
465
750
936
637
506
717
756
574
661
919
244
806
127
33
177
719
737
442
223
794
713
957
908
342
9
327
587
395
736
504
814
562
156
492
531
698
350
163
538
660
456
919
652
751
995
708
815
208
805
956
228
157
928
965
278
252
515
492
5
778
130
4
863
301
269
556
775
788
734
842
925
493
648
435
5
989
112
252
594
778
179
932
554
629
152
337
626
999
307
168
122
661
532
362
699
729
349
552
802
514
252
897
34
405
812
950
351
447
348
501
272
230
508
238
859
466
39
93
67
262
466
790
713
241
397
216
543
477
991
387
280
631
437
775
247
626
540
321
730
809
249
769
280
602
329
767
227
210
861
848
814
972
865
117
498
166
738
228
553
842
269
488
270
666
548
398
936
677
373
348
792
699
569
358
890
73
430
48
715
120
678
656
72
7
799
438
321
526
272
414
329
739
652
813
241
761
754
900
984
799
238
620
510
453
913
343
446
442
484
531
271
518
19
653
204
887
729
641
217
341
106
403
931
172
425
163
778
799
227
173
814
571
263
576
37
359
735
343
806
160
580
558
601
212
308
428
758
717
877
245
343
684
700
689
165
242
100
720
698
189
442
331
667
83
161
201
330
55
416
613
135
907
406
720
355
483
820
474
895
943
335
663
681
864
875
798
179
600
374
465
501
436
493
148
502
703
449
562
445
279
224
36
34
172
604
813
355
601
654
985
892
764
896
982
452
157
127
719
4
296
157
57
420
309
520
708
302
344
95
23
364
655
866
808
902
920
854
729
990
385
378
335
400
36
995
97
516
813
127
25
489
