0005
790
524
176
458
107
872
386
210
323
868
431
834
741
230
672
802
637
404
3
16
336
454
103
58
463
365
286
383
236
988
371
762
568
677
664
246
660
973
804
989
738
84
946
350
471
968
319
415
108
266
863
904
252
608
87
620
658
335
1
642
481
410
868
239
1000
870
150
580
51
399
149
317
332
104
533
650
128
418
275
806
421
401
140
673
657
208
623
89
171
317
30
139
476
571
198
868
888
596
611
710
991
251
282
286
463
612
827
240
430
42
83
440
774
86
927
427
41
872
403
398
12
775
674
515
10
929
409
141
682
436
188
890
805
71
39
723
423
189
579
320
456
112
185
985
663
802
247
754
34
221
77
323
697
820
96
861
217
15
676
356
57
245
848
589
248
61
361
931
342
779
180
945
485
904
208
914
330
515
803
112
761
458
186
523
534
496
130
864
270
895
354
328
989
855
633
868
677
179
99
925
240
670
530
479
73
715
244
101
250
817
414
59
164
453
164
997
871
