0006
653
705
362
291
477
328
153
543
425
199
824
297
952
235
96
812
289
115
442
178
293
568
609
303
759
189
79
968
593
292
359
347
103
918
621
582
517
628
750
567
626
344
217
978
79
9
879
671
594
26
831
840
92
585
208
684
506
655
839
999
958
568
989
413
354
609
297
883
469
467
172
806
390
924
394
716
739
641
484
248
412
598
344
116
268
87
827
566
84
791
308
287
156
773
574
572
419
831
42
128
41
437
767
831
468
206
280
823
773
565
710
253
881
899
216
444
785
18
329
411
86
600
277
489
429
196
881
617
566
996
835
646
414
653
673
274
154
117
276
460
787
654
193
372
245
349
905
48
776
605
120
961
349
153
952
369
213
591
413
843
308
891
46
398
789
223
213
566
276
510
911
429
548
342
195
426
686
131
206
790
275
889
735
703
85
211
158
9
94
782
566
11
452
950
