0007
559
863
827
59
571
492
729
596
486
994
13
112
223
996
329
11
875
649
644
943
630
569
5
599
352
796
450
572
647
904
92
655
101
293
140
213
701
638
465
25
360
383
662
56
832
101
435
831
284
993
92
148
569
946
204
921
665
341
518
623
170
775
122
913
117
710
93
557
240
859
585
805
852
239
623
95
717
599
927
935
534
503
54
789
178
52
344
26
358
856
911
13
179
220
882
506
887
975
907
5
657
470
150
707
612
774
407
631
609
24
895
934
282
337
769
392
798
159
527
276
821
792
113
553
8
902
587
94
803
545
854
955
55
214
548
294
946
929
215
901
94
746
678
73
17
394
109
627
451
758
327
802
100
904
329
373
617
660
959
963
288
479
645
488
701
620
878
563
285
112
978
214
839
669
971
764
280
520
178
625
855
93
448
733
9
271
948
698
211
579
146
539
67
155
106
168
785
245
473
696
734
70
719
895
678
220
648
455
60
701
934
18
362
403
409
515
954
394
430
169
288
23
162
166
438
957
354
862
579
686
501
214
863
255
514
433
887
193
673
513
104
542
129
480
771
26
736
589
905
9
393
585
618
257
108
953
608
153
516
888
16
603
968
556
402
17
739
523
337
662
357
983
514
702
940
410
772
421
318
942
724
204
523
567
66
42
647
434
126
216
435
442
714
389
326
749
682
502
267
831
937
592
847
842
570
715
520
171
506
660
727
373
86
829
149
21
691
863
302
962
766
938
209
916
166
700
260
808
186
939
770
307
73
686
523
674
18
98
174
245
418
122
955
292
938
806
63
