0008
838
262
462
889
770
879
834
244
854
304
1000
412
645
783
184
623
496
341
202
662
580
477
966
607
499
278
431
683
214
339
66
810
822
669
547
426
364
300
488
950
27
858
807
765
865
551
926
265
405
184
377
667
779
21
975
651
415
822
68
187
663
749
796
522
664
743
270
691
119
857
185
825
911
715
172
753
245
290
552
923
977
564
222
224
550
381
108
92
844
503
587
640
354
784
544
394
561
327
583
382
60
855
55
241
981
176
869
181
174
85
870
462
114
721
212
520
858
486
8
267
213
741
820
490
72
808
612
300
300
284
988
262
452
390
738
184
966
345
828
129
877
444
590
237
229
944
96
672
677
756
9
55
896
88
615
910
70
312
661
104
284
440
30
526
118
450
570
297
92
16
479
228
848
111
267
557
796
135
66
726
532
107
160
396
673
423
985
426
471
211
583
996
868
156
945
931
731
194
440
554
425
955
740
134
728
653
914
372
975
267
492
192
798
480
567
970
857
637
174
836
636
896
704
249
6
4
71
212
794
133
821
585
37
616
59
117
8
37
518
670
948
7
601
286
846
390
516
334
788
373
454
499
159
344
934
398
420
7
798
37
678
209
738
208
867
328
484
282
73
798
550
462
316
753
151
894
851
924
496
888
160
237
319
743
38
407
113
879
672
587
233
92
502
684
628
873
466
454
555
522
383
795
431
501
588
291
735
95
977
576
178
904
101
530
419
822
642
759
900
341
635
375
183
658
979
41
418
378
842
314
357
645
483
170
748
341
884
505
389
678
577
503
890
21
785
890
4
588
983
689
672
304
536
551
990
503
739
471
412
94
236
544
803
195
829
709
396
410
882
19
318
570
658
243
573
574
821
831
710
299
130
808
926
804
267
113
950
268
406
959
225
508
392
553
266
567
270
884
833
142
81
257
160
814
825
511
663
87
643
568
406
348
143
385
213
87
428
910
28
355
713
973
569
380
370
688
338
617
281
191
677
875
666
139
214
758
528
868
295
163
269
734
485
497
570
796
104
125
579
954
394
116
428
692
912
551
756
64
134
733
438
325
18
624
447
935
330
673
988
833
652
350
40
717
138
139
163
872
34
657
293
502
797
595
509
271
291
742
432
166
389
760
640
583
81
572
34
620
