0009
38
758
811
769
994
431
197
240
474
393
201
814
456
606
160
553
586
553
678
8
913
984
120
6
490
430
699
467
636
214
369
754
501
455
607
424
750
707
318
358
703
474
551
509
347
550
659
289
838
314
636
894
376
859
797
825
880
586
505
562
479
786
383
837
432
519
18
948
892
680
282
801
904
410
936
131
430
722
711
63
556
776
182
981
609
571
511
789
893
915
451
528
868
950
465
217
296
335
82
544
733
589
140
113
831
747
807
74
502
542
48
183
756
362
520
514
793
866
811
755
810
574
29
951
593
487
824
618
973
804
852
242
89
366
657
672
656
62
469
118
107
423
513
227
209
498
961
414
572
880
343
584
797
168
448
722
927
268
222
644
355
519
507
322
47
695
411
579
71
705
18
799
231
6
776
332
658
120
560
933
414
703
87
929
406
240
657
704
558
652
966
446
513
924
838
996
545
79
738
745
191
102
970
911
846
139
582
322
527
554
229
591
512
28
364
515
272
260
525
904
683
622
731
912
178
319
387
938
724
1000
574
286
641
179
891
960
801
757
53
924
943
71
900
819
910
882
526
977
473
936
560
784
832
193
297
950
442
707
383
559
62
106
451
861
506
261
793
347
288
114
495
594
404
634
169
567
563
729
65
68
110
985
358
570
119
148
610
215
777
527
205
641
140
914
971
971
533
243
926
879
843
115
361
808
505
775
752
244
117
522
271
538
144
910
942
733
275
163
972
395
528
447
736
650
791
535
351
202
763
638
728
510
185
641
517
58
732
134
68
820
306
145
584
417
157
385
890
553
557
934
515
954
93
636
451
902
26
698
413
659
642
66
592
986
731
791
969
239
86
742
840
525
559
586
217
579
524
662
568
808
330
342
78
576
576
374
709
295
664
674
163
380
997
292
979
276
242
421
302
452
998
725
263
975
584
174
172
457
742
712
136
680
720
409
930
780
996
270
419
430
126
335
699
973
999
124
83
685
73
825
859
863
130
81
989
367
248
887
205
891
780
