0010
898
332
858
205
809
200
15
637
396
736
791
979
847
727
732
634
780
219
327
653
795
887
137
143
680
559
44
153
859
55
784
972
24
760
221
414
702
642
36
695
304
965
462
778
883
890
674
178
403
251
708
734
752
783
146
427
143
705
60
589
498
933
94
975
871
212
105
557
129
348
535
27
754
49
576
204
876
266
509
61
871
287
983
286
160
144
94
574
422
189
427
637
513
649
728
776
191
380
550
384
950
420
421
106
343
943
813
577
540
99
491
400
630
676
621
594
512
730
958
230
84
903
184
633
457
734
428
391
757
365
56
890
741
897
890
917
822
486
934
532
539
616
767
56
134
938
123
502
818
10
475
840
530
941
265
737
576
865
118
806
759
14
859
491
116
984
831
971
149
861
526
940
398
302
677
738
836
994
