0011
914
24
399
831
256
709
25
331
830
202
589
143
349
405
53
752
404
222
379
255
384
823
309
289
693
583
468
851
82
925
70
290
776
50
5
584
503
620
893
833
330
367
439
551
365
125
557
453
340
742
804
330
99
663
573
792
514
156
734
947
379
124
302
616
366
214
184
988
905
827
129
740
447
903
878
337
538
698
530
619
302
499
652
62
876
863
252
689
128
411
559
960
682
42
143
662
813
712
477
712
982
330
643
342
81
281
100
177
175
70
665
176
863
548
772
595
784
945
125
8
213
132
208
865
87
379
26
297
458
328
953
889
416
53
350
598
627
969
218
793
985
190
718
314
334
46
347
211
862
959
3
665
46
252
490
66
59
93
787
249
583
315
688
113
560
60
593
251
180
153
942
80
466
971
878
370
245
191
109
236
206
187
270
402
605
295
130
628
321
13
136
102
671
9
534
552
840
643
246
259
638
692
96
622
497
474
355
107
249
460
196
338
779
32
801
991
147
683
629
280
928
466
314
359
214
602
706
643
14
710
400
589
376
751
949
994
973
684
11
822
825
354
745
179
740
436
479
812
884
711
16
862
924
40
994
194
335
759
34
249
705
447
734
735
990
411
133
223
899
337
547
192
459
784
298
46
251
552
918
569
57
957
104
156
83
215
373
64
641
250
907
647
286
950
817
375
488
278
985
449
603
962
931
321
589
345
561
956
964
759
479
243
241
579
442
147
351
379
914
792
834
356
890
626
450
180
474
625
916
968
778
703
271
801
91
312
713
68
242
348
134
976
132
633
131
602
807
222
210
64
985
543
837
