0012
54
686
564
507
90
574
120
156
996
873
708
439
706
304
831
271
796
562
915
845
448
887
424
679
649
402
30
505
808
697
41
794
702
389
979
537
809
135
905
523
790
698
190
250
765
258
144
532
802
474
281
272
743
170
445
224
225
450
139
508
136
957
800
955
611
406
479
514
951
255
801
307
737
329
129
971
962
126
706
693
526
33
31
779
717
878
684
868
378
143
478
231
138
743
951
29
424
138
842
760
199
571
698
817
229
541
865
739
104
10
921
353
897
202
451
911
10
744
168
359
881
266
741
860
928
559
815
298
293
386
512
233
783
787
385
398
284
934
873
