0013
739
758
510
757
199
102
216
837
611
891
844
263
447
574
174
991
154
316
315
624
900
357
857
701
281
144
839
244
532
83
361
109
614
560
134
947
632
846
962
156
421
149
516
473
24
640
536
91
653
991
48
328
762
281
443
423
667
587
10
584
904
172
676
591
979
320
719
755
55
133
987
640
825
816
389
191
167
530
449
729
804
305
617
455
966
363
87
373
439
697
698
135
416
251
969
990
96
618
527
533
166
465
402
256
983
840
480
211
772
110
183
109
369
836
945
397
741
118
281
931
967
386
929
330
792
347
763
820
915
345
802
915
974
707
762
234
583
994
980
669
830
818
506
367
980
710
683
328
506
338
8
857
244
79
619
686
687
435
715
669
139
253
479
25
22
222
913
49
248
613
715
747
351
100
453
34
298
663
946
403
496
841
456
614
623
461
995
983
553
885
58
276
983
53
703
79
564
725
879
20
797
245
835
313
