0014
597
182
306
247
21
894
640
635
344
850
455
35
889
574
487
322
80
81
205
355
84
315
206
822
807
214
808
904
436
839
617
692
173
847
393
570
779
387
686
6
288
181
608
622
524
695
603
480
832
915
94
43
766
727
959
188
497
472
633
330
566
913
929
154
870
130
878
877
3
804
829
202
619
657
981
829
762
508
723
850
851
925
149
405
189
433
329
855
934
881
141
318
672
658
304
395
959
308
421
904
123
734
82
202
775
249
443
372
499
519
36
974
320
725
409
956
441
360
143
430
662
196
239
450
830
806
179
549
748
688
553
962
865
27
233
169
279
135
728
299
881
