0015
972
684
403
644
658
336
128
494
316
56
172
489
137
775
238
638
235
811
672
342
726
624
44
445
250
281
117
583
300
649
71
661
650
680
161
948
230
938
220
7
636
386
408
109
54
803
520
756
619
975
742
993
917
803
503
321
894
969
484
995
253
84
856
801
966
979
992
737
151
365
145
343
626
64
678
774
822
321
775
881
980
662
285
124
652
505
517
503
135
291
340
428
794
85
205
264
448
467
44
487
359
647
82
311
352
465
451
953
935
204
222
277
917
488
796
936
239
893
763
887
462
346
367
282
815
90
713
63
810
295
3
925
765
360
886
90
182
237
126
799
134
932
579
88
702
81
582
637
407
874
139
139
167
828
764
217
506
555
209
473
726
26
379
896
933
679
718
867
414
422
300
476
599
80
662
715
891
529
39
547
846
980
156
758
516
824
67
171
725
625
747
888
729
891
903
58
788
666
157
509
629
391
987
176
