0016
266
921
618
276
655
732
426
852
736
944
279
225
373
412
917
700
905
146
344
854
192
715
760
338
959
246
657
258
464
850
271
526
767
825
762
646
296
365
731
652
959
553
862
167
856
258
633
444
459
887
52
5
933
463
432
39
851
729
216
412
455
359
671
307
538
759
361
953
336
272
331
753
454
943
347
557
589
749
40
92
118
879
470
634
572
344
314
790
701
357
421
986
843
802
662
715
949
6
886
69
750
759
933
571
483
83
61
163
428
94
868
794
876
406
119
961
948
423
493
268
677
868
167
405
388
768
524
204
991
850
8
936
872
969
703
486
992
473
463
402
755
451
244
565
946
807
840
341
921
982
685
931
449
154
961
663
732
942
122
818
841
141
529
343
285
296
227
528
80
383
519
208
825
220
797
785
916
421
480
104
280
780
408
782
479
765
454
433
553
975
864
942
5
773
375
434
94
733
637
719
224
898
612
830
669
208
261
354
662
979
569
368
308
627
386
679
496
974
471
535
603
624
784
308
921
811
334
901
461
210
699
253
373
768
405
431
864
644
180
227
956
467
217
591
127
962
643
191
231
510
71
46
938
435
818
559
642
52
841
718
591
661
525
166
575
75
445
122
468
895
833
582
128
869
449
514
217
790
267
220
660
396
437
348
722
743
114
379
524
752
543
42
576
483
103
416
840
535
877
950
271
947
441
870
116
426
817
992
477
117
521
867
990
69
337
661
439
819
554
439
55
887
127
317
596
797
138
823
983
604
255
803
856
408
335
653
53
628
99
820
788
572
821
361
141
983
182
167
316
87
427
287
597
703
686
831
460
192
84
17
916
432
416
252
579
481
627
22
727
224
174
466
