0017
680
433
319
741
277
352
348
154
400
328
600
31
183
212
781
929
222
39
553
456
44
154
993
1000
540
604
329
180
856
251
928
557
516
903
641
36
551
188
208
911
644
79
324
816
970
150
439
114
325
222
141
25
826
616
716
36
164
337
778
676
99
173
452
434
839
388
766
875
412
285
477
873
729
910
734
329
112
704
107
435
357
917
517
513
880
84
87
567
38
487
437
887
884
325
15
668
632
19
301
594
742
546
228
402
902
893
78
788
833
450
180
184
593
933
471
206
223
939
775
598
234
222
205
877
222
21
281
206
800
897
218
469
443
764
147
601
321
274
145
714
278
17
812
841
968
830
297
762
51
500
532
652
954
879
31
434
987
606
500
700
507
120
149
186
979
583
840
519
998
360
376
703
369
718
390
331
363
659
20
591
888
57
387
459
185
802
976
520
142
545
819
600
849
400
794
148
786
322
470
845
250
242
890
437
736
787
649
192
287
90
806
738
932
41
148
80
876
683
279
864
180
232
50
787
783
139
606
521
667
188
352
559
465
591
396
284
7
891
87
353
99
871
83
228
782
368
736
483
783
515
726
890
137
634
377
332
222
351
112
814
250
116
774
411
62
868
360
599
152
374
905
466
218
694
428
915
423
236
282
679
839
687
481
815
50
335
558
651
589
293
247
638
290
362
220
967
574
531
461
681
941
795
71
28
547
764
568
345
529
718
230
92
908
457
339
457
37
515
755
515
930
138
658
261
490
408
2
646
637
826
601
895
255
585
548
600
296
998
498
397
623
272
214
923
302
542
