0018
438
391
735
409
106
918
845
70
889
861
989
759
494
652
106
188
713
516
2
900
296
370
842
686
164
930
554
603
252
352
253
583
843
152
551
109
529
320
173
381
785
693
500
213
565
49
194
282
613
221
361
136
742
160
878
882
247
558
441
393
376
162
447
241
34
534
955
624
508
438
852
497
95
437
335
84
926
108
71
649
86
641
503
395
519
844
27
364
871
102
313
972
570
284
890
718
704
322
733
596
721
343
482
229
565
309
356
582
487
943
963
193
381
952
309
939
757
49
975
124
345
658
859
60
197
972
902
527
162
659
638
25
63
298
200
545
961
755
987
771
844
190
918
393
425
746
853
984
383
811
482
329
372
585
428
68
373
106
315
252
163
384
427
711
480
728
996
503
204
666
447
797
882
455
694
452
107
377
150
922
534
472
158
795
739
573
723
29
861
405
910
775
354
401
597
5
153
295
816
676
547
274
554
451
195
92
222
638
835
326
856
316
761
252
320
640
380
803
687
234
406
818
879
59
442
185
766
431
451
638
627
938
105
507
628
998
736
31
641
119
192
656
676
966
60
598
89
852
314
825
239
575
868
715
862
670
173
249
340
743
654
321
833
135
805
413
446
164
450
528
503
946
710
819
970
104
604
642
25
521
831
459
236
413
832
47
314
124
413
487
121
588
967
407
452
906
508
68
895
982
588
693
679
871
54
619
238
762
805
912
173
860
620
465
605
577
225
74
957
482
535
872
731
442
48
569
535
801
192
161
286
142
34
239
738
322
367
753
313
984
24
163
450
299
181
834
410
414
517
350
746
560
697
355
743
865
795
703
253
515
682
557
564
888
932
61
541
966
685
735
78
128
972
796
670
892
307
717
151
617
882
816
729
606
809
407
769
410
595
566
432
148
392
951
984
700
762
708
440
170
903
464
272
843
476
688
234
329
711
640
113
720
816
983
880
998
77
921
655
820
222
172
771
510
456
641
38
437
914
140
203
77
