0019
940
513
625
21
802
415
520
751
81
287
624
249
945
316
127
650
854
912
41
246
628
56
433
193
563
362
14
2
972
937
547
52
336
159
737
240
558
558
48
371
75
842
748
85
831
716
284
321
159
667
123
563
174
321
95
926
744
455
141
154
928
973
544
927
417
978
560
142
617
402
572
936
495
84
271
785
516
618
648
628
713
247
708
910
341
829
772
677
252
144
285
696
962
740
510
935
449
250
284
992
483
960
576
481
442
182
277
73
315
471
226
636
483
312
246
466
865
999
218
548
187
395
329
73
615
406
175
410
604
598
623
487
684
500
473
897
121
762
193
17
442
543
622
547
584
918
791
871
695
787
484
391
450
99
782
34
276
249
381
383
10
116
122
662
93
72
814
411
384
236
557
136
735
566
384
64
837
182
473
94
464
711
581
477
76
391
514
117
