0020
347
974
423
938
217
904
858
721
80
364
4
705
412
387
953
421
45
570
635
835
66
66
745
475
824
425
211
377
34
122
303
855
714
637
765
81
536
963
257
461
518
420
313
343
81
510
844
937
662
277
393
483
430
26
480
304
832
864
74
580
942
809
331
996
694
89
873
560
217
786
501
822
781
342
391
274
192
12
470
417
408
535
211
304
453
818
908
531
316
563
608
444
547
918
21
975
892
485
896
740
597
565
246
288
42
708
502
906
540
954
757
534
795
192
279
465
74
344
281
599
76
141
163
35
388
143
733
835
566
155
611
985
147
405
192
880
103
546
840
735
370
514
95
796
350
826
813
767
381
775
959
491
990
661
275
366
238
826
220
341
333
227
104
186
53
928
359
551
2
371
190
262
536
353
260
662
323
564
808
751
143
624
566
230
499
656
768
663
304
843
952
796
288
580
415
834
964
755
325
364
614
52
580
802
624
785
911
132
750
630
848
738
326
78
650
351
118
390
904
900
736
886
850
493
866
865
957
584
884
355
494
213
335
489
45
728
17
396
145
374
582
95
549
993
130
920
22
438
508
146
467
979
119
817
752
416
331
887
524
676
368
394
425
778
36
649
782
502
491
546
420
860
768
794
677
692
1000
333
977
526
763
996
875
688
240
770
919
658
30
840
329
473
961
98
697
385
321
870
375
520
193
148
77
307
431
931
957
957
441
776
684
793
691
613
445
209
769
783
137
941
688
290
728
588
195
787
394
691
489
301
896
23
323
15
55
164
844
791
648
114
431
359
16
988
687
745
590
525
150
572
630
468
209
390
878
954
794
366
599
186
158
541
67
724
376
725
742
739
115
751
785
271
449
192
642
