0021
958
728
738
642
54
460
877
995
446
271
736
201
70
256
279
121
23
512
346
680
105
178
827
438
15
143
508
118
717
37
994
130
100
186
8
403
69
895
90
189
150
801
591
507
92
395
712
793
143
735
767
128
749
240
468
89
261
518
24
571
855
195
965
138
421
825
477
914
886
456
356
373
534
750
305
596
381
861
557
945
350
695
602
116
899
27
435
455
42
500
544
478
608
664
470
831
782
214
75
292
838
135
401
384
794
287
3
984
19
42
387
391
317
429
943
684
663
803
709
531
979
774
52
135
753
991
875
959
849
361
789
228
602
801
663
350
202
573
344
333
220
527
963
126
325
256
400
252
273
240
864
274
141
86
555
255
343
531
866
620
703
84
196
476
280
364
