0022
103
636
6
869
738
622
447
899
40
875
992
640
465
50
630
210
264
713
824
596
808
747
383
904
646
366
105
591
347
115
784
542
956
411
614
331
578
733
464
641
389
252
463
892
329
137
643
852
972
224
70
956
29
995
130
740
726
8
435
760
812
408
82
679
436
474
699
46
382
598
6
705
233
412
590
421
215
525
746
634
361
177
601
639
851
929
761
654
721
69
202
950
313
624
791
132
221
919
411
240
197
711
883
957
863
579
189
752
943
288
333
651
550
391
808
297
238
53
382
81
771
424
916
160
318
686
762
209
821
581
20
61
797
999
481
366
255
889
168
102
605
202
566
48
517
128
76
720
103
589
910
519
471
601
723
508
647
859
178
732
211
846
457
69
22
132
845
831
393
659
805
776
115
652
248
133
902
774
414
608
237
926
652
517
756
513
839
740
131
203
500
944
497
39
706
76
457
654
915
416
170
282
676
926
249
47
550
744
100
600
532
418
579
618
920
252
133
888
474
153
392
651
282
293
654
288
79
540
786
681
684
583
569
97
77
150
733
907
271
104
851
140
680
367
309
941
16
885
963
5
489
287
