0023
809
445
784
276
69
865
927
25
989
91
937
54
572
799
401
852
316
976
189
365
976
450
59
646
47
313
157
995
186
918
683
431
725
987
170
633
279
964
316
713
876
720
746
697
300
935
468
905
65
538
306
313
687
707
226
834
346
436
277
772
493
944
992
256
561
712
948
720
440
799
489
109
649
156
958
988
942
400
46
861
269
888
253
970
368
299
958
487
263
334
436
142
197
242
824
179
570
242
747
442
684
250
500
573
526
351
252
499
316
661
976
572
109
599
291
912
126
567
862
733
331
145
969
918
374
380
769
151
755
474
528
89
560
832
536
973
79
200
821
109
226
