0024
441
351
737
303
394
794
215
176
119
807
953
109
366
177
615
73
444
242
187
963
902
394
656
666
92
434
339
536
386
900
834
462
215
766
65
986
834
399
33
74
953
65
281
543
650
380
807
362
697
324
498
173
562
307
795
690
398
72
72
746
462
364
99
107
769
405
634
927
44
786
801
358
477
874
495
288
489
905
982
792
146
422
385
440
237
26
291
582
577
428
232
85
481
628
432
583
902
285
537
86
624
111
156
695
281
71
726
142
753
67
475
599
49
712
653
142
784
189
157
74
43
880
832
172
81
448
592
338
840
231
834
564
693
736
270
534
385
872
430
864
305
16
101
620
22
297
254
604
819
139
708
614
975
94
306
902
408
341
587
835
377
110
792
179
88
915
643
257
435
268
358
69
648
849
884
283
739
494
400
37
719
902
638
801
262
95
263
903
389
886
740
292
961
499
369
167
889
942
709
570
124
811
658
46
997
37
815
877
480
431
483
859
34
669
418
844
627
112
879
776
586
963
82
583
651
407
391
288
891
407
222
505
142
1
204
620
874
632
538
311
596
189
449
324
963
755
473
128
731
917
348
629
35
784
20
170
447
386
196
176
188
456
291
80
415
445
127
763
197
343
115
374
298
870
932
458
507
278
102
975
449
163
716
224
952
3
295
975
429
887
215
968
871
765
650
814
138
408
99
514
23
520
699
556
809
52
897
80
118
371
531
173
849
428
553
554
781
407
710
542
359
819
142
132
374
348
122
165
918
968
308
401
790
829
883
877
772
938
844
163
403
967
3
572
738
40
854
344
807
393
425
887
173
206
322
81
177
874
7
248
33
216
562
459
261
966
946
740
920
235
5
253
850
593
36
456
897
448
338
878
23
170
251
646
164
842
663
169
604
624
527
741
247
538
418
24
328
223
564
671
713
526
64
231
310
519
