0025
765
69
164
134
551
21
97
109
651
104
846
881
498
602
867
545
480
269
430
335
320
45
384
78
206
589
803
628
330
652
831
133
360
363
205
878
992
309
187
878
752
629
866
799
574
831
810
674
595
469
789
786
746
825
719
951
586
599
62
839
839
288
132
767
632
566
188
336
629
696
62
973
253
573
689
696
817
38
999
803
192
955
989
594
189
652
290
454
272
171
359
875
206
218
33
310
558
416
860
243
1000
372
616
111
414
288
210
106
694
417
629
497
243
284
523
734
988
191
40
346
726
431
725
806
262
777
830
166
462
356
509
724
757
333
421
524
878
983
688
3
800
453
680
907
787
758
767
675
805
280
976
476
67
111
499
761
608
808
395
695
653
376
685
744
602
921
111
448
693
763
686
826
449
915
38
51
662
388
350
25
834
355
388
96
634
195
213
923
894
26
479
851
135
64
477
511
325
171
809
339
84
660
106
778
681
212
471
494
674
244
919
4
841
130
191
648
48
127
870
223
955
701
450
697
706
239
278
238
235
1000
98
215
835
448
676
343
486
971
371
228
929
42
471
638
636
202
158
293
913
764
531
676
737
964
521
588
929
629
346
272
410
821
49
178
966
55
948
928
46
719
634
200
771
594
105
907
748
66
355
109
729
346
83
844
791
264
126
197
554
535
183
996
198
328
417
339
775
2
539
60
854
900
389
272
25
965
754
317
586
120
152
118
964
195
91
500
758
826
660
701
6
749
245
543
75
867
397
938
951
929
863
464
35
832
641
68
664
425
808
798
647
466
979
101
562
691
486
446
707
781
69
751
893
904
381
945
548
583
307
702
882
47
350
776
315
860
78
623
728
57
604
765
41
98
351
453
604
405
281
289
152
52
21
641
595
993
450
315
213
615
290
600
572
627
493
262
181
468
112
5
229
609
396
301
815
987
206
100
682
821
40
891
577
177
641
212
953
997
369
579
1000
925
342
622
236
346
48
398
794
744
374
912
974
687
12
325
61
413
