0026
574
442
209
864
845
928
670
820
543
353
453
443
273
752
559
57
972
896
432
201
902
896
131
950
419
814
593
998
196
956
787
708
820
31
542
871
541
30
207
642
798
896
498
947
432
153
581
415
427
2
128
749
378
301
362
594
7
220
957
875
711
636
303
663
370
601
983
77
410
235
481
717
280
317
486
982
722
347
937
58
544
977
228
446
534
43
108
738
876
59
233
90
469
426
680
303
904
976
128
737
476
763
20
772
977
109
779
386
401
261
866
78
539
918
512
445
169
996
635
327
405
832
983
513
461
512
992
119
235
374
276
130
228
29
179
376
408
78
236
168
573
577
152
492
87
306
915
127
135
541
609
44
592
501
181
249
