0027
203
449
14
797
659
661
229
920
477
335
796
878
135
995
94
265
252
165
230
356
671
526
328
811
760
391
870
555
794
777
417
660
938
400
974
143
913
867
213
937
473
51
132
775
217
778
673
243
404
317
264
672
93
332
72
899
507
636
869
393
667
450
357
104
530
150
273
976
519
4
567
826
429
840
262
265
547
698
175
528
189
400
44
370
716
64
370
719
396
906
346
951
451
800
1
235
164
129
676
675
268
970
980
615
448
448
753
780
594
134
350
734
706
222
261
525
59
671
954
492
584
450
88
563
552
259
685
696
249
319
323
509
625
403
258
587
62
836
495
304
959
949
300
773
623
671
9
489
271
543
83
407
444
343
572
37
151
722
617
78
631
42
29
480
296
803
189
717
879
818
582
410
714
949
44
465
405
259
117
354
674
899
370
739
450
553
895
345
926
438
189
530
348
649
110
288
40
323
734
546
337
458
165
663
908
378
440
997
726
305
83
561
112
532
43
399
219
355
521
426
75
577
739
85
115
70
272
978
223
936
932
240
361
754
508
408
209
4
899
697
629
792
974
303
75
517
63
707
453
888
129
949
245
794
476
441
394
272
20
635
828
720
382
703
740
341
967
525
107
239
347
61
652
242
178
464
779
41
219
86
462
36
274
789
778
655
214
736
133
523
456
23
724
423
194
710
539
205
579
750
26
643
139
53
414
244
457
96
784
104
751
986
185
644
291
152
657
611
934
289
977
768
346
776
912
391
714
753
48
470
517
396
176
838
774
99
678
783
509
987
976
133
238
652
646
3
420
477
133
652
377
732
799
576
452
887
389
746
834
694
562
743
219
391
166
257
412
108
498
569
786
755
759
425
942
110
63
431
104
214
383
800
6
218
650
88
495
791
269
97
84
420
775
673
669
345
809
44
142
402
508
899
3
551
600
530
356
948
953
72
850
278
507
425
763
786
746
411
100
490
