0028
3
211
26
228
448
945
644
511
268
348
877
742
110
947
245
820
591
227
852
424
363
261
491
164
252
758
318
798
232
901
895
192
446
249
996
26
765
199
203
831
238
614
180
550
99
871
584
259
238
322
650
837
948
992
863
141
101
34
85
917
632
637
740
585
668
920
723
997
787
651
798
951
267
958
360
959
838
730
239
729
694
662
856
437
101
544
330
426
360
348
605
753
991
736
235
47
148
220
105
384
832
250
113
932
676
341
743
391
231
316
227
198
794
894
601
429
589
724
692
162
309
200
111
875
619
555
215
992
121
935
664
361
535
170
822
787
787
523
35
377
93
193
155
514
976
244
325
917
481
468
454
52
754
317
812
259
715
463
569
312
856
681
911
154
63
556
460
956
483
445
199
994
565
235
950
794
207
103
6
336
4
191
271
552
164
42
704
598
71
133
971
571
712
244
389
287
560
430
343
169
582
163
693
648
585
165
293
896
974
600
148
632
701
199
406
266
73
64
789
436
310
601
288
550
404
532
540
714
442
673
462
939
852
410
200
85
898
726
832
780
818
200
20
606
485
115
76
826
167
251
537
685
982
475
88
614
396
630
176
110
945
289
662
949
196
118
717
796
478
479
297
32
955
839
650
9
101
772
201
692
951
125
225
765
529
349
145
44
830
103
246
935
187
724
7
309
396
781
315
689
839
645
726
630
866
386
25
543
443
513
328
20
980
508
179
787
700
392
643
370
472
961
557
6
163
401
416
926
65
589
848
748
340
260
487
893
310
662
726
865
695
492
488
847
141
222
235
71
833
739
852
465
137
132
539
935
224
8
564
649
604
959
813
582
638
292
340
376
445
173
938
827
612
723
76
412
209
66
347
156
531
848
314
922
901
525
601
164
650
134
994
720
238
595
457
744
723
151
726
154
343
355
578
981
158
809
675
619
34
644
918
685
778
682
54
787
5
699
143
699
46
328
887
490
355
367
772
167
489
399
707
713
494
183
120
180
547
728
839
21
942
445
122
516
451
832
963
26
924
323
299
703
598
841
533
699
550
24
714
206
550
584
