0029
752
306
932
710
322
799
673
582
708
472
222
886
515
125
678
28
686
842
949
48
566
322
787
66
267
274
521
519
211
432
491
683
292
721
36
737
385
703
104
248
436
331
554
805
259
480
801
660
167
799
394
407
510
342
907
269
256
389
397
971
493
613
554
503
747
91
499
520
924
644
958
249
890
670
365
143
859
619
143
13
740
763
975
94
729
941
547
987
203
177
86
309
407
467
843
509
833
254
311
765
726
465
528
556
675
449
713
120
529
926
821
783
243
133
413
778
378
612
463
35
902
700
651
781
286
236
706
703
525
522
752
689
662
258
615
81
875
8
309
810
502
895
681
