0030
445
571
732
360
453
146
355
770
944
994
175
555
369
634
422
468
397
837
23
246
245
735
711
505
948
364
192
865
561
859
747
720
519
820
53
816
97
977
892
815
14
38
924
260
515
91
1000
442
438
826
119
615
698
44
759
394
106
667
146
44
156
521
393
832
173
42
165
728
496
660
860
930
634
362
507
631
899
340
182
983
766
514
907
207
479
526
127
179
15
363
54
903
441
245
36
889
981
993
109
965
43
987
956
626
72
142
743
51
839
957
420
512
835
851
925
691
628
48
182
713
249
711
63
462
845
952
515
593
144
939
866
272
693
911
210
209
591
368
53
655
234
118
195
149
87
606
743
987
11
852
997
416
589
753
45
404
253
394
493
795
534
22
1000
845
825
182
606
318
935
370
67
10
566
328
665
351
919
196
483
700
588
312
570
983
513
813
215
286
326
982
861
371
522
747
681
137
134
486
534
787
432
694
471
553
393
496
277
43
318
599
430
742
410
250
166
129
517
212
727
574
975
488
981
516
157
698
75
462
930
263
918
170
132
350
973
224
942
33
809
732
397
116
536
581
754
867
76
17
217
849
702
858
3
