0031
871
665
314
396
573
674
64
910
480
672
332
157
473
168
807
696
531
160
41
703
677
249
261
899
850
17
659
127
920
733
515
703
970
334
724
670
473
609
845
823
756
158
155
105
118
150
186
699
62
558
80
884
293
113
557
871
920
79
386
460
551
471
501
264
24
853
192
848
555
868
412
853
650
676
320
640
316
972
931
198
854
92
660
173
358
890
808
921
418
983
125
40
868
189
673
675
789
824
889
957
696
213
852
840
426
965
298
349
757
426
108
129
541
782
583
680
499
64
734
544
904
183
5
706
274
671
273
466
855
470
300
422
592
361
516
247
464
83
347
112
762
92
48
320
862
271
882
914
741
945
96
356
906
