0032
785
57
244
37
654
151
959
751
178
182
275
234
830
970
626
316
874
664
227
481
464
572
819
795
337
733
985
202
334
993
234
408
999
458
865
798
314
811
166
329
351
821
23
99
641
389
838
710
958
443
945
124
813
273
432
466
757
323
670
220
184
629
49
646
347
15
965
970
354
211
1
402
352
358
991
129
344
650
700
966
152
587
610
43
256
119
120
937
594
907
228
750
368
817
652
671
684
553
887
588
257
529
444
393
973
779
270
488
394
387
100
562
986
796
771
968
803
214
451
540
622
936
128
429
2
594
956
418
344
26
483
