0033
199
869
938
1000
597
871
256
916
399
684
377
781
524
345
949
53
586
233
144
257
261
564
289
102
111
578
374
251
678
589
268
489
145
64
686
803
147
11
621
573
957
953
874
656
249
60
309
231
443
123
625
966
786
654
135
380
768
691
777
623
105
506
119
42
11
870
582
198
577
316
991
402
405
968
131
278
937
715
519
79
766
300
567
163
785
855
599
670
653
862
469
624
158
392
996
176
733
502
297
206
839
360
947
697
945
677
250
34
351
568
596
930
902
123
818
699
519
624
523
657
653
347
95
855
191
975
683
54
937
949
300
573
327
555
309
653
969
742
79
680
578
854
818
676
680
777
897
16
7
438
552
450
338
406
407
536
549
898
351
151
999
498
798
980
217
372
188
488
198
674
509
76
839
308
969
265
446
479
516
404
392
307
214
593
533
737
428
278
543
19
55
21
624
