0034
846
413
750
174
741
872
901
297
213
890
675
478
759
518
689
540
64
53
921
497
906
415
486
213
266
343
549
874
754
860
548
919
623
840
697
638
849
927
274
268
323
871
881
580
664
973
269
501
595
785
230
248
872
30
854
909
112
504
163
599
202
402
704
618
387
626
332
879
320
723
160
234
188
154
110
815
598
208
705
868
312
649
192
185
662
412
397
760
107
340
426
626
854
416
10
758
828
854
209
928
421
891
572
834
831
240
963
965
645
603
15
458
94
519
360
23
163
532
28
58
304
338
856
829
561
2
732
380
192
452
472
220
312
264
17
37
206
386
281
907
286
293
609
110
732
215
847
771
274
337
36
255
524
232
768
559
350
797
438
29
557
941
625
850
926
748
318
337
727
418
313
587
938
186
436
441
161
503
999
135
997
109
2
425
107
77
960
646
638
891
178
651
286
622
983
684
448
218
