0035
844
472
92
636
480
627
274
637
904
627
57
459
594
319
543
540
140
712
9
550
344
845
252
980
691
316
292
998
897
513
266
788
631
204
82
539
977
315
768
315
545
229
947
459
983
315
756
121
277
333
736
259
220
807
499
515
135
819
290
209
425
762
183
543
511
81
52
418
210
306
832
547
3
783
911
864
106
170
604
608
531
22
127
499
976
849
448
695
132
799
797
581
71
330
739
896
271
6
627
80
564
582
287
767
708
308
187
65
4
959
564
890
964
80
86
287
550
324
787
222
62
475
965
497
233
168
325
204
752
757
458
495
859
549
245
842
334
208
49
133
735
110
348
896
972
756
861
307
858
855
837
297
605
896
814
470
44
969
929
842
82
793
5
733
386
845
633
396
943
224
40
353
188
946
211
273
881
620
431
517
839
956
22
939
900
135
786
430
445
342
779
963
978
647
46
286
136
749
255
363
972
378
844
982
994
24
27
735
464
868
304
887
674
622
842
269
206
376
525
884
52
943
328
625
992
835
16
395
631
335
365
268
564
757
957
753
815
793
396
101
900
818
840
317
234
478
684
259
968
248
161
293
730
484
553
326
380
46
801
699
213
574
790
673
612
627
939
139
244
