0036
588
809
544
160
954
731
583
946
270
401
546
600
263
901
342
298
352
952
580
178
523
955
24
590
574
361
363
372
905
508
941
392
542
236
420
171
795
642
381
650
58
861
523
34
105
728
61
305
495
451
689
80
354
822
774
686
181
14
140
599
408
732
104
242
139
374
131
531
925
326
453
272
502
10
910
634
61
745
785
21
492
702
212
270
746
104
280
800
10
965
545
319
434
249
444
516
58
972
405
433
502
368
719
274
672
912
545
287
547
575
779
936
633
905
901
451
680
818
804
331
963
929
933
990
175
351
705
385
660
246
257
635
711
806
896
763
501
99
162
371
314
998
649
521
344
39
253
320
474
787
379
602
167
748
135
604
63
27
334
892
807
653
597
476
632
87
83
436
167
503
532
403
350
222
782
244
289
154
513
420
275
960
449
794
396
412
628
717
590
232
291
682
121
372
136
86
726
22
152
811
362
396
446
191
570
902
623
619
825
649
857
535
472
107
853
163
385
415
351
197
557
273
649
695
131
324
717
887
392
977
380
596
551
604
713
105
777
996
725
222
29
636
600
105
250
689
477
779
65
415
674
932
629
791
25
731
284
152
821
406
422
869
242
581
708
516
780
173
216
791
746
981
720
117
476
366
760
6
594
387
61
58
375
463
459
111
228
641
450
154
962
226
45
807
224
990
58
757
418
658
797
767
841
74
152
712
786
530
115
286
133
944
659
949
762
697
698
160
175
424
917
443
644
328
114
389
282
995
896
186
777
134
778
772
735
871
191
71
945
789
224
433
509
151
683
716
923
796
196
874
374
921
816
880
815
338
399
20
695
717
3
36
800
929
913
436
588
307
22
567
213
341
555
657
940
437
78
722
598
37
644
115
724
717
404
587
806
23
637
606
883
47
11
353
33
515
201
50
286
640
170
556
503
778
398
396
310
583
317
880
229
11
591
