0037
71
158
325
966
24
155
54
113
255
653
192
307
708
776
177
196
219
753
320
178
516
65
235
611
628
482
650
645
34
864
263
969
863
962
537
380
974
270
693
950
811
321
625
813
580
450
807
400
437
268
662
707
733
668
636
625
238
319
338
350
489
854
359
448
205
568
391
248
870
204
893
83
946
194
169
739
458
770
786
135
590
802
922
610
566
602
283
812
444
654
935
366
245
849
526
247
439
637
492
330
104
4
948
958
552
629
350
964
304
40
105
265
115
821
650
900
963
715
260
798
448
457
819
98
782
600
728
255
909
989
617
517
260
875
400
639
568
70
36
21
650
637
993
693
339
796
138
899
385
79
257
851
98
673
431
558
350
245
479
112
12
122
98
948
748
320
240
395
597
534
737
116
807
347
843
371
319
594
722
792
195
480
601
938
878
494
361
507
383
427
560
308
196
184
384
788
216
106
64
637
926
734
859
504
260
250
32
64
323
590
193
768
866
852
974
151
615
309
448
830
526
178
592
345
351
631
787
900
485
576
169
14
613
31
266
777
324
514
895
660
802
707
739
405
400
489
389
232
869
717
781
877
80
685
242
639
75
718
79
463
794
585
471
