0038
111
570
811
262
8
300
461
379
498
154
454
761
761
142
347
790
100
426
785
969
513
676
379
599
696
157
622
104
300
93
772
964
104
793
431
746
583
524
858
457
719
788
207
537
336
154
64
771
267
73
77
562
824
387
676
925
460
854
817
650
645
709
52
692
399
576
855
146
948
744
893
190
378
989
179
294
852
652
235
750
497
578
833
348
802
912
840
117
968
565
919
963
443
897
788
345
730
214
153
949
268
912
925
352
55
675
795
412
773
938
738
199
788
311
889
364
524
895
121
483
8
641
65
648
496
336
781
680
178
621
496
