0039
798
714
467
161
784
941
129
371
543
836
596
29
704
894
72
484
832
140
307
549
68
588
455
934
311
164
764
569
195
577
614
269
550
355
530
174
364
318
173
834
562
474
594
258
867
688
340
826
791
488
559
703
739
794
86
860
651
695
204
711
632
548
638
592
662
275
16
721
67
231
219
918
492
835
719
464
767
431
374
229
166
90
911
878
134
668
575
726
495
397
819
724
268
562
379
669
221
210
197
487
119
376
602
220
217
486
115
733
327
559
118
819
883
212
232
288
406
358
750
894
605
871
492
235
957
520
655
600
295
544
464
195
572
341
318
920
366
219
542
826
796
422
81
523
850
886
535
395
172
101
278
888
650
113
375
934
460
131
426
606
843
943
114
979
160
711
427
294
576
485
259
805
992
292
533
819
295
434
863
842
230
334
965
12
595
834
219
60
838
166
767
697
772
881
571
937
123
934
230
68
332
538
227
215
839
141
782
572
541
675
25
750
108
544
732
630
341
886
419
990
909
294
322
828
187
603
12
962
636
676
969
84
578
875
963
194
600
872
461
514
424
166
661
832
201
661
503
711
860
925
105
136
696
508
293
277
924
334
953
6
651
769
959
79
694
837
994
379
267
516
557
564
398
220
760
340
133
979
625
674
165
584
163
413
168
488
731
280
853
921
919
44
888
610
570
895
387
147
327
355
710
61
544
613
984
578
924
487
669
408
319
762
697
354
661
227
634
770
570
475
812
935
14
936
560
74
713
55
282
982
579
286
377
848
895
435
659
229
691
234
797
