0040
940
382
198
513
279
799
889
855
998
66
717
494
900
321
158
147
773
308
864
5
860
153
155
419
516
309
157
901
639
326
514
166
719
986
492
772
519
18
948
661
902
296
297
980
899
783
740
19
548
816
696
2
535
456
841
740
764
254
655
359
362
410
955
436
931
243
761
433
708
372
793
869
600
407
72
915
314
281
868
237
276
70
681
425
642
902
263
488
183
551
965
304
486
450
69
275
384
744
906
946
37
435
978
943
400
621
851
334
971
982
870
627
328
405
388
467
325
781
429
860
382
52
243
542
304
95
953
716
282
215
974
448
970
741
753
882
664
300
275
832
581
242
97
914
151
800
530
842
938
438
857
644
501
435
213
385
437
966
137
702
155
960
485
607
619
978
307
661
391
653
317
252
939
964
359
776
943
77
637
157
687
334
307
93
583
798
445
807
911
942
828
765
185
753
318
483
781
738
789
104
280
379
745
637
180
573
504
215
495
617
667
366
60
661
745
675
444
817
382
326
387
998
452
214
833
812
352
526
31
98
183
716
510
930
79
670
882
432
97
184
420
224
914
20
187
46
151
176
198
370
346
341
78
498
741
350
85
164
944
536
274
160
45
350
514
522
983
544
336
653
88
214
386
603
11
444
37
424
689
127
117
641
348
350
707
77
957
675
665
426
699
819
146
825
859
646
13
7
218
797
344
390
60
301
722
89
223
656
230
147
469
802
343
302
123
34
352
349
249
443
412
886
648
458
233
232
497
771
682
264
674
647
49
437
758
275
345
219
614
179
508
237
688
115
323
405
857
185
341
696
211
424
493
491
986
28
220
544
824
445
626
692
57
233
168
525
510
35
906
394
