0041
251
935
791
224
954
893
393
28
215
448
700
906
964
557
533
423
777
427
369
391
599
821
354
728
935
376
789
136
880
64
83
904
334
413
721
182
102
229
666
440
483
529
820
418
216
356
749
479
323
769
618
10
325
730
463
166
528
768
209
630
5
422
710
24
209
648
225
229
518
403
945
602
655
762
578
596
541
292
838
176
402
76
661
509
346
336
922
185
813
345
138
342
641
966
204
909
840
168
211
336
119
775
431
720
449
736
865
892
688
624
226
648
321
492
560
347
165
397
890
259
734
568
930
222
333
147
282
275
301
860
664
585
151
228
582
230
81
440
607
360
187
780
339
288
61
191
729
112
614
483
745
735
858
778
555
671
862
54
244
989
801
395
968
368
511
444
884
878
965
70
85
17
516
88
468
96
622
261
781
300
432
970
993
711
102
879
408
14
463
211
182
917
418
258
704
40
550
541
529
149
389
476
454
206
843
808
353
100
219
539
421
928
463
872
507
311
54
967
144
157
418
434
685
567
628
751
540
402
963
733
974
153
948
530
955
19
352
426
323
306
497
835
256
312
20
296
924
285
195
495
19
95
899
586
829
723
209
960
878
957
812
426
261
91
507
402
170
956
194
830
220
200
746
405
968
493
240
555
761
850
606
925
550
736
774
805
280
992
801
200
453
94
643
89
96
367
848
329
970
286
356
69
909
581
946
44
994
970
929
569
673
860
315
678
451
75
487
370
697
169
884
254
665
313
256
47
117
965
832
337
807
65
806
395
566
992
107
262
387
637
997
402
665
446
232
837
208
978
392
326
575
306
409
791
85
147
968
941
416
107
71
599
408
434
262
610
700
326
332
740
467
328
883
459
189
726
156
981
89
289
993
136
285
898
984
686
823
300
920
472
261
413
866
51
744
759
945
37
523
994
619
882
304
765
474
352
151
27
252
421
400
799
774
345
844
223
18
433
994
482
194
282
608
760
134
552
79
545
456
344
522
853
658
446
575
770
172
966
100
18
615
492
418
177
245
352
269
