0042
577
705
711
894
381
194
275
909
368
742
712
10
997
767
373
966
622
110
726
991
277
326
386
146
546
821
369
90
117
640
347
70
362
366
964
691
146
404
485
341
985
822
430
187
550
510
226
181
504
578
606
814
949
60
409
765
422
506
918
518
355
950
122
870
796
570
648
275
649
339
657
525
443
60
755
308
29
9
711
249
996
480
740
976
232
221
627
626
390
35
743
468
597
456
664
77
36
108
95
971
393
739
563
164
749
985
821
533
983
497
305
649
160
105
249
823
56
280
776
210
809
917
345
804
711
611
64
603
416
782
44
665
933
607
401
281
694
489
211
540
921
234
678
418
112
379
48
863
106
524
225
734
741
872
821
203
849
207
751
501
412
625
168
67
425
982
103
53
844
547
689
989
632
611
467
48
241
787
2
25
533
284
448
295
540
924
414
507
83
448
716
875
730
465
83
582
529
344
877
993
570
156
923
785
536
720
566
956
169
107
949
327
723
26
15
292
188
803
537
431
209
222
592
998
662
961
673
574
935
170
809
636
999
706
237
555
15
520
449
546
852
329
646
929
842
422
997
164
25
866
656
629
868
297
517
465
24
291
888
6
296
729
3
870
839
865
593
678
486
164
887
130
379
388
548
411
322
241
265
203
838
874
552
293
315
438
708
343
909
615
673
588
534
28
257
512
134
566
31
26
767
712
761
141
295
124
317
509
447
530
370
275
445
705
353
370
966
34
341
860
69
25
363
991
795
846
474
45
763
682
711
210
326
179
641
397
726
336
908
978
988
169
611
678
66
928
299
462
766
819
939
722
523
3
619
860
484
330
603
679
523
394
831
453
861
606
482
104
237
864
237
964
671
299
562
719
930
445
147
385
262
954
342
336
401
403
54
718
197
497
527
112
128
510
675
79
924
575
906
881
455
416
885
269
8
764
339
594
573
784
319
127
151
869
957
462
859
669
963
973
952
350
173
359
282
923
977
177
799
218
675
937
479
509
24
532
351
569
98
881
823
760
178
24
807
450
710
102
575
858
68
319
478
149
120
565
498
395
884
896
314
459
941
768
587
770
214
341
688
165
352
141
299
486
317
592
929
753
376
503
387
323
519
40
77
557
584
