0043
106
221
441
29
893
665
679
445
126
91
758
264
986
288
769
408
940
419
776
65
506
939
766
749
986
115
190
13
61
332
844
651
174
639
63
624
781
938
267
386
614
67
787
835
719
896
683
631
847
311
946
78
817
704
655
340
553
277
573
759
997
505
644
555
863
244
459
5
711
795
917
622
920
979
272
769
317
951
182
960
469
12
259
693
331
598
577
619
368
632
427
867
241
509
942
945
989
427
538
531
452
770
969
584
773
672
31
359
843
216
715
521
264
397
623
873
201
816
686
587
753
420
361
517
540
360
871
980
869
89
157
863
965
18
563
743
70
692
203
510
783
907
130
663
858
975
536
373
152
590
493
753
913
23
981
403
951
922
386
57
375
876
548
82
897
296
68
945
203
972
83
2
660
308
100
871
914
204
788
668
681
756
515
781
805
269
193
152
539
302
754
651
757
160
268
737
111
370
11
387
31
466
141
1000
804
177
87
162
912
944
521
89
755
819
213
670
575
885
539
99
50
704
752
276
640
481
371
82
335
169
290
37
376
995
301
455
606
349
587
649
430
665
90
828
62
516
948
55
657
346
874
245
363
423
210
969
36
603
168
276
486
453
760
932
27
238
548
855
95
412
891
564
884
674
942
999
405
958
34
11
796
499
110
856
331
982
979
370
917
705
385
879
84
753
508
10
595
206
198
654
189
516
482
405
660
193
212
514
879
458
234
82
692
835
677
879
333
656
209
9
547
51
575
726
123
404
832
163
492
623
627
853
429
559
469
313
219
655
95
281
378
96
388
830
236
589
803
580
624
230
540
666
926
130
126
958
794
612
228
232
401
333
434
640
825
207
145
491
92
236
230
490
462
759
13
921
652
735
59
918
796
688
595
770
638
634
72
425
548
766
933
820
104
245
386
315
313
514
483
937
39
722
910
138
889
315
199
72
375
39
179
385
900
610
388
693
166
27
553
229
920
895
847
729
486
815
280
994
846
621
406
148
430
459
15
926
109
484
665
815
359
604
662
162
339
457
765
276
518
699
716
837
321
578
728
596
415
8
481
474
475
506
353
566
169
609
109
140
446
706
318
505
763
253
17
781
