0044
729
798
34
611
752
320
842
712
460
448
670
701
811
917
859
931
382
521
121
95
637
309
677
3
404
209
339
618
162
781
178
242
568
609
340
897
659
606
911
788
80
24
700
424
1000
208
577
832
312
663
550
109
753
123
547
997
418
722
248
506
414
951
25
907
228
484
728
508
538
437
93
167
788
36
613
24
679
543
990
404
186
10
927
189
997
421
709
640
190
121
143
309
956
238
412
180
61
567
940
230
810
636
708
583
426
803
793
36
413
697
246
892
571
451
613
221
418
975
160
636
172
798
137
211
925
60
50
265
650
522
961
160
211
35
445
911
111
735
665
293
64
585
16
399
896
608
166
288
19
262
247
350
587
384
640
479
773
35
184
87
926
931
853
536
658
889
30
956
240
302
686
655
410
654
607
275
404
611
512
88
660
948
308
210
22
321
23
483
881
532
337
336
475
248
927
565
927
543
618
961
319
777
129
216
267
292
294
341
53
847
161
208
384
493
413
760
494
409
869
108
108
594
201
830
762
48
190
89
833
684
461
411
157
79
739
316
793
688
520
147
793
297
584
677
978
462
576
917
721
679
526
201
278
873
625
416
679
998
525
171
551
555
184
173
122
944
118
912
440
486
126
67
966
551
668
439
379
205
461
887
169
631
615
937
227
167
962
660
311
118
337
451
619
19
478
509
517
320
82
943
166
557
816
133
44
625
1
57
118
710
586
957
134
594
968
679
941
679
23
43
747
469
508
499
136
132
994
863
407
259
935
922
539
478
452
274
239
132
407
364
188
958
38
886
262
920
947
545
401
304
653
