0045
357
475
499
940
154
962
379
653
634
165
209
90
741
926
14
493
227
738
25
315
100
161
248
46
573
229
779
395
680
315
431
377
513
420
985
345
47
641
483
829
61
28
915
174
298
654
868
944
932
787
167
319
91
740
671
605
902
701
955
962
873
601
806
70
63
554
310
875
181
825
835
638
664
114
685
613
746
387
154
119
784
880
803
135
713
128
209
984
659
331
75
621
476
273
158
136
358
551
943
41
962
811
608
648
55
95
365
501
842
695
657
275
584
450
790
400
850
353
147
774
775
743
47
226
822
879
596
918
538
438
569
63
886
745
857
883
746
30
122
983
724
850
989
861
489
499
526
202
605
456
443
293
373
592
629
614
