0046
173
599
74
126
167
260
486
624
293
1
862
542
611
137
493
165
49
9
568
70
137
278
43
663
232
341
874
107
105
482
668
987
691
837
956
267
453
780
604
62
391
373
157
635
330
867
680
472
424
457
230
251
842
982
511
527
855
118
403
825
662
872
968
196
900
676
803
64
562
70
297
301
849
853
811
312
938
884
837
941
715
788
183
485
104
201
436
593
229
8
980
740
872
443
909
105
794
135
841
32
539
489
652
903
569
968
211
849
753
718
886
29
786
908
270
697
198
941
335
703
359
513
988
881
737
634
841
733
248
218
850
15
617
561
834
574
480
540
835
268
266
388
938
606
665
649
907
774
85
361
126
344
514
661
131
458
703
514
715
957
834
562
26
742
86
626
880
915
363
749
32
24
86
895
884
608
300
218
864
37
1000
747
779
115
892
530
62
48
79
619
487
532
66
688
608
470
470
187
72
273
338
906
34
314
546
387
95
717
482
796
584
739
422
244
595
643
774
837
56
309
512
865
63
860
