0047
743
826
741
556
221
525
362
64
884
249
736
511
476
747
826
284
956
423
65
206
815
30
798
221
91
352
257
618
280
1000
335
112
538
20
597
267
825
579
221
536
621
157
236
225
580
298
784
403
265
767
831
362
921
123
336
167
785
695
532
209
385
520
111
637
447
809
411
574
427
58
280
704
980
470
608
305
207
145
792
741
248
262
182
303
943
374
541
798
895
201
165
89
28
83
645
490
313
616
931
480
848
198
970
813
376
183
23
510
169
412
999
985
140
144
225
421
885
610
186
258
747
890
58
541
776
545
363
849
230
936
100
939
293
92
451
659
463
583
227
799
306
163
493
660
181
944
408
781
373
14
526
704
364
964
246
667
457
646
492
5
336
379
56
45
85
10
91
910
278
496
928
479
720
336
305
557
876
740
826
545
632
572
988
630
85
605
400
207
821
635
205
514
460
152
445
936
257
804
235
334
305
335
188
565
529
716
498
332
917
613
830
603
128
580
472
998
874
279
349
262
54
33
654
741
114
878
473
54
158
353
567
713
801
221
549
