0048
586
938
221
671
258
192
546
352
695
79
981
240
213
150
784
416
832
434
81
466
157
132
98
115
518
33
50
261
216
556
958
397
962
544
115
222
572
201
128
202
392
969
790
741
953
997
347
26
700
307
590
268
967
7
626
131
944
542
364
941
605
296
470
798
179
53
980
106
416
377
812
703
309
531
133
21
5
365
164
868
529
431
116
403
544
526
24
926
249
12
427
866
473
904
457
722
224
433
342
111
830
458
20
484
593
801
519
935
677
194
968
780
741
322
156
585
403
322
187
519
392
107
149
445
66
461
701
275
372
273
769
420
729
803
767
928
325
661
217
758
229
436
234
156
916
535
990
849
647
785
917
961
551
113
758
433
456
443
2
973
180
379
605
25
114
579
14
860
224
580
722
27
921
370
568
526
291
799
885
80
83
25
906
47
748
392
171
361
918
485
578
654
205
432
353
351
333
747
282
48
372
276
781
89
321
540
470
264
179
948
421
149
488
590
349
455
226
397
188
440
597
957
966
10
806
930
424
419
990
572
448
377
89
195
836
893
739
982
238
930
162
812
147
604
1000
325
921
492
159
917
119
982
396
359
824
141
320
626
771
548
273
109
40
734
729
638
762
210
184
749
711
237
549
279
912
561
932
638
653
808
173
252
229
531
806
592
943
142
823
37
580
318
905
120
99
995
445
49
730
588
316
702
110
918
718
560
367
994
662
617
597
1000
304
600
682
724
402
666
754
58
64
464
509
7
192
264
149
850
157
321
699
532
83
158
198
126
903
733
242
724
394
485
599
753
900
822
444
704
471
639
162
434
439
19
946
189
549
749
360
141
222
399
930
302
351
95
557
486
649
11
198
367
720
172
675
398
197
690
866
995
498
906
449
93
605
222
866
167
407
911
798
445
44
868
717
372
675
270
501
719
32
726
882
755
17
530
988
836
16
768
305
297
597
732
87
493
650
863
600
521
321
611
