0049
541
27
243
206
22
970
603
782
762
181
367
109
500
574
562
145
306
12
231
529
400
682
941
121
562
475
242
993
104
338
392
946
750
651
514
463
46
49
399
341
140
613
465
253
917
878
902
278
315
407
609
290
431
570
211
761
101
235
784
436
910
94
818
327
999
290
559
999
82
318
439
734
971
731
6
927
453
461
27
89
763
286
262
186
294
551
58
68
57
70
272
386
839
807
813
198
562
779
494
137
358
251
404
709
23
383
954
923
749
252
336
788
42
237
844
413
455
173
538
368
485
589
667
383
939
342
99
576
873
848
698
265
619
174
360
262
564
203
878
564
192
432
991
967
192
590
809
70
270
216
809
75
604
335
338
180
392
880
604
672
834
511
335
784
983
144
186
53
4
549
84
21
212
567
105
786
580
751
339
217
566
376
622
264
391
182
628
226
974
482
593
285
796
399
251
617
859
237
801
258
366
863
965
499
988
692
213
276
389
874
282
5
554
189
514
159
320
188
228
26
508
674
180
642
703
254
814
249
589
487
621
799
414
952
532
419
549
246
662
580
352
247
423
820
572
839
514
299
623
453
74
16
767
962
960
310
736
314
38
964
558
836
697
486
457
874
426
579
78
41
395
527
580
982
175
142
919
529
709
970
366
228
571
770
215
367
767
465
703
262
121
841
951
335
355
426
595
814
901
55
495
840
453
548
85
991
862
683
913
750
473
672
413
16
352
620
692
936
464
135
883
700
999
185
562
409
270
24
833
420
135
421
206
638
137
19
143
635
646
621
309
647
606
829
484
903
663
753
299
736
940
244
818
551
981
465
981
60
882
