0050
382
83
24
757
210
124
920
990
316
95
322
190
83
888
25
729
204
885
817
249
615
94
869
910
905
747
506
158
894
315
635
28
874
614
615
934
746
998
981
738
376
937
500
160
89
567
540
249
101
869
609
391
715
468
692
598
38
567
394
816
683
137
770
188
526
532
362
945
72
536
655
376
842
751
427
572
565
612
833
735
735
683
189
843
254
918
733
493
601
364
49
826
798
827
200
834
445
982
959
324
107
100
470
268
563
715
621
706
115
323
198
721
633
464
230
567
504
586
419
552
242
244
188
470
150
999
970
445
245
469
169
327
948
633
583
35
886
407
624
208
704
865
86
421
286
3
286
544
824
78
508
33
937
948
755
756
181
491
872
60
18
804
923
697
758
3
360
98
37
679
849
586
448
371
961
315
79
497
246
27
54
750
513
302
294
979
500
685
189
854
209
137
990
348
697
970
403
241
42
758
598
925
563
566
177
898
71
844
556
680
300
119
193
513
836
101
364
73
996
803
939
778
226
33
57
937
668
508
661
957
379
973
160
429
367
313
248
829
21
806
680
536
892
148
490
772
79
392
160
562
64
565
218
388
605
796
514
720
798
658
783
790
541
783
96
378
34
122
471
593
573
796
472
583
704
734
451
854
430
954
826
291
180
632
667
606
692
69
388
413
388
120
995
354
61
936
512
681
67
259
711
89
102
838
772
522
394
67
160
951
73
344
548
25
347
806
258
240
600
139
510
640
310
147
423
674
312
973
529
75
216
232
581
657
201
499
316
424
577
60
473
904
85
516
878
245
623
111
731
554
469
655
853
1000
341
389
93
349
110
44
310
153
834
518
622
863
72
251
35
597
698
824
608
386
56
255
336
406
235
885
360
898
624
737
35
286
751
566
628
150
944
928
668
856
203
59
645
530
475
664
641
449
276
714
736
380
489
347
208
518
31
779
355
670
234
543
406
840
988
128
242
515
360
892
718
57
578
581
337
943
993
510
247
460
940
43
825
508
665
584
210
183
864
582
645
967
122
679
971
428
202
369
449
446
120
972
375
104
285
58
994
729
641
261
524
850
454
905
