0051
717
482
54
732
438
730
32
230
431
990
517
95
218
131
274
147
264
927
86
749
506
871
366
562
974
51
921
675
363
620
402
4
529
638
585
226
362
601
420
439
858
53
140
6
557
875
816
735
310
532
42
414
880
156
436
805
174
379
112
237
973
376
888
455
421
80
874
764
11
736
435
160
452
969
530
356
640
605
355
249
757
987
991
931
440
40
102
185
256
510
359
185
981
549
565
216
168
98
681
893
982
845
764
763
99
853
770
160
20
678
469
666
40
688
832
673
600
232
527
222
662
803
524
752
979
778
793
530
483
667
461
656
600
838
266
83
925
696
899
629
349
198
979
118
938
136
404
111
210
70
95
419
886
472
599
800
44
647
117
99
43
321
977
102
571
478
325
171
250
446
401
180
109
754
10
834
923
152
601
721
875
640
621
