0052
796
957
782
231
332
668
72
82
83
357
994
126
735
297
629
398
885
434
728
409
249
934
693
254
380
503
654
55
27
270
387
126
358
28
912
191
525
757
615
542
752
657
561
667
445
940
258
124
613
517
718
962
592
89
797
708
15
686
835
620
912
667
959
522
908
675
804
85
400
95
74
826
226
793
83
969
913
836
275
35
203
600
959
420
741
852
550
930
607
407
82
699
824
771
872
323
60
261
259
794
575
272
623
851
741
393
661
888
183
63
481
694
40
52
346
430
35
264
525
318
395
103
859
884
8
678
807
610
372
926
566
975
637
765
785
641
541
743
700
735
589
726
870
748
291
749
299
881
951
181
814
485
22
192
418
549
702
586
690
125
379
705
455
646
139
602
274
668
364
720
131
76
605
638
208
750
992
300
792
502
573
66
199
313
815
849
806
356
99
920
146
266
225
230
308
970
172
797
147
813
775
475
197
371
368
84
424
290
823
938
370
654
621
944
276
242
427
710
878
155
688
886
835
755
895
42
324
222
122
433
750
911
99
844
137
947
466
39
815
872
717
961
618
204
297
276
476
759
307
699
396
158
228
55
91
197
573
820
878
706
792
394
828
794
218
579
691
958
172
192
315
490
220
97
849
317
521
841
825
997
365
598
338
265
786
283
477
393
740
680
893
557
648
317
627
331
354
528
721
890
757
319
822
171
220
574
970
119
321
390
28
722
686
921
994
274
193
857
419
662
569
796
806
919
780
400
976
636
723
626
219
720
711
229
870
833
551
154
81
623
812
933
847
906
496
78
66
840
530
496
797
505
131
807
48
292
536
970
511
527
259
400
501
323
756
748
673
536
479
977
37
68
588
454
773
56
648
934
277
257
128
443
930
919
515
959
85
896
489
19
97
605
100
594
213
879
702
78
486
468
233
281
584
78
900
187
471
399
571
545
938
993
259
957
444
692
96
581
773
307
556
278
403
242
991
721
679
409
376
498
422
175
629
304
800
953
70
273
491
750
514
675
155
485
789
225
354
879
5
514
240
267
296
98
429
617
151
270
346
4
590
465
900
749
605
490
320
923
226
924
810
892
38
438
966
269
392
477
975
842
788
784
