0053
635
164
147
264
472
684
241
293
633
926
61
620
754
325
685
817
553
404
637
489
349
500
983
799
629
583
928
720
674
846
516
338
291
24
864
224
59
781
170
808
629
396
535
413
737
40
901
103
136
913
87
603
523
891
61
59
306
493
432
216
844
851
973
565
514
804
952
15
63
272
196
515
660
6
438
830
282
370
266
965
460
644
754
94
957
61
466
415
100
126
415
311
143
451
469
995
399
796
2
244
976
987
784
267
767
353
667
203
384
125
912
319
878
47
855
545
41
849
682
202
436
228
890
875
493
379
580
306
385
81
217
802
121
788
131
575
663
709
677
106
196
760
322
930
66
579
687
105
163
583
668
71
951
292
475
785
966
137
727
864
637
879
319
232
931
150
162
374
657
538
394
270
450
68
493
568
247
491
868
378
330
826
941
676
836
46
965
70
759
947
432
235
432
373
146
976
122
516
676
995
244
570
787
193
406
246
632
26
225
281
837
462
399
283
626
483
710
98
419
407
103
544
645
634
508
132
825
340
166
772
605
360
575
557
219
199
910
245
942
43
21
744
886
92
214
369
828
520
766
370
941
994
393
845
858
617
668
657
119
837
658
662
999
494
814
942
315
282
151
537
522
132
986
57
133
371
962
458
888
626
587
633
260
636
232
136
972
843
603
757
790
874
42
641
713
934
601
684
533
89
499
664
174
680
248
688
353
553
210
759
888
266
510
363
296
677
630
194
601
882
352
472
611
871
465
247
689
20
52
256
437
104
521
390
880
769
181
855
68
224
670
757
161
357
280
276
931
564
317
331
247
462
402
231
599
231
744
781
732
850
606
385
727
479
5
395
742
866
778
4
543
27
175
420
423
527
202
165
151
397
586
768
413
901
162
