0054
414
191
630
85
545
440
524
987
890
927
670
289
771
837
293
738
70
242
133
699
845
191
125
663
669
864
521
281
571
151
577
777
355
251
486
99
316
878
904
174
679
860
496
395
827
199
227
573
264
72
557
263
65
283
543
978
220
120
134
864
80
26
537
629
372
300
611
155
44
677
160
448
651
991
693
599
422
349
3
362
794
983
333
4
949
496
144
491
32
238
69
735
826
396
846
655
734
30
289
872
392
185
325
693
227
765
886
884
308
907
448
87
714
634
394
972
281
568
847
696
177
175
854
99
444
478
979
169
145
449
400
635
194
360
482
572
751
372
784
430
825
477
966
689
602
684
367
716
889
958
884
16
9
988
247
387
3
944
950
259
721
338
558
442
586
945
915
279
917
771
753
694
877
912
986
857
351
324
590
464
475
968
297
581
448
375
895
761
495
106
409
156
709
97
371
427
59
972
527
685
423
435
73
467
406
928
314
372
492
353
577
891
266
364
299
898
67
540
793
12
576
441
416
622
843
448
661
117
870
95
503
947
715
67
55
402
196
29
572
45
395
486
382
875
115
202
203
900
43
458
357
738
205
447
134
784
784
444
217
122
82
523
476
984
115
664
545
775
847
613
573
36
17
115
332
422
585
66
904
358
296
868
177
663
68
895
60
136
445
696
443
156
48
123
363
653
215
757
577
962
