0055
404
927
509
939
831
498
90
761
59
533
732
747
428
534
946
910
964
870
796
824
371
336
977
382
986
722
421
200
649
582
865
237
414
187
250
236
490
657
687
568
954
451
61
283
90
80
641
898
916
389
446
36
595
429
140
945
373
780
421
328
311
672
738
106
339
596
962
1
399
504
558
258
815
157
730
382
227
172
267
926
237
553
131
277
259
460
895
921
137
637
386
170
799
659
53
358
130
376
999
797
271
21
624
535
794
432
88
434
765
428
8
887
157
421
97
265
934
379
609
604
744
938
331
820
481
976
800
887
34
835
297
189
47
723
356
811
968
858
467
738
546
334
981
93
786
546
127
524
144
329
40
500
873
693
556
665
239
474
597
103
174
889
820
369
587
822
890
746
517
324
202
779
818
727
635
926
618
597
880
91
490
234
916
656
566
396
938
104
599
119
806
194
71
797
612
396
178
370
823
635
210
486
1
438
908
57
469
580
780
58
359
518
160
423
545
560
286
846
581
597
656
730
151
318
998
363
492
81
220
143
300
853
106
475
11
202
155
52
805
80
976
441
368
233
993
958
205
992
502
686
409
389
685
897
723
689
56
300
724
784
426
117
11
69
43
140
46
844
868
954
577
718
743
269
575
968
561
94
328
900
702
394
791
499
595
553
953
719
48
406
207
599
664
463
93
156
348
555
374
3
657
359
759
1000
69
552
426
553
294
135
61
978
253
104
671
960
921
93
551
710
975
182
44
500
832
662
773
540
958
468
709
680
954
705
723
789
401
188
491
356
463
690
973
56
716
788
862
667
47
674
107
135
261
118
454
412
546
726
660
901
374
324
853
712
288
840
810
426
263
217
297
897
536
120
167
16
601
602
156
215
82
40
841
807
12
407
744
566
863
29
946
198
940
388
404
872
579
139
487
314
682
862
951
418
532
250
647
666
979
127
692
770
944
111
821
684
343
797
346
348
811
376
129
254
164
730
479
573
54
388
586
737
