0056
317
109
969
783
191
554
651
283
305
862
13
999
216
454
35
973
332
320
397
217
316
482
506
138
707
169
168
246
234
856
619
553
917
339
804
521
510
829
636
648
149
313
844
946
657
929
706
771
679
820
612
127
43
973
761
370
78
27
537
111
440
134
18
723
361
878
723
749
711
354
419
239
469
208
21
572
848
41
893
669
569
515
196
397
700
662
684
237
319
9
763
41
252
208
451
118
921
887
456
773
846
13
813
280
717
492
40
768
977
713
67
819
758
240
478
777
741
491
86
935
769
275
798
123
385
67
663
519
131
318
724
730
781
482
292
874
399
716
891
619
223
328
466
963
972
714
859
609
879
214
809
903
398
263
297
704
49
918
46
608
371
71
316
69
285
326
731
12
685
684
452
937
584
395
954
789
931
807
785
989
490
689
905
529
664
290
850
118
940
311
954
245
859
518
522
33
491
152
250
905
334
506
245
13
777
588
310
509
245
747
646
7
699
614
286
576
939
673
810
37
69
366
961
268
745
323
281
170
588
992
911
954
133
799
688
652
781
89
312
603
237
966
747
268
94
181
650
155
117
546
315
614
751
975
713
649
481
905
842
589
137
489
712
370
43
596
864
159
805
634
806
414
870
932
793
315
866
818
49
311
120
846
749
438
943
973
729
136
980
300
624
231
167
62
958
406
717
695
954
255
731
379
776
795
165
502
321
288
152
919
938
749
279
486
440
286
57
169
83
833
218
159
212
628
514
481
62
812
728
306
353
200
675
411
479
724
544
323
103
448
132
163
953
146
111
799
58
939
15
114
303
645
273
159
51
408
710
901
176
297
949
71
561
382
819
624
693
717
157
806
25
605
284
115
253
237
585
333
634
875
561
879
683
34
948
667
269
404
210
81
684
794
616
440
578
757
741
293
408
475
927
750
823
217
427
591
217
482
107
364
679
982
577
887
954
592
279
970
873
974
288
425
156
640
385
889
537
35
334
237
116
383
721
52
972
9
837
740
671
472
752
274
842
616
437
204
607
899
393
869
506
348
145
206
126
69
589
192
275
573
983
492
987
742
609
34
701
927
74
714
998
752
803
291
682
960
491
317
490
662
7
415
534
113
916
111
244
907
