0057
861
479
923
152
172
639
148
887
714
64
629
368
686
160
771
207
215
579
498
86
907
670
916
115
4
980
390
899
757
485
430
653
468
403
123
280
674
149
840
467
945
517
865
573
14
255
807
77
637
138
21
430
100
769
14
637
61
406
379
346
143
299
319
614
807
18
320
449
581
842
318
599
317
727
413
375
424
504
213
277
289
784
937
105
508
238
9
424
329
456
85
303
365
452
752
984
611
896
530
177
906
128
100
25
563
488
547
578
605
540
130
833
285
560
143
953
372
841
403
268
129
852
579
561
309
774
385
791
835
182
204
39
994
488
822
409
806
828
236
922
555
736
736
621
678
539
83
90
446
125
439
868
476
862
984
132
