0058
714
798
801
707
848
171
659
469
428
802
244
784
535
540
372
365
542
462
761
17
40
413
965
425
251
872
755
940
178
702
222
161
64
152
399
213
977
834
162
396
413
98
798
822
746
796
512
70
782
893
383
560
351
98
584
227
833
295
624
553
406
808
226
27
843
176
824
129
541
459
171
777
79
979
35
542
457
611
293
817
78
735
367
372
285
758
194
666
166
285
938
463
314
455
990
268
980
375
757
967
115
143
247
491
182
350
821
711
599
262
574
959
381
420
318
499
69
440
428
756
629
905
32
300
307
394
249
7
661
167
136
282
415
414
452
803
599
99
654
516
915
839
578
319
416
103
2
813
753
335
975
155
19
630
692
752
247
824
259
966
943
507
757
379
812
118
261
360
80
305
280
594
668
205
394
412
896
800
148
662
663
896
335
811
26
440
160
70
671
141
47
440
796
883
968
828
308
99
676
58
285
320
754
67
919
240
738
997
252
34
118
31
30
641
706
234
410
903
253
97
256
319
22
258
211
325
268
781
645
659
329
527
677
150
654
577
726
740
766
65
371
402
380
297
92
348
462
618
696
468
222
684
840
402
94
998
864
733
482
973
152
51
760
334
971
897
195
472
794
506
480
350
20
97
440
962
289
865
278
689
679
110
514
773
435
10
288
640
329
199
180
421
964
977
695
702
44
541
892
472
423
291
758
195
832
596
338
562
725
507
512
384
363
294
100
698
79
251
757
141
408
850
933
992
477
722
112
858
771
565
859
397
220
799
106
977
143
560
284
424
793
254
84
33
478
408
675
444
393
155
877
476
541
818
929
541
186
645
912
14
11
107
826
900
110
358
685
719
286
842
345
674
945
181
133
836
567
748
300
457
566
27
151
303
395
198
78
464
771
894
197
638
480
680
178
325
587
312
315
127
322
679
650
679
583
648
4
777
473
883
279
