0059
727
907
7
67
887
803
360
591
338
894
251
242
117
185
318
115
853
628
135
48
210
174
24
913
606
858
70
678
477
404
723
159
738
244
817
638
917
635
8
522
928
658
997
614
69
116
740
729
344
244
622
960
627
487
807
36
911
233
99
646
753
95
878
495
399
345
878
572
59
865
624
485
860
387
635
72
725
815
381
842
816
166
344
827
701
736
225
689
978
470
782
85
223
993
129
505
538
957
225
687
140
769
339
555
380
733
234
683
505
236
129
727
868
99
728
635
652
936
708
92
24
822
322
522
298
105
56
792
454
155
1000
454
418
9
787
366
345
632
247
414
883
906
323
795
127
395
896
160
831
472
465
944
722
668
794
269
971
855
598
117
540
595
489
354
157
963
72
216
984
661
199
231
61
132
192
497
407
419
373
304
542
118
322
290
125
376
707
913
974
889
765
140
45
171
607
463
910
932
360
35
243
229
437
368
909
980
293
423
204
522
357
907
227
710
375
336
307
979
392
132
784
971
648
771
320
108
748
378
617
87
763
792
404
971
271
310
881
697
844
225
360
769
251
494
444
336
919
428
611
800
717
169
131
916
541
499
590
686
282
683
295
874
565
685
249
557
169
761
775
61
666
618
28
28
12
993
633
140
21
775
673
56
533
481
210
312
47
45
306
183
762
212
428
4
280
330
433
643
999
443
841
238
849
605
387
792
317
262
451
929
78
464
831
843
672
847
948
481
518
712
214
390
775
427
403
43
122
814
632
613
393
591
268
573
49
428
331
457
822
124
457
973
835
781
21
4
196
781
802
893
921
822
787
487
658
647
185
99
528
94
439
774
602
602
140
219
860
60
587
125
666
595
627
233
794
499
762
197
615
832
935
79
266
756
707
343
492
735
946
490
445
946
353
801
690
647
939
921
356
803
726
83
992
839
604
960
966
402
341
609
192
894
35
789
819
914
107
184
844
431
873
960
818
835
55
71
775
215
125
997
238
738
304
475
584
528
76
387
98
852
873
319
866
676
313
236
318
773
903
579
642
349
918
481
580
811
117
379
85
143
863
842
207
217
65
223
98
148
119
94
868
917
768
416
228
999
542
555
