0060
253
900
283
185
839
581
419
678
760
487
513
332
415
888
744
976
72
867
228
342
37
871
717
906
203
807
730
792
987
817
899
308
303
86
449
247
521
178
154
269
691
816
162
697
805
744
833
907
83
473
485
114
114
369
738
904
976
493
342
341
481
384
461
497
886
643
513
411
667
439
799
520
328
195
97
968
115
768
819
774
888
540
267
723
700
21
716
380
964
947
940
645
505
996
12
74
574
342
676
749
847
703
431
791
366
511
122
131
195
405
891
252
630
405
500
795
67
569
394
43
632
8
540
697
602
759
348
414
654
126
585
843
408
761
899
197
132
75
850
942
357
969
377
832
390
675
72
744
70
802
591
200
543
488
284
405
317
637
770
778
402
991
175
944
422
484
525
720
646
557
816
643
382
374
909
821
460
767
8
3
706
72
769
928
990
768
987
581
642
216
548
546
464
394
403
267
698
437
642
437
124
88
156
355
244
940
716
229
267
250
18
299
442
242
716
610
399
387
183
