0061
275
322
761
617
401
62
827
956
508
301
981
265
36
731
705
587
897
301
146
15
341
873
201
207
384
940
2
616
782
424
468
657
790
668
676
449
764
428
682
422
304
126
505
434
438
437
995
911
820
784
328
277
196
563
703
729
932
177
959
565
169
280
367
464
874
500
772
211
665
93
862
496
381
6
403
804
688
394
424
832
534
245
953
541
827
544
685
861
521
547
779
452
942
39
936
451
227
286
292
437
542
656
552
655
614
82
360
681
896
3
848
327
326
165
46
45
961
505
403
337
916
790
451
415
672
9
33
314
791
258
202
547
430
561
746
683
898
250
755
390
122
44
910
281
883
400
91
701
733
860
144
94
384
856
880
773
177
542
241
948
720
152
38
196
989
259
511
796
428
648
564
263
799
214
518
743
987
943
310
245
907
716
89
4
88
969
582
466
81
855
697
613
813
861
738
840
633
707
400
752
251
620
273
60
340
289
93
444
452
562
435
978
269
28
1000
534
504
640
155
658
241
320
493
397
552
752
201
254
111
32
374
24
88
481
252
417
44
314
366
317
192
694
644
626
58
96
126
89
850
411
625
403
203
126
19
565
311
86
266
581
996
342
682
607
219
802
30
473
248
112
437
22
448
114
347
756
944
54
463
590
567
746
299
379
838
623
692
548
541
590
898
951
216
84
201
840
698
295
243
402
429
194
804
698
603
164
295
767
311
183
173
682
885
801
325
981
712
814
635
400
181
820
724
930
34
589
582
465
23
665
573
712
902
903
314
463
355
938
564
318
420
347
655
659
647
504
62
939
785
482
237
868
850
18
529
101
429
271
983
874
557
145
855
278
466
720
570
301
918
207
460
384
317
699
724
613
95
351
763
505
133
515
930
947
294
315
341
374
984
60
683
987
359
511
753
997
283
957
709
63
989
876
912
187
891
837
698
169
471
626
459
949
27
184
68
695
102
255
272
409
461
708
817
588
452
610
865
