0062
961
516
311
878
994
710
571
461
344
191
323
454
343
602
707
766
705
124
986
65
391
923
895
290
371
867
507
742
599
288
785
882
877
122
370
848
689
471
136
592
419
533
663
219
413
286
683
646
636
829
704
961
987
767
124
366
65
343
241
525
15
979
302
24
149
364
521
800
722
567
328
124
233
876
88
368
663
910
911
381
904
136
890
497
26
638
611
339
525
941
792
935
619
208
735
24
621
467
854
333
363
964
311
307
508
84
344
470
294
197
867
982
895
791
107
423
702
474
206
870
948
819
370
173
915
945
440
693
762
339
358
566
640
806
420
749
200
927
485
239
943
560
72
241
249
996
567
187
48
826
283
589
177
935
876
139
589
239
492
692
897
736
637
24
786
766
225
887
589
773
56
883
516
6
154
565
752
265
532
40
634
874
382
555
964
948
680
339
603
508
660
438
500
862
542
140
421
955
30
564
966
590
453
232
