0063
452
485
742
650
875
532
249
798
269
889
725
601
970
755
860
342
860
795
976
475
678
960
975
1
738
408
204
305
315
346
117
185
540
619
271
802
564
965
557
874
21
405
463
728
993
721
32
54
685
479
853
474
218
295
672
59
958
225
436
659
871
206
31
911
897
549
264
84
213
816
722
394
32
905
556
763
273
473
523
479
887
404
181
829
555
903
443
457
798
520
237
216
777
491
244
158
971
323
817
574
651
277
54
315
146
440
813
594
500
208
850
184
468
159
597
995
70
467
583
157
816
914
128
254
659
238
733
309
182
714
243
595
732
666
494
281
110
463
809
992
40
266
329
90
11
418
788
699
958
85
728
544
495
576
405
883
331
892
551
197
367
91
975
220
593
419
441
945
551
961
980
342
837
867
846
846
294
524
304
768
54
484
668
95
227
495
951
888
703
474
663
387
114
847
214
132
335
856
256
494
535
490
216
917
712
230
905
112
522
425
629
28
407
754
404
197
64
173
84
11
619
422
14
482
721
386
181
150
930
218
192
36
642
249
815
634
387
507
369
524
90
807
863
747
196
932
692
130
840
409
82
973
626
371
356
199
673
959
838
499
89
280
529
970
939
42
974
418
440
488
276
316
723
448
242
190
414
513
292
103
938
177
733
512
439
683
320
30
968
618
824
118
495
701
254
560
42
789
960
673
155
246
697
932
784
272
179
457
192
386
457
356
611
331
390
797
603
438
521
433
772
325
720
174
336
311
405
499
36
426
754
410
340
54
327
192
581
714
170
410
829
191
882
909
759
620
662
812
946
184
753
131
119
738
800
768
821
764
852
272
1
763
261
759
226
508
74
860
736
271
569
174
953
893
973
406
624
550
418
576
242
291
265
461
21
279
961
641
396
993
684
293
644
91
152
607
268
93
287
835
321
812
765
781
567
77
480
823
278
770
288
905
315
109
791
364
42
750
321
255
828
397
870
369
366
758
25
198
962
238
159
213
325
240
633
489
375
739
19
672
742
715
872
254
45
326
627
23
918
740
456
809
94
861
969
776
570
177
885
885
833
280
524
475
728
626
603
330
702
662
542
325
989
441
68
947
874
136
121
776
