0064
915
885
429
181
492
461
79
404
787
441
432
216
186
579
72
9
356
328
458
989
796
469
712
578
486
36
789
947
513
579
310
681
306
29
337
830
651
882
234
1000
637
686
833
593
304
608
265
302
478
913
704
756
792
736
814
175
42
327
374
481
654
446
630
530
488
686
538
1000
285
487
381
893
264
411
392
843
42
366
726
71
502
302
94
972
840
602
146
857
944
564
741
647
977
74
371
22
863
304
827
274
942
274
339
852
692
894
462
15
991
455
921
233
859
77
146
692
28
262
739
652
748
383
833
605
572
560
682
863
738
404
75
63
328
818
579
424
43
809
94
883
172
336
551
860
654
173
65
453
50
573
782
720
448
811
386
661
777
626
534
815
977
383
922
288
798
904
619
732
797
585
360
309
761
547
61
683
299
939
885
540
476
775
247
939
994
397
295
315
492
479
852
54
846
417
357
238
308
870
42
671
187
877
705
576
20
48
824
284
915
950
859
118
108
594
723
185
500
739
941
384
799
548
812
792
881
281
714
346
515
523
940
49
697
862
744
822
891
129
529
398
927
222
102
96
944
903
446
301
780
290
381
831
884
116
246
504
328
461
482
764
805
67
925
625
988
1
329
704
452
2
811
685
117
1
630
721
949
560
620
727
620
210
65
52
830
764
102
253
453
368
263
198
204
350
488
41
562
886
932
235
122
479
255
894
