0065
139
542
367
736
687
409
270
60
947
931
988
2
53
805
650
469
916
633
16
530
144
813
626
313
22
403
372
188
759
604
545
760
598
973
716
54
235
186
44
69
509
733
212
273
568
983
256
699
100
290
875
540
904
149
680
677
280
942
843
781
599
82
17
216
594
998
136
832
613
386
255
504
228
842
984
22
744
210
115
799
491
212
408
232
889
307
3
5
518
841
492
585
750
359
330
304
306
420
404
453
922
154
4
16
768
370
726
737
543
231
809
166
175
401
402
756
337
731
74
774
456
566
296
474
460
571
978
291
543
525
897
482
527
653
404
602
394
831
85
371
116
182
355
395
685
938
105
670
452
451
497
709
98
966
665
59
668
480
760
734
346
600
148
672
157
170
258
533
646
606
474
647
431
869
871
989
51
334
249
201
535
134
461
230
409
20
685
585
646
962
990
297
257
599
860
305
140
900
414
534
955
624
389
659
854
33
216
621
282
153
198
264
555
710
266
361
705
996
679
157
638
656
19
859
542
913
250
882
403
753
115
759
433
245
96
806
883
288
547
770
473
925
236
30
144
346
358
586
559
719
875
512
990
156
763
908
176
186
990
251
786
525
742
468
920
707
293
193
680
193
920
548
479
758
184
620
141
997
12
67
480
644
999
111
393
583
679
772
196
691
875
250
874
428
59
622
862
922
268
510
122
513
592
289
598
262
120
941
640
103
14
717
124
802
854
129
715
249
981
995
29
661
518
716
536
487
365
931
121
338
811
253
886
606
824
446
648
380
354
658
457
755
368
530
930
965
974
328
861
373
275
616
61
922
325
185
253
360
83
494
556
975
445
446
370
949
651
201
386
206
393
554
499
454
177
55
376
141
177
541
790
597
211
32
703
842
75
472
858
322
152
349
490
847
662
941
652
868
833
940
252
462
146
898
389
731
605
747
85
388
560
821
512
23
244
510
617
578
940
222
17
994
882
272
973
767
236
259
659
58
71
998
213
362
305
332
728
847
294
530
660
217
601
349
205
894
