0066
561
662
582
460
878
802
49
259
855
358
48
111
766
874
270
833
225
651
67
253
476
31
531
73
356
606
225
320
202
434
105
395
168
13
738
255
943
456
818
700
56
87
368
18
758
179
874
302
727
43
618
367
275
79
527
918
430
502
964
639
745
456
122
401
58
479
50
698
382
686
665
437
808
166
427
219
15
190
567
260
135
197
469
500
555
535
215
973
758
122
894
925
596
394
787
126
976
477
913
410
413
861
492
126
555
76
9
879
806
853
880
336
542
403
130
562
523
2
711
791
138
143
180
683
622
287
868
713
830
199
497
467
489
778
451
833
221
525
837
452
448
121
933
444
782
677
224
668
194
242
327
507
705
302
628
911
150
