0067
143
781
241
925
523
676
180
288
765
973
363
490
487
980
482
842
985
357
919
16
537
643
888
109
129
369
195
797
559
94
194
325
318
828
361
540
532
142
552
680
376
253
156
33
211
829
948
960
569
768
13
419
951
786
324
262
662
649
148
796
535
670
539
977
184
868
446
258
511
47
288
31
329
832
556
324
52
382
743
136
566
147
656
941
725
515
805
66
776
96
178
907
532
438
909
832
861
391
653
227
444
313
247
689
264
853
496
857
161
301
905
858
255
89
700
39
629
198
416
76
49
610
106
24
758
603
495
503
596
965
158
993
671
383
990
76
329
426
673
987
91
859
365
309
378
427
741
939
737
996
577
872
760
310
836
835
88
384
914
868
430
312
258
909
856
170
687
99
21
826
819
601
900
976
541
701
282
513
902
134
559
60
302
983
405
12
880
943
860
686
397
933
324
14
614
385
689
306
702
93
981
426
597
379
184
141
770
644
540
602
530
360
436
824
172
280
85
520
912
980
43
213
289
441
258
676
634
670
691
265
926
433
741
287
634
61
910
425
89
295
746
159
227
586
611
470
254
239
318
161
849
628
859
754
568
219
584
1000
310
501
760
622
30
52
689
843
360
532
911
777
335
733
125
289
297
410
332
315
691
637
340
123
592
603
363
752
139
226
548
682
934
206
82
345
189
692
729
717
821
938
233
871
866
561
194
207
418
901
324
109
634
344
141
594
612
485
483
161
260
580
419
322
276
403
5
669
806
418
724
46
535
664
41
18
83
351
248
708
327
668
670
70
826
214
278
601
77
489
464
602
685
826
454
529
236
256
909
284
702
203
145
979
439
628
409
641
78
740
989
81
377
556
50
589
146
677
374
560
815
481
846
881
371
900
771
315
356
354
190
426
255
745
483
634
907
615
946
739
469
976
827
368
581
452
18
884
563
306
957
996
12
961
232
694
993
802
178
54
422
255
89
419
400
264
216
456
612
392
921
458
789
648
581
797
963
319
835
266
289
564
650
629
760
294
101
928
433
64
491
722
945
223
634
707
825
599
771
717
131
781
283
168
