0068
85
997
104
787
493
119
315
654
499
956
820
666
405
886
215
839
138
130
9
567
516
141
889
112
404
486
363
971
901
521
844
81
994
205
152
230
81
798
457
529
363
335
409
668
10
584
915
713
180
121
773
719
467
752
252
860
187
277
119
591
762
906
45
896
288
898
735
124
48
68
671
45
907
660
116
340
272
401
78
73
735
123
605
94
874
827
122
836
926
660
226
480
92
823
397
254
221
850
8
821
618
860
228
615
795
410
992
717
727
185
151
949
772
696
371
304
840
412
921
861
921
443
863
537
553
226
272
778
102
270
602
278
196
911
567
73
224
537
826
400
483
366
798
662
854
769
171
700
599
293
117
840
706
897
15
907
942
378
208
8
750
169
307
706
807
356
476
469
876
601
405
460
585
24
857
257
108
265
971
548
138
297
632
752
982
533
787
234
956
275
268
867
343
254
391
225
141
683
616
149
312
407
363
242
776
653
92
925
736
345
736
770
993
655
88
705
556
685
192
125
285
779
631
847
400
979
829
980
842
32
801
441
965
32
791
783
512
23
31
492
112
358
54
537
597
380
396
843
99
664
202
652
706
132
909
781
880
209
936
39
957
48
984
375
366
872
891
934
938
106
829
381
652
357
367
990
287
157
790
607
960
915
822
368
52
432
457
972
742
357
398
534
592
985
920
300
737
534
658
32
374
612
996
974
281
632
755
947
731
288
824
736
906
322
434
936
568
459
856
770
996
963
280
759
677
585
851
636
726
341
8
494
321
225
279
702
50
163
698
39
641
423
927
652
357
289
868
261
629
588
484
213
593
275
295
102
962
608
983
694
97
775
685
530
574
499
546
545
37
36
847
652
568
413
747
178
205
246
990
288
707
317
797
155
358
825
408
987
320
187
587
891
527
140
376
799
631
212
572
614
68
51
111
501
646
29
252
350
407
818
553
178
937
798
654
439
186
772
739
991
997
27
455
347
390
992
874
924
636
950
762
875
962
63
768
301
23
683
298
117
190
233
838
265
62
288
911
508
342
954
355
