0069
897
642
143
593
291
866
981
943
242
385
336
992
257
894
693
707
304
143
483
2
429
387
606
72
752
71
241
831
4
540
98
361
608
752
676
891
601
595
253
460
786
417
240
967
248
310
312
366
557
909
975
561
612
609
143
745
732
644
643
870
273
430
19
443
900
266
179
263
200
250
855
368
441
999
238
909
52
17
52
503
208
36
79
122
817
993
523
42
163
688
924
983
15
335
140
391
597
767
710
815
287
739
704
544
721
284
229
650
889
494
687
973
62
696
844
553
129
922
629
328
101
400
470
105
577
181
103
444
852
285
226
745
866
668
545
191
782
621
82
267
105
102
752
191
282
201
381
668
755
732
905
591
680
984
88
533
553
401
823
169
100
527
454
421
647
613
957
183
824
205
169
409
278
440
894
868
32
604
848
359
897
901
657
528
643
169
126
686
640
748
710
352
762
974
225
645
412
975
557
387
113
444
548
38
509
592
894
630
701
869
865
464
63
53
976
701
743
468
715
456
387
343
440
97
750
736
398
322
395
966
20
874
903
425
387
223
486
57
940
302
805
192
82
215
196
937
188
984
540
699
416
970
772
572
250
456
972
367
277
910
852
294
152
609
558
846
601
136
449
192
855
170
866
547
634
391
581
32
