0070
116
906
201
588
220
711
210
647
760
250
790
372
571
588
490
75
30
318
162
540
847
321
83
269
744
542
66
427
185
617
419
937
55
508
37
434
850
926
820
994
372
816
113
236
90
367
242
212
914
217
706
477
682
569
183
184
942
879
7
108
635
121
908
872
427
928
570
255
118
852
545
735
619
623
676
305
518
565
903
903
312
432
450
713
660
615
814
47
434
908
608
300
236
724
482
945
295
324
429
999
324
363
524
460
408
322
323
735
304
58
737
71
797
352
247
577
986
734
385
951
705
408
421
9
890
880
764
168
269
165
890
195
299
588
584
904
141
878
864
258
35
949
394
184
868
111
656
599
949
844
225
114
463
178
603
38
875
526
786
177
429
460
947
978
820
850
930
170
568
107
784
24
675
835
544
126
537
964
141
464
528
574
950
790
229
371
336
431
377
445
676
215
634
14
800
193
55
18
314
316
899
667
277
324
495
78
850
320
69
141
474
189
990
914
68
40
651
735
274
567
869
284
44
771
130
750
995
975
702
720
241
126
315
410
359
935
434
587
361
114
482
838
626
520
37
533
58
735
115
264
307
842
842
412
450
551
61
687
957
96
163
150
227
290
60
735
517
823
223
507
429
849
428
251
52
731
333
99
341
718
106
331
618
587
771
49
88
927
919
551
966
493
458
402
646
133
71
188
3
736
866
669
574
601
46
497
891
976
304
226
580
327
533
237
888
735
566
211
948
575
85
380
24
450
720
510
673
921
338
15
275
159
903
371
547
9
859
325
671
593
490
494
431
134
769
322
78
62
438
161
336
553
584
363
21
21
49
537
802
994
474
754
565
947
189
438
71
449
91
944
569
812
741
773
218
680
493
81
686
344
540
586
493
592
173
296
260
21
785
858
96
320
