0071
804
828
175
543
932
204
193
605
247
833
439
307
838
269
155
425
550
350
350
513
518
603
66
833
319
253
869
908
687
936
929
515
7
683
785
590
791
590
498
853
740
243
85
969
544
482
991
167
116
355
889
843
515
702
635
734
273
226
152
491
454
327
575
106
414
195
951
708
231
597
932
237
734
71
72
353
261
897
5
12
341
886
733
212
87
505
48
288
982
426
625
493
904
23
142
891
704
667
609
25
510
789
393
14
434
88
105
707
682
821
283
693
950
979
672
495
423
998
702
629
476
245
577
742
316
847
189
886
908
325
210
632
334
266
374
873
930
72
804
290
567
397
996
151
372
641
659
18
621
979
776
894
648
523
49
693
960
6
170
700
160
793
150
878
420
167
480
46
442
695
158
371
750
590
948
260
804
613
194
185
403
26
4
120
773
768
764
129
990
995
750
888
748
555
332
312
96
272
781
123
859
769
751
150
763
850
376
12
774
240
660
700
862
840
574
649
213
773
917
539
37
617
670
899
973
648
519
311
909
390
484
423
392
505
666
325
706
914
952
572
992
757
950
623
851
708
313
953
994
502
661
62
683
222
614
562
82
378
523
463
315
881
407
778
110
600
561
