0072
311
189
957
623
875
737
120
949
980
39
234
423
587
976
299
522
713
721
337
21
483
400
136
903
302
847
327
905
162
249
979
209
108
175
979
101
404
844
793
85
229
310
154
781
918
72
826
474
712
439
537
382
419
683
563
49
724
98
787
755
804
150
601
906
591
694
251
501
123
172
977
236
891
349
98
851
867
627
260
238
407
441
930
33
374
848
414
331
506
492
456
476
807
274
383
978
660
305
284
181
14
525
357
880
795
327
725
974
953
869
327
229
342
755
944
258
555
453
237
880
247
576
733
526
963
508
672
910
274
817
995
701
429
512
136
360
981
557
952
404
622
880
955
112
759
30
280
945
527
23
656
941
477
240
905
681
952
553
553
894
177
595
615
785
157
558
831
865
561
596
855
115
347
530
258
17
423
981
526
754
174
315
204
507
793
891
448
807
238
359
563
54
992
886
685
473
24
296
61
262
370
840
382
878
227
