0073
642
513
839
590
227
443
512
78
14
888
494
616
10
248
966
529
768
1000
714
246
393
491
668
949
771
530
352
876
909
326
72
849
502
569
866
531
992
817
729
821
192
731
773
180
627
358
665
277
849
643
831
208
863
481
817
175
752
264
794
958
698
785
798
109
737
473
699
951
225
236
10
995
47
681
154
432
783
339
954
556
456
883
355
297
73
216
82
357
471
263
84
121
753
931
388
565
663
659
744
792
186
698
45
2
850
400
661
84
656
573
243
822
686
556
752
95
235
649
481
81
307
653
625
75
57
579
494
693
788
997
610
307
123
752
135
505
239
859
664
692
167
999
429
215
312
502
320
642
71
273
363
668
852
162
782
498
691
55
234
373
619
806
46
970
375
138
390
867
923
763
218
829
801
405
656
431
783
869
380
785
967
498
272
741
755
754
458
663
825
135
105
107
386
817
160
765
443
898
297
367
132
559
982
572
970
819
356
595
66
621
143
393
215
608
266
120
880
868
440
65
579
238
665
198
695
207
396
329
143
481
228
117
728
395
429
381
625
254
840
807
79
276
96
461
84
381
183
667
513
313
635
991
217
695
103
979
629
731
29
879
676
461
827
808
311
102
495
518
956
97
224
922
51
774
235
718
723
848
310
759
403
852
437
600
43
529
590
765
443
32
309
890
51
544
529
107
670
332
980
68
147
308
889
852
582
850
734
978
594
90
358
545
408
49
953
330
437
822
346
243
944
498
816
835
677
807
418
30
463
305
121
949
535
680
420
411
423
928
440
284
331
946
922
532
88
686
810
828
682
588
86
620
833
41
322
704
330
152
901
632
569
619
365
502
671
741
462
765
633
220
475
84
439
855
429
542
879
6
585
361
490
173
590
551
780
380
404
234
563
250
548
763
1
772
814
172
217
922
24
276
765
672
358
955
708
179
196
219
674
829
345
572
22
338
413
10
155
888
572
381
744
402
487
870
908
781
890
934
77
829
600
277
424
476
586
952
852
606
982
683
364
381
534
634
480
326
619
526
81
833
656
106
972
122
332
192
460
371
