0074
729
417
176
58
748
489
322
803
933
329
552
321
265
766
694
279
828
955
10
440
234
702
55
393
417
21
631
487
398
829
263
200
321
142
368
393
137
773
407
608
442
430
650
369
895
759
17
807
483
565
963
425
803
267
260
610
555
362
28
949
593
718
11
921
973
894
895
760
633
956
205
797
68
592
618
585
997
492
24
932
360
676
248
560
875
975
956
573
798
284
199
362
167
317
615
463
881
965
466
764
262
510
241
230
572
628
30
822
120
549
310
882
524
391
470
701
205
117
543
38
88
82
859
728
275
796
937
