0075
6
676
253
568
687
763
334
204
47
68
562
983
553
111
503
398
563
392
831
529
812
83
611
333
962
687
428
366
4
548
434
568
727
790
287
206
390
417
870
13
597
716
291
454
384
278
700
611
552
517
714
964
595
889
300
368
78
977
879
831
681
725
187
886
458
685
500
448
68
253
597
777
349
261
895
993
133
945
580
4
862
44
860
280
108
53
186
595
342
120
263
764
400
425
712
185
372
361
865
430
734
360
15
625
969
972
894
785
344
948
672
782
876
572
547
101
189
958
15
143
564
996
71
600
89
735
292
241
775
657
856
898
905
323
562
793
109
877
972
394
105
456
816
295
368
74
125
246
242
790
488
407
998
29
57
706
585
302
187
416
95
812
444
84
341
359
1
109
311
708
968
137
102
992
753
899
325
172
552
913
755
769
987
548
325
655
265
741
368
997
223
748
370
9
185
623
829
663
311
329
720
198
376
72
621
336
427
581
345
943
175
296
591
157
32
718
522
160
480
521
387
19
316
208
428
128
810
219
706
459
965
624
607
742
984
657
666
471
3
72
819
168
504
493
489
724
885
748
979
289
830
568
710
472
966
453
139
887
935
247
411
683
13
792
265
91
143
178
695
229
279
344
306
76
467
796
792
859
435
698
391
737
833
909
496
850
857
620
342
762
252
941
272
36
91
869
283
762
610
475
318
860
572
433
47
151
876
788
863
999
642
883
667
419
857
487
771
806
86
589
461
606
357
725
374
960
350
51
621
370
422
3
433
326
656
793
281
749
574
354
10
127
829
190
566
277
179
358
166
625
560
337
508
679
7
449
671
403
119
417
587
667
557
758
542
916
332
466
237
2
220
612
211
42
265
883
451
175
323
986
81
425
455
127
126
738
225
967
414
699
693
619
947
360
534
702
629
97
808
270
223
918
177
579
296
972
806
267
339
571
457
844
537
317
115
622
467
360
105
