0076
651
656
719
875
36
979
845
574
250
190
330
262
273
781
358
766
298
560
43
832
557
23
946
941
92
696
309
571
458
773
125
730
764
533
321
322
653
677
145
978
100
51
822
390
879
390
321
664
878
13
454
275
35
766
266
14
443
65
592
723
419
213
253
863
995
47
572
22
993
65
66
235
65
82
735
544
206
859
936
811
164
199
878
268
598
740
659
180
517
985
539
589
214
818
483
557
765
243
794
985
433
617
9
184
317
547
90
792
211
960
570
996
625
427
292
765
102
567
468
658
37
231
222
133
233
37
98
726
981
802
72
677
762
666
514
917
496
525
938
678
195
527
677
538
421
988
965
508
321
696
949
966
143
582
608
176
104
483
89
354
125
431
803
878
660
603
492
215
398
605
162
332
645
284
206
715
90
932
191
53
410
561
410
850
675
19
808
824
529
88
150
703
911
759
300
104
965
330
474
495
631
448
780
583
970
828
390
638
870
672
664
370
125
345
691
996
98
673
358
723
278
552
458
215
524
269
975
834
607
91
874
697
22
527
869
856
652
757
802
33
189
786
143
697
480
844
67
451
100
470
328
917
585
984
31
738
136
696
87
987
823
235
177
47
729
905
210
661
924
260
762
88
141
967
886
619
729
714
827
924
175
894
32
432
747
180
577
379
738
158
475
185
524
969
504
832
997
693
394
221
529
147
921
372
811
754
570
938
767
457
516
568
660
242
541
914
117
183
936
781
189
490
486
585
510
572
429
769
754
540
169
481
309
230
199
697
173
816
898
289
195
214
51
358
279
777
314
140
540
339
248
792
613
892
416
951
311
595
458
832
227
854
713
121
324
193
340
966
158
111
440
938
732
514
371
949
244
224
336
129
175
63
984
561
789
332
997
