0077
417
989
87
295
706
151
331
718
477
531
968
284
326
244
819
955
182
176
577
451
359
572
557
46
420
207
924
333
221
882
767
78
5
842
670
314
32
578
491
308
638
421
214
399
346
83
936
957
989
242
128
109
625
485
792
902
709
609
207
511
30
593
524
508
872
154
225
925
853
550
467
490
786
124
596
964
38
696
630
30
442
949
437
729
183
757
580
477
351
705
264
832
297
423
44
628
484
890
11
633
474
127
43
578
274
443
594
964
401
412
89
889
712
985
408
130
908
392
448
545
247
633
927
263
371
302
53
538
464
332
807
740
392
73
523
697
701
793
