0078
651
84
357
440
628
534
189
181
112
664
801
891
935
994
926
992
940
765
570
370
141
933
671
431
509
89
526
788
248
818
156
976
110
354
250
906
94
46
162
479
182
479
644
182
810
947
751
615
381
644
808
541
799
306
578
187
520
143
313
584
113
220
433
613
72
54
187
267
104
523
96
951
471
313
471
624
172
212
454
213
203
183
118
14
950
491
598
429
718
9
467
348
86
448
587
675
496
547
302
651
554
567
618
395
671
26
269
896
6
71
769
697
239
994
776
835
670
915
37
979
323
221
401
756
595
843
126
553
154
754
258
650
962
883
418
609
423
83
541
663
126
337
894
684
15
419
207
758
75
487
957
709
978
342
743
543
189
212
576
665
803
371
448
