0079
662
698
473
383
514
921
307
82
886
154
132
978
637
176
342
85
996
555
73
35
873
76
805
685
442
188
811
294
671
178
177
478
241
769
883
286
343
668
420
763
20
159
742
590
269
306
753
92
983
236
819
929
236
941
10
242
316
508
304
748
529
87
150
420
729
951
293
727
626
437
11
975
135
157
16
908
673
25
578
516
781
800
909
506
125
711
332
741
464
8
525
716
814
940
161
565
26
669
115
946
172
760
150
814
92
154
844
447
585
783
624
479
939
729
214
927
576
887
509
204
456
158
181
306
909
297
871
764
799
96
563
324
829
134
884
689
810
391
623
409
476
729
930
65
619
199
658
723
22
192
279
694
143
505
250
204
749
423
540
154
931
616
491
356
644
447
139
48
332
999
699
685
163
20
117
341
460
765
563
542
386
152
242
512
714
385
228
167
150
271
708
902
282
135
41
171
228
223
471
408
277
958
627
194
594
425
90
760
349
479
128
15
494
489
365
754
851
407
474
668
681
61
31
825
418
530
307
935
566
372
809
422
822
622
635
208
265
68
11
57
214
655
901
238
779
204
875
347
913
665
335
238
779
813
79
419
673
172
270
732
65
452
188
648
893
286
722
151
212
787
139
208
872
157
395
979
741
500
980
799
920
959
426
126
334
885
412
300
326
88
563
546
824
527
434
517
709
270
601
81
111
65
685
986
917
575
104
353
397
118
424
981
701
724
846
384
111
889
924
352
764
954
697
960
8
532
530
403
826
717
757
838
809
791
9
788
842
138
727
606
53
321
5
884
812
823
100
705
173
384
880
951
483
801
645
74
58
830
777
981
226
198
264
309
654
838
541
50
358
617
973
494
328
333
574
458
853
578
933
543
802
944
294
397
70
253
913
868
103
651
183
205
593
249
294
394
672
761
632
655
264
520
241
232
817
979
858
560
852
365
899
909
298
980
483
466
663
449
489
156
589
464
855
832
218
445
731
427
84
329
623
258
476
215
104
463
71
949
463
327
587
386
6
995
522
377
967
380
325
143
588
405
800
514
328
882
475
971
792
612
603
365
830
686
119
238
472
445
238
934
297
618
494
870
326
555
382
846
550
371
524
306
400
593
