0080
21
274
544
164
674
894
949
355
533
617
495
681
134
954
828
911
836
579
599
521
330
305
960
252
96
123
695
32
91
447
912
163
936
59
545
409
955
79
863
783
747
36
931
617
563
233
235
81
82
436
256
362
565
146
451
913
928
737
222
201
686
495
51
32
139
784
733
111
787
641
163
968
817
450
665
402
194
246
543
768
142
574
899
113
510
128
16
7
735
265
890
351
497
100
608
127
945
84
366
343
621
285
550
503
936
930
876
739
412
387
894
914
787
78
60
407
534
804
357
293
766
330
393
584
201
353
436
866
911
18
768
695
902
4
896
494
294
604
608
272
601
139
972
599
506
458
34
243
889
320
750
9
718
223
493
349
475
461
209
109
795
80
618
993
742
545
591
846
752
930
175
806
610
369
558
860
177
68
653
811
613
791
973
142
