0081
161
264
534
611
366
790
298
997
137
430
935
621
72
265
474
218
616
689
728
879
492
969
547
585
486
114
449
683
522
255
825
826
666
766
557
906
178
595
347
258
289
756
893
463
802
671
484
753
178
661
892
391
195
207
543
120
679
394
360
746
671
225
914
782
98
871
250
918
129
313
251
428
581
222
255
234
514
638
432
356
778
697
56
111
759
184
402
963
614
409
272
94
320
172
453
489
658
56
958
201
432
380
418
199
885
217
997
449
791
749
463
354
331
628
315
190
602
156
120
556
818
680
630
866
100
460
587
737
464
68
312
429
830
658
981
963
8
111
767
447
167
935
192
301
255
475
559
728
596
257
426
922
