0082
558
665
869
306
160
220
727
553
169
685
972
128
113
589
442
216
363
482
277
386
344
2
950
739
856
422
672
964
99
95
202
324
290
253
428
115
352
926
143
681
891
141
134
326
393
532
920
119
638
874
303
815
918
123
895
138
249
723
509
875
212
235
739
861
744
462
188
681
651
789
769
595
20
145
570
319
220
985
620
989
762
484
430
886
378
78
714
880
866
222
833
194
577
946
664
508
998
123
395
666
197
419
157
736
417
666
120
770
671
70
955
822
506
204
44
100
291
867
531
511
998
609
546
926
288
335
507
633
745
602
439
303
585
265
70
892
570
118
261
282
782
314
234
794
188
974
153
426
761
415
367
686
757
694
938
996
216
506
752
225
993
922
413
981
488
988
247
785
166
706
831
123
914
31
295
491
389
141
150
523
13
453
661
388
690
510
880
831
809
671
188
411
171
996
766
882
24
746
35
787
561
359
314
588
136
321
97
577
971
68
966
430
303
187
669
897
715
780
995
276
997
385
155
724
68
991
746
719
449
815
332
39
380
747
973
226
254
105
341
415
168
31
559
826
957
810
538
246
774
65
750
654
261
7
626
662
373
451
510
345
10
305
502
639
342
900
285
339
281
268
169
810
144
918
278
933
138
507
549
524
983
697
776
907
464
576
931
17
966
867
227
56
654
992
319
612
29
419
60
680
681
608
321
514
185
135
864
269
25
202
989
451
214
406
476
19
16
362
642
719
258
257
619
116
190
746
798
602
962
907
348
749
656
960
555
838
198
547
834
61
61
89
272
622
19
881
869
234
709
580
969
833
392
52
986
