0083
24
415
134
445
341
941
284
494
561
845
566
487
826
552
88
436
858
150
65
959
513
570
776
134
470
907
720
306
198
358
360
702
39
147
237
892
182
904
443
945
295
161
446
381
962
858
417
413
845
359
596
322
217
502
679
772
58
247
780
39
173
806
572
676
668
144
733
20
229
564
522
497
131
314
728
639
821
175
205
44
902
759
994
570
865
891
916
886
122
391
663
335
233
403
262
684
596
507
85
490
79
438
542
759
455
463
304
595
436
478
423
879
341
530
674
685
460
463
721
937
501
607
692
223
861
786
172
810
403
458
1
941
427
350
816
129
56
477
460
705
794
418
460
674
320
965
924
627
46
965
119
733
256
514
244
914
806
334
804
843
10
286
36
222
361
829
881
740
944
673
452
588
525
940
211
190
628
849
9
387
219
530
300
477
645
267
832
958
368
23
643
997
817
787
866
169
533
152
243
995
319
659
624
654
808
217
300
998
351
364
288
226
208
95
971
411
45
973
737
668
67
985
128
466
196
595
741
324
3
