0084
365
787
909
28
278
711
605
582
142
35
731
880
428
728
211
87
541
379
633
829
714
773
78
415
682
308
959
913
199
306
991
801
249
395
156
323
602
98
59
475
172
507
930
76
565
395
898
483
164
60
240
690
931
60
731
242
161
181
23
516
781
258
686
347
200
123
117
392
106
549
685
233
98
166
278
791
786
32
884
125
429
93
27
61
585
817
917
507
335
30
409
811
985
817
649
728
753
181
233
791
243
307
676
801
602
787
649
83
247
43
731
543
834
386
120
153
348
541
530
785
633
856
453
922
134
788
320
760
808
104
901
184
388
181
70
86
490
18
601
123
420
340
454
603
124
368
549
748
640
70
606
404
855
210
668
664
690
141
425
811
516
855
218
336
