0085
192
930
750
936
198
884
980
163
419
582
695
810
161
869
884
304
472
712
157
601
363
609
301
312
593
59
827
613
146
391
404
544
151
311
40
107
208
290
338
18
402
680
234
587
828
539
296
7
547
509
923
968
309
67
419
877
326
458
491
760
276
305
784
272
960
982
384
812
469
385
668
980
144
885
984
905
951
934
385
161
453
61
191
63
883
193
728
475
571
506
184
786
183
398
722
450
247
766
266
221
455
496
545
258
402
930
512
13
546
100
568
550
980
357
664
470
61
514
9
888
656
912
326
403
153
300
841
705
394
271
837
466
412
522
737
154
698
44
987
395
28
704
384
149
537
629
18
65
711
922
999
264
640
937
680
303
412
356
293
206
515
830
44
554
969
467
132
298
54
731
222
981
391
722
44
603
447
186
30
922
690
445
10
38
735
765
377
76
656
385
540
780
887
834
8
666
232
833
656
543
808
374
38
591
418
137
362
164
302
452
313
804
923
882
556
256
513
337
311
39
121
73
271
756
681
261
68
386
886
715
962
687
944
409
196
976
833
317
689
688
437
822
300
479
886
947
264
13
908
718
620
528
885
281
567
447
664
826
21
375
928
678
752
661
836
863
640
697
642
714
