0086
722
527
87
164
192
152
401
964
980
226
180
55
682
3
309
310
704
544
903
853
822
389
978
95
262
148
209
375
337
970
315
501
213
55
337
921
815
477
155
549
176
55
682
726
560
161
179
208
210
390
727
466
325
216
122
854
31
886
80
934
560
541
143
445
810
783
151
765
153
251
651
297
705
693
566
663
195
231
893
327
803
281
622
253
84
594
361
300
591
926
137
192
557
836
21
146
37
674
812
974
327
522
810
320
9
403
436
402
573
556
155
248
761
673
833
61
850
70
47
15
941
765
638
17
536
769
236
280
211
908
950
643
754
180
223
346
93
183
300
461
633
676
410
763
643
740
543
639
928
59
289
118
904
282
906
317
957
821
725
498
709
211
827
588
401
293
835
417
283
491
893
261
508
647
904
991
504
897
372
690
951
485
100
630
881
80
344
365
792
405
423
879
558
916
657
948
449
285
462
871
822
502
545
666
694
525
39
964
129
739
457
277
76
498
89
37
753
772
722
664
83
452
724
839
75
493
984
875
961
710
318
435
548
939
723
916
70
577
764
725
954
449
468
100
118
141
326
603
905
671
864
583
146
295
242
416
38
522
969
909
23
631
296
959
417
322
802
530
955
404
757
54
706
92
207
952
706
662
936
706
