0087
223
579
91
176
363
12
100
128
265
921
56
613
882
890
450
133
721
657
517
220
405
775
849
336
587
313
655
415
778
214
507
178
959
990
193
598
756
467
795
555
899
270
862
612
725
239
866
915
109
64
859
908
916
185
414
410
925
567
244
221
28
505
499
332
408
800
496
624
609
960
956
853
356
145
662
196
247
144
479
190
285
304
362
204
219
532
959
717
455
262
839
844
232
806
275
765
171
129
963
810
579
399
714
442
346
496
124
186
876
494
157
889
464
165
386
194
594
373
612
114
66
141
146
756
141
857
741
247
666
124
724
879
310
238
516
711
76
13
893
57
242
768
618
889
840
526
382
468
28
681
860
518
157
502
573
523
672
492
340
478
3
388
314
73
460
856
306
478
623
762
112
183
436
914
712
252
999
643
970
279
703
119
732
40
126
795
643
134
211
928
881
887
753
634
79
9
209
247
329
349
896
432
785
988
142
623
576
842
798
342
628
886
303
739
16
777
837
246
110
226
654
119
631
830
270
306
708
541
506
947
420
651
628
568
446
523
266
277
495
851
413
222
606
34
19
530
990
912
252
343
185
228
932
697
372
458
658
675
196
302
117
285
525
512
276
835
355
694
134
988
662
304
675
161
507
722
231
439
188
589
470
988
173
300
81
307
79
823
525
161
927
555
958
250
152
949
865
924
544
32
912
162
851
275
737
113
526
429
698
395
572
420
886
682
211
482
988
399
191
110
627
739
888
939
252
694
726
721
727
363
39
334
396
960
991
150
336
439
320
367
726
485
861
272
71
254
659
936
942
176
757
183
699
795
959
853
268
5
209
933
267
812
193
597
443
451
693
144
888
218
686
580
846
717
119
250
289
153
263
40
720
759
466
901
265
303
635
272
528
