0088
568
466
95
574
604
803
936
834
19
933
625
576
43
532
936
703
442
517
20
468
500
653
506
139
66
947
238
72
511
91
550
270
895
784
645
204
224
614
441
735
981
534
524
709
398
782
799
558
893
382
317
796
659
321
288
973
557
675
412
133
871
922
676
915
692
891
48
421
484
115
337
520
873
720
634
975
669
793
105
83
187
773
635
336
779
369
980
5
597
966
475
242
499
877
193
143
419
335
320
905
884
702
46
468
975
576
548
596
793
551
268
69
862
667
551
56
758
747
477
2
906
729
85
628
390
702
552
697
758
103
532
466
267
982
696
561
406
858
384
422
600
838
243
398
692
41
913
947
804
966
272
338
68
824
211
49
278
869
848
502
828
33
105
453
624
377
10
659
410
332
988
542
554
805
970
773
459
431
847
210
909
938
999
290
19
425
414
25
29
684
889
377
319
833
728
596
647
794
597
252
43
857
227
379
579
696
492
280
569
841
832
338
662
406
680
699
577
265
546
824
334
897
38
9
214
133
709
355
583
920
380
407
553
966
23
791
363
447
459
368
610
935
52
46
222
836
392
247
902
674
397
167
185
695
197
101
230
690
164
93
910
461
955
50
979
714
906
