0089
812
416
513
889
652
472
188
339
694
672
352
411
46
962
174
506
341
92
743
327
318
815
664
664
389
500
406
220
616
587
520
36
731
521
504
816
787
678
437
397
976
243
179
453
989
32
735
172
740
534
948
632
44
622
721
724
806
104
606
918
167
206
743
83
524
438
937
255
545
717
298
130
609
345
629
29
958
697
280
607
645
747
767
555
125
599
118
19
487
606
58
700
190
438
169
405
618
586
443
129
632
654
65
465
349
473
137
902
693
412
720
803
723
174
160
753
308
614
520
136
358
775
383
585
852
440
609
572
753
974
937
6
523
73
137
751
541
573
769
530
185
334
941
372
644
491
825
960
444
967
951
834
817
587
937
607
716
338
454
284
229
833
154
78
571
513
867
12
883
514
530
166
464
432
672
475
745
69
57
951
28
19
705
463
641
316
837
158
586
348
481
599
835
723
550
233
173
461
481
108
349
919
161
231
987
474
242
149
372
158
162
24
621
824
411
535
344
79
197
70
210
810
369
576
488
918
470
878
15
357
