0090
784
431
268
882
318
828
498
9
69
233
760
700
806
812
896
717
834
689
482
88
959
379
71
275
34
406
7
872
250
669
30
136
876
225
4
877
263
539
917
886
622
414
797
193
552
610
1000
509
452
401
909
212
106
981
409
578
133
668
703
538
621
329
91
639
342
760
231
955
80
847
123
148
552
463
350
826
690
25
836
188
364
770
136
415
215
900
246
673
57
63
754
726
88
782
248
761
353
340
320
436
674
839
5
1
107
220
945
960
626
342
818
23
534
489
656
44
756
82
468
446
40
519
659
731
870
730
396
403
635
664
654
495
809
813
397
458
