0091
423
976
303
304
839
428
138
461
860
71
826
198
54
713
99
840
144
769
931
275
669
464
773
824
133
143
9
551
245
75
285
291
252
46
461
429
365
927
793
578
402
516
264
446
791
609
573
699
179
498
878
359
659
845
538
914
836
630
905
464
49
932
963
167
693
15
580
858
929
881
352
213
860
552
103
119
302
604
574
870
35
698
530
374
177
24
615
931
635
188
237
311
657
544
262
233
756
246
553
526
765
988
746
691
862
306
14
5
927
89
852
619
704
105
507
52
710
501
284
739
284
752
880
32
453
567
860
375
35
52
467
172
154
722
711
9
983
765
914
97
37
145
331
286
130
415
264
41
73
898
702
696
732
194
444
994
51
808
41
300
644
942
142
900
287
402
485
657
153
243
423
194
659
679
153
570
309
465
306
246
360
796
60
872
917
295
665
367
990
838
229
953
481
801
978
965
184
408
592
479
646
67
38
734
145
871
591
612
805
709
690
732
596
746
912
276
84
650
641
314
188
585
432
939
312
819
498
700
469
854
736
764
25
715
868
815
944
959
538
799
222
142
417
190
383
300
194
362
666
278
839
932
108
130
404
121
335
409
976
775
47
457
925
370
265
56
759
155
157
373
335
862
445
924
81
188
926
339
386
609
640
669
382
224
519
258
766
175
306
149
219
572
787
531
200
681
971
634
348
41
