0092
559
52
928
225
20
84
193
844
568
192
47
118
816
480
117
694
1
369
51
191
730
623
788
638
384
870
416
845
483
340
624
185
540
368
420
936
881
740
363
108
771
978
782
7
262
970
114
745
601
411
793
255
738
155
251
247
538
549
939
523
201
674
156
303
73
90
294
761
59
774
641
10
303
712
185
272
745
757
281
219
205
573
504
795
863
331
618
260
626
933
450
951
764
160
104
466
982
89
899
318
668
238
224
457
501
889
899
775
435
251
769
825
683
4
515
135
110
689
346
495
525
592
453
819
659
268
866
944
493
102
300
105
800
115
958
226
874
57
668
416
84
615
892
160
512
356
572
537
599
711
957
81
744
130
872
197
869
875
429
960
233
270
964
339
370
69
411
482
626
348
85
297
853
734
659
566
312
692
432
70
601
981
15
516
629
97
26
110
225
634
844
246
608
791
780
839
324
3
379
177
572
333
637
474
802
233
28
52
420
352
58
142
359
891
455
20
226
495
795
199
7
942
849
227
520
576
486
83
418
271
253
533
349
3
611
917
541
436
749
639
157
549
696
193
167
324
137
31
484
715
692
916
25
904
603
44
552
618
518
34
261
868
625
66
311
294
190
644
604
841
249
836
418
774
247
555
374
927
58
434
944
798
17
477
67
1
671
195
425
546
8
882
165
999
297
178
552
204
178
577
252
941
848
446
849
578
206
389
444
920
947
934
90
85
37
674
189
133
165
52
686
401
716
304
298
498
315
1000
182
499
580
205
308
596
212
998
409
869
726
997
324
912
199
201
36
571
995
136
