0093
13
888
118
330
169
591
543
791
436
542
945
941
721
542
291
600
320
207
459
981
796
670
402
978
754
3
584
225
318
68
236
943
542
30
431
176
299
871
304
619
968
986
639
448
49
590
924
286
734
102
929
587
778
821
375
213
205
989
258
78
166
564
351
220
167
855
758
766
256
812
458
390
733
526
923
135
22
612
980
538
709
919
86
486
334
488
704
6
806
369
634
418
798
990
861
514
155
683
751
815
3
364
450
226
214
426
722
205
528
18
32
239
516
65
281
618
425
267
932
292
965
244
175
189
110
913
653
130
890
677
840
735
516
400
953
153
699
84
386
40
110
113
965
426
105
921
952
883
23
100
534
687
532
640
643
306
131
259
530
470
656
401
419
728
135
661
910
351
969
611
373
63
831
