0094
200
79
271
902
24
714
987
804
315
396
594
543
141
455
36
371
506
897
869
200
862
835
571
932
592
542
595
250
392
436
840
18
80
890
128
817
828
302
627
37
812
786
952
605
923
871
78
530
307
592
864
725
778
268
744
254
445
125
751
863
974
784
57
901
897
137
751
326
734
872
794
215
720
355
307
732
624
779
726
9
782
388
935
991
394
450
452
611
903
338
598
921
915
14
516
579
626
660
405
748
681
999
794
433
138
943
316
896
256
686
573
970
366
782
205
232
240
98
726
384
869
264
118
598
986
853
219
799
660
830
952
444
786
84
74
194
405
382
487
523
697
760
107
856
750
65
582
796
434
416
794
332
972
23
587
421
544
874
60
522
488
717
241
189
662
163
667
476
179
210
579
885
282
