0095
738
392
790
990
270
385
585
885
698
338
697
857
30
417
717
676
631
703
327
187
384
456
17
550
631
845
722
921
947
346
292
859
125
857
410
354
846
336
429
591
124
328
394
958
22
399
631
73
271
602
911
452
461
541
616
841
512
684
730
510
907
571
854
309
975
118
964
196
272
913
741
225
657
245
565
615
724
686
553
18
661
233
500
883
454
235
785
437
777
970
640
544
374
320
646
727
837
558
420
431
437
832
661
534
322
346
612
483
877
920
270
538
833
682
1000
343
353
602
633
9
514
19
877
618
472
2
77
923
856
781
880
579
405
266
616
806
510
93
753
129
151
181
761
694
205
928
414
443
413
160
945
842
296
190
399
202
48
951
386
869
832
705
832
7
1
681
561
856
653
611
153
440
808
195
233
752
81
402
423
934
11
3
122
119
58
210
147
831
319
745
473
913
870
616
408
328
649
117
678
462
198
312
546
485
232
295
379
108
811
471
760
50
14
