0096
242
645
658
896
309
888
344
519
219
848
130
848
622
388
269
939
957
556
76
139
545
546
647
628
711
961
128
46
997
527
176
400
904
128
283
644
313
604
682
147
308
457
758
63
735
934
659
261
945
202
562
418
277
427
194
229
635
33
25
25
214
542
114
338
676
88
806
382
712
19
593
502
393
800
328
195
308
71
549
565
601
141
747
354
419
359
732
148
956
590
977
561
446
74
430
378
810
820
290
543
342
636
226
136
423
71
991
803
928
914
82
476
778
935
366
301
264
986
464
100
769
429
897
281
249
148
747
124
820
723
642
574
158
289
600
639
938
555
850
687
776
107
65
176
764
819
145
711
719
567
272
423
706
557
632
201
514
474
813
48
325
48
236
859
223
579
665
947
241
675
227
887
559
200
762
715
862
573
162
724
835
287
372
264
562
991
519
342
301
357
975
818
361
8
959
702
128
623
213
373
332
83
297
719
790
111
383
25
921
966
229
85
8
513
351
712
268
114
198
708
273
450
245
925
766
736
861
404
721
719
909
51
906
997
116
28
620
380
345
10
673
33
182
593
825
579
974
874
253
773
125
446
61
231
884
136
699
687
902
457
472
293
239
525
15
46
265
91
469
699
650
286
991
38
389
682
262
573
325
321
190
889
37
985
765
430
347
574
498
20
378
206
431
409
105
267
544
718
423
296
258
651
167
740
378
551
485
331
830
628
639
256
44
733
680
916
2
844
500
830
314
492
203
776
70
332
309
49
467
734
794
618
696
866
303
327
4
99
510
743
244
213
751
658
204
917
489
607
109
277
290
893
517
303
777
781
89
475
479
3
416
737
38
565
748
626
48
512
319
304
942
344
320
310
834
868
677
581
506
262
100
665
580
313
465
684
690
301
473
169
317
736
424
948
273
866
641
899
139
776
764
439
644
529
180
158
36
751
387
282
236
641
983
942
909
377
484
842
776
150
161
928
971
652
981
46
82
66
950
971
169
656
986
240
915
780
209
911
367
800
651
79
755
292
540
17
885
705
621
908
948
166
672
505
478
991
414
197
927
688
604
843
921
28
417
378
518
75
757
297
785
636
153
143
103
527
99
679
579
483
771
402
743
52
