0097
311
482
211
382
699
980
566
942
413
448
156
725
692
548
887
27
631
33
798
358
987
711
699
921
249
396
793
933
125
142
102
237
450
211
995
741
752
378
122
567
416
381
153
311
351
621
512
786
867
718
233
419
200
516
738
224
814
460
706
424
7
138
416
726
188
477
448
991
343
397
303
223
871
737
345
624
779
393
139
318
801
333
254
537
268
693
765
243
416
563
664
525
114
799
20
759
395
466
531
7
501
332
767
803
886
478
462
540
96
705
52
364
321
328
393
159
763
989
216
726
232
30
715
380
290
839
825
720
907
372
475
381
243
688
842
410
674
410
463
519
710
290
461
235
558
9
951
400
249
37
678
710
324
735
707
463
