0098
956
382
794
556
839
89
36
994
149
211
983
919
757
704
244
744
808
43
40
854
58
215
524
564
156
74
478
629
966
324
788
297
848
170
326
444
716
98
125
7
612
460
962
885
660
155
41
524
421
200
533
957
645
259
716
100
605
503
817
256
831
755
47
521
975
778
919
711
779
152
981
430
314
858
447
725
373
837
429
529
507
734
898
548
650
942
986
859
818
870
558
681
729
368
214
54
980
923
797
848
954
280
313
316
947
595
812
382
790
104
364
564
713
793
652
288
311
348
905
654
450
537
202
125
352
461
548
186
822
383
744
65
756
926
76
713
861
262
626
215
359
661
937
231
536
378
410
545
56
149
876
952
68
295
860
472
268
348
38
511
588
594
199
323
31
804
420
170
917
338
238
87
543
947
673
213
777
427
993
866
771
571
47
722
125
423
335
788
757
339
319
7
204
812
263
790
676
905
111
988
867
807
94
176
611
117
797
528
682
283
934
