0099
788
174
252
698
512
568
715
583
860
64
279
3
279
812
953
151
665
270
709
280
296
498
940
979
566
967
606
364
174
704
685
43
511
912
210
365
541
181
798
19
933
962
774
333
439
970
993
234
283
438
698
168
267
450
313
132
876
309
344
130
650
648
666
58
625
784
998
953
845
347
413
117
933
538
752
1000
998
636
497
764
497
690
272
649
141
690
606
832
146
929
807
296
722
229
716
306
716
268
680
477
965
864
154
780
679
967
180
682
683
9
390
263
771
978
376
39
82
680
566
675
491
440
122
56
70
908
799
620
887
206
801
739
58
257
571
564
300
369
279
833
511
28
283
790
347
891
333
541
949
823
662
837
381
444
286
818
323
947
364
748
761
454
978
570
746
927
691
589
636
764
791
177
818
70
706
99
519
381
22
581
397
151
257
343
215
482
751
587
756
223
497
627
814
945
125
943
966
887
646
1
264
67
930
239
704
719
413
398
741
645
213
194
9
283
678
753
247
844
330
595
482
46
760
612
314
91
945
640
762
142
129
2
610
705
324
535
346
190
900
905
194
655
188
410
165
139
175
861
261
372
102
553
459
690
446
417
844
166
544
386
684
779
148
199
113
522
101
400
566
152
817
275
760
806
885
538
600
24
428
29
266
32
654
476
217
623
760
421
998
536
820
752
997
567
370
771
317
754
381
608
944
193
825
55
967
952
295
967
894
317
386
634
994
252
264
710
466
346
719
964
710
459
962
782
762
123
658
899
688
679
185
860
225
925
232
318
877
201
380
725
654
284
357
252
200
335
476
143
129
744
928
894
806
219
484
396
618
310
840
216
602
263
660
797
199
530
256
353
803
697
911
183
641
731
470
500
172
272
687
772
909
378
870
629
918
627
999
435
217
637
356
712
300
523
538
941
278
529
83
112
555
550
560
451
442
248
192
764
497
732
905
177
292
909
420
660
645
830
795
720
759
293
916
314
575
642
690
282
187
774
235
473
36
524
204
833
448
211
127
972
841
620
662
88
538
964
314
7
644
473
365
137
469
326
256
957
839
32
240
402
96
691
7
785
793
541
