0100
194
504
876
480
114
261
959
117
973
396
870
186
258
753
878
448
408
814
978
603
640
397
409
851
699
943
187
773
377
994
598
403
498
263
253
780
756
650
459
469
418
507
816
221
716
183
354
233
37
226
132
539
197
170
694
35
766
563
930
510
347
301
881
900
19
755
631
813
397
665
330
257
337
742
594
292
347
160
550
724
10
557
89
895
474
39
824
44
187
48
696
475
186
347
893
987
817
685
549
672
19
176
652
232
382
121
486
687
606
963
107
51
911
852
791
631
144
417
749
688
430
830
69
628
312
847
2
456
778
957
508
93
25
73
641
143
377
736
716
377
599
766
635
320
568
168
970
823
310
976
505
570
137
472
621
773
725
70
486
719
327
338
795
30
62
659
692
337
589
68
349
286
763
492
571
960
891
749
607
517
274
264
268
145
403
346
676
352
831
741
785
994
883
238
880
84
35
329
951
121
591
940
941
60
917
749
56
391
147
183
298
875
89
694
64
127
139
969
579
699
342
936
907
199
977
977
599
54
615
248
492
202
516
922
134
929
216
712
474
942
579
864
536
562
793
768
845
985
162
810
801
928
93
162
289
189
135
871
498
605
428
663
575
805
704
266
876
1
575
194
807
536
871
191
799
512
994
854
652
870
226
914
465
889
697
472
396
268
614
603
681
873
585
153
639
117
267
189
146
871
874
86
204
451
488
852
509
73
890
559
106
972
348
773
698
862
186
985
153
705
893
447
919
266
933
809
400
290
67
603
988
85
203
802
492
385
905
667
498
739
825
148
897
824
419
392
572
497
296
670
319
487
826
76
46
953
912
828
752
145
834
777
862
22
31
380
514
522
308
150
910
712
783
276
42
49
84
108
182
211
266
677
11
178
886
657
525
914
89
855
296
807
121
19
806
894
506
539
83
106
885
790
297
662
716
37
132
846
216
977
161
731
155
535
401
988
255
155
640
351
213
58
535
41
542
418
759
401
50
659
462
340
98
732
957
66
669
922
662
419
25
771
123
41
692
686
938
79
181
651
870
401
297
590
863
331
643
218
210
266
163
608
