0101
387
256
409
618
269
827
717
845
763
550
536
545
7
412
155
104
926
820
332
509
318
11
281
419
787
509
238
778
784
680
353
289
696
272
64
611
574
929
740
227
21
156
123
718
527
874
399
309
953
322
700
582
957
353
497
664
215
201
909
982
70
523
164
653
715
538
544
122
625
728
520
692
632
569
966
556
156
320
508
523
220
394
110
947
59
496
248
757
334
525
783
938
637
772
961
376
144
498
575
327
312
214
333
559
636
123
329
898
517
182
272
898
603
616
605
685
364
7
150
23
37
179
289
618
2
175
84
665
443
442
992
21
930
812
628
294
191
420
548
344
916
563
665
201
609
149
679
665
302
557
895
119
6
594
158
511
244
32
891
273
897
742
879
799
204
383
377
256
133
853
337
110
980
426
781
127
677
211
952
137
196
721
249
253
953
98
781
811
233
633
128
841
540
155
391
886
7
628
289
974
57
395
764
267
86
973
621
733
560
602
334
697
281
816
556
919
778
305
700
886
869
562
