0102
496
911
675
801
608
203
230
651
18
605
45
577
334
969
423
330
543
444
423
918
823
540
610
976
999
658
368
125
403
742
733
703
189
122
916
86
884
339
415
830
619
238
204
619
776
203
667
865
54
543
982
49
526
323
850
685
9
462
560
745
611
40
91
535
327
6
393
686
372
464
116
247
543
456
384
796
770
18
926
395
862
884
892
664
72
516
896
643
713
572
819
533
359
227
732
702
954
657
904
967
372
845
154
968
245
174
320
118
509
701
153
183
889
471
470
604
760
244
572
736
354
233
553
630
112
294
440
39
80
22
988
642
880
40
504
123
562
111
197
679
238
105
994
529
267
93
217
793
416
708
454
884
88
250
623
134
478
994
199
602
287
763
966
561
884
131
386
276
278
572
49
895
618
532
408
304
884
935
367
333
525
790
636
144
107
325
660
905
881
874
814
261
145
342
530
697
312
53
45
176
906
675
636
179
508
733
312
663
397
107
843
736
17
475
519
591
538
724
749
686
782
938
865
54
380
392
583
591
624
928
357
982
48
123
938
357
704
372
906
656
414
739
452
239
816
105
859
317
195
275
397
722
69
581
30
701
118
671
825
771
711
463
811
650
884
251
458
391
140
248
263
324
683
566
895
179
760
823
417
215
657
225
816
947
847
588
318
612
918
959
800
881
200
149
747
735
713
365
429
884
422
648
836
156
876
521
141
495
313
663
665
757
395
156
982
180
196
549
588
162
483
428
167
174
3
159
778
592
429
917
194
904
73
661
248
639
793
498
905
242
616
235
573
738
198
479
665
385
660
1000
949
640
516
932
17
872
114
18
177
412
700
386
923
631
811
