0103
490
654
460
277
272
272
77
1000
640
148
526
573
615
802
697
415
144
920
421
173
891
588
297
978
921
587
349
996
910
903
75
433
21
548
344
225
751
914
244
201
741
457
867
551
579
629
196
933
857
4
360
760
215
119
261
248
755
156
883
542
711
300
407
160
81
539
895
734
56
689
845
573
637
585
482
192
794
365
757
964
550
368
607
433
310
449
280
918
222
846
34
975
33
40
422
20
29
213
165
454
689
343
224
81
793
480
690
239
888
453
352
334
427
703
381
979
817
570
685
654
549
72
510
77
677
725
806
433
62
83
1000
770
240
14
153
974
405
940
113
146
923
818
647
45
890
183
807
188
706
