0104
718
177
772
541
247
947
289
757
956
874
115
164
321
972
823
740
145
313
835
709
486
230
601
546
26
338
96
158
260
76
492
999
513
313
938
330
679
542
742
667
216
827
710
124
371
576
852
66
372
311
914
717
440
316
251
973
387
944
615
273
1
441
418
602
73
527
211
659
16
826
242
907
36
557
322
532
323
8
828
613
225
410
837
114
391
548
863
5
464
481
418
60
205
37
787
896
256
860
899
349
266
39
369
289
137
512
74
766
986
858
477
295
128
254
86
829
454
317
215
162
285
288
997
824
687
118
819
754
597
391
801
429
126
609
247
961
733
602
900
644
991
807
684
258
612
98
249
548
41
986
230
996
39
504
401
943
518
774
841
499
433
349
800
122
263
651
739
124
172
314
921
845
513
274
424
955
466
306
58
896
443
256
871
585
667
874
65
57
191
483
364
765
41
545
641
853
489
68
135
686
161
236
95
337
738
307
960
749
167
509
679
992
544
776
517
632
825
161
664
505
75
264
613
108
102
787
359
476
359
739
760
47
766
591
781
441
381
122
268
887
859
440
151
850
74
423
986
33
546
409
165
358
337
349
979
868
617
48
396
150
487
863
217
209
407
356
126
645
613
844
497
918
239
455
656
112
643
216
385
884
814
245
446
110
371
425
834
957
382
950
345
490
262
860
297
