0105
986
691
314
405
119
775
881
483
255
463
130
511
762
874
365
590
576
172
218
79
237
322
969
157
66
89
963
572
498
225
886
656
941
676
942
47
968
87
121
81
124
641
300
724
589
398
85
546
340
581
901
259
646
729
46
556
394
918
706
606
431
302
788
897
238
139
349
816
548
639
620
281
495
665
719
487
181
597
962
742
238
355
620
847
420
686
719
361
531
361
785
314
468
679
226
923
257
87
754
304
767
615
479
617
280
692
123
210
162
604
96
681
155
983
958
153
934
348
583
592
977
215
541
849
188
551
876
26
183
659
