0106
113
12
438
220
255
272
793
656
758
941
18
315
155
615
114
542
905
798
985
619
348
334
735
68
648
868
674
894
219
2
793
220
97
203
199
835
182
618
843
357
6
220
210
594
402
890
396
404
320
177
476
737
133
921
63
73
559
923
571
386
578
305
544
339
973
540
658
333
491
92
862
701
246
111
121
332
454
521
123
631
251
755
496
362
276
431
288
293
956
208
59
174
559
44
745
395
760
194
12
132
53
561
551
449
522
913
143
526
770
45
449
262
480
863
647
730
825
700
591
57
955
726
359
918
831
308
290
262
331
979
840
735
509
240
383
471
770
543
691
326
133
37
544
817
492
128
266
16
385
237
174
27
810
113
555
413
438
917
525
524
696
822
474
770
920
699
864
529
780
613
174
324
685
989
72
463
333
216
922
992
398
407
664
832
610
995
76
616
97
70
435
866
647
51
935
798
762
631
378
231
393
163
906
839
839
207
227
508
719
817
551
793
579
807
809
85
440
375
219
349
199
311
294
289
304
441
756
886
23
163
784
577
646
725
297
421
500
132
341
247
712
704
49
82
651
85
591
779
136
835
428
52
17
17
64
954
530
197
326
144
291
333
761
816
429
454
726
711
646
600
248
744
514
15
664
713
417
75
412
247
142
473
431
199
732
93
862
351
404
497
246
968
779
446
111
272
283
738
948
594
993
295
12
538
803
184
89
879
895
697
48
860
29
464
909
849
229
538
508
128
500
245
104
256
453
440
364
93
303
203
72
335
676
134
967
583
860
972
557
897
307
372
729
43
627
106
243
443
145
655
35
591
796
286
23
276
659
462
338
547
424
841
69
628
455
180
186
783
84
310
241
254
770
489
458
103
650
47
955
495
278
271
164
227
948
369
767
146
927
572
488
532
113
845
338
177
363
451
144
387
144
141
161
675
78
891
580
903
40
679
820
498
751
373
406
290
538
26
472
999
178
985
881
927
805
319
38
715
283
964
59
725
724
77
447
60
312
723
673
863
269
253
107
632
555
762
473
762
565
788
565
668
959
814
683
274
306
379
