0107
577
166
717
318
662
813
995
371
574
161
200
743
658
477
45
347
520
360
870
753
655
651
808
450
687
172
883
668
52
485
297
34
612
380
224
283
967
954
19
184
122
799
946
495
235
965
439
157
261
597
375
16
944
817
842
283
746
573
782
628
745
327
876
200
573
691
229
789
251
534
734
145
694
876
524
957
95
389
695
330
763
390
222
890
157
509
898
237
622
757
856
375
15
735
761
819
752
616
368
783
11
642
689
600
477
773
976
709
291
387
889
978
124
578
629
861
91
934
140
502
871
193
968
816
718
296
877
720
358
88
815
582
385
976
842
375
530
463
779
908
321
484
486
6
777
258
866
721
893
323
404
716
614
715
30
469
120
593
414
754
694
386
634
895
146
99
496
900
202
576
637
259
483
384
422
842
468
911
857
792
157
291
928
755
678
397
289
935
693
300
599
663
250
453
584
366
494
533
962
