0108
737
296
463
110
758
927
91
382
14
11
488
776
86
704
573
183
535
347
712
472
789
929
473
307
333
508
774
392
868
68
883
889
110
485
316
298
795
303
728
199
881
84
688
547
177
190
822
310
519
668
140
172
880
613
127
654
659
736
667
222
607
524
150
300
826
190
125
639
104
535
851
12
637
179
957
589
915
536
45
193
14
106
228
12
777
762
133
223
632
411
941
39
271
705
122
562
730
189
984
252
60
711
271
352
925
668
976
969
453
5
44
421
537
448
593
821
192
514
7
930
982
855
221
804
801
503
155
794
969
951
61
677
922
843
923
334
871
854
431
23
84
25
820
962
491
40
791
786
530
48
611
628
19
59
959
997
212
837
520
910
744
534
294
877
883
456
944
27
491
485
612
49
519
38
965
797
853
31
441
11
351
220
189
349
16
193
672
870
939
322
381
610
891
82
124
721
58
866
856
916
331
185
123
59
870
366
585
545
387
560
743
99
981
643
615
500
559
671
67
180
295
861
223
157
745
845
685
869
9
176
216
88
181
794
7
995
110
908
763
156
583
410
329
708
834
755
745
924
888
431
923
238
941
983
181
225
572
650
475
258
359
223
861
767
147
366
636
944
382
333
553
117
544
752
796
434
843
395
433
850
300
768
618
304
174
131
164
819
339
950
330
250
425
234
69
279
599
741
203
613
422
380
331
238
60
371
640
138
702
689
923
728
341
163
576
373
922
123
344
340
459
143
847
727
813
50
862
495
845
605
999
418
55
497
198
998
742
909
907
880
607
858
50
621
702
724
784
285
340
263
763
441
333
724
779
145
206
300
176
159
620
125
187
510
889
13
65
723
325
384
296
380
800
727
311
433
234
673
101
670
444
997
587
892
401
584
792
753
191
861
595
437
285
882
480
969
44
245
829
819
374
850
32
41
521
711
532
488
825
264
629
146
407
90
563
864
1000
198
257
104
77
441
284
238
197
53
744
742
957
79
743
636
968
456
925
141
230
646
515
699
846
223
146
829
941
702
762
827
943
126
382
23
880
913
397
243
430
263
657
691
922
656
515
4
826
971
121
755
806
595
589
576
897
159
481
448
373
385
235
78
328
771
88
21
453
820
704
305
990
197
805
1000
304
499
550
