0109
784
109
737
674
844
381
836
227
851
972
494
737
935
112
964
866
336
353
679
593
833
13
509
381
665
262
740
764
174
660
911
842
853
599
584
725
85
510
838
459
447
838
987
17
142
252
512
853
320
559
772
53
80
9
199
283
146
461
727
751
513
895
606
672
602
971
544
986
944
59
933
636
843
613
431
421
148
424
710
544
655
945
746
280
565
361
25
907
615
710
504
523
329
181
994
120
824
718
3
959
538
498
450
274
338
162
250
353
541
363
620
740
686
71
429
824
742
157
16
81
817
899
468
532
455
602
341
318
776
507
828
861
230
860
101
590
308
119
599
155
188
749
579
652
855
268
90
200
125
336
622
487
456
689
658
825
996
376
198
536
239
916
418
89
955
718
729
636
14
652
582
359
121
79
939
27
69
292
175
436
92
224
425
371
728
118
631
295
830
610
420
824
867
888
512
847
949
991
66
717
396
22
707
345
584
832
67
788
691
968
987
291
233
88
559
882
954
346
742
919
581
118
134
536
7
681
488
370
845
483
251
389
201
