0110
487
923
309
428
114
739
346
41
316
21
687
38
90
748
368
504
375
550
291
734
707
350
947
643
122
977
689
262
471
670
663
146
689
40
449
905
93
637
672
330
16
495
403
898
662
103
491
509
62
61
449
46
772
716
427
570
554
806
164
933
638
603
415
683
631
159
794
419
976
316
118
777
330
385
715
106
256
211
828
344
783
138
133
474
643
826
473
512
423
830
925
112
571
971
198
889
270
539
621
675
871
177
401
714
530
56
845
325
184
415
92
289
551
535
502
892
516
196
740
162
817
927
103
53
330
803
758
381
630
301
222
161
897
269
842
486
196
755
321
457
609
447
645
542
25
255
903
348
172
487
210
6
676
246
992
798
902
904
123
439
104
958
66
539
505
637
247
623
168
442
507
621
425
481
4
487
69
226
491
782
935
530
2
981
125
551
455
339
818
937
510
283
456
954
298
730
581
579
829
423
860
723
237
890
999
656
845
995
311
307
2
716
702
742
575
837
783
688
669
637
527
958
673
986
69
437
369
445
677
77
106
582
214
406
527
23
432
204
176
821
