0111
179
9
124
646
836
68
590
691
325
21
528
240
472
288
821
993
344
35
596
90
856
251
448
863
241
247
329
42
233
705
849
904
303
870
316
130
532
363
49
438
194
84
850
423
163
812
3
28
62
258
551
114
174
400
711
218
296
120
75
127
547
28
325
534
935
213
295
904
684
411
895
966
757
643
148
11
26
162
340
269
806
740
974
834
56
219
394
347
202
253
145
450
882
587
247
520
851
455
958
215
865
629
108
28
876
32
897
126
521
18
526
10
369
438
153
601
91
539
652
239
135
193
194
271
820
307
66
876
988
370
575
625
893
833
533
71
553
257
752
942
475
220
294
832
931
196
663
11
588
46
422
888
744
806
922
966
556
547
263
379
470
543
413
483
499
790
151
701
679
283
925
307
19
578
697
946
732
76
654
31
343
242
51
445
62
835
399
443
739
249
431
575
880
272
10
12
758
989
18
603
10
826
817
487
775
809
998
305
726
448
597
158
822
841
833
225
1
136
637
935
114
187
432
561
283
485
515
11
808
978
601
874
161
818
419
994
285
892
609
970
916
485
53
904
337
170
859
933
