0112
117
171
155
8
988
978
138
369
196
196
293
926
206
748
934
543
346
309
361
566
175
847
985
640
476
421
72
49
703
829
491
324
580
554
781
955
579
285
616
208
667
505
222
958
938
14
187
928
629
730
767
786
427
90
875
698
305
383
715
920
766
136
865
237
789
366
8
595
730
218
8
322
536
90
415
56
719
507
5
257
692
436
30
801
574
856
448
734
480
730
807
173
833
287
512
932
807
341
323
713
768
554
978
543
784
103
359
176
987
558
772
931
718
780
504
569
142
191
203
902
675
31
518
74
671
721
771
213
576
367
201
695
104
66
175
754
607
57
682
226
456
