0113
435
306
652
697
511
281
939
304
805
948
192
182
299
192
248
529
123
454
277
726
493
512
992
972
930
201
567
72
731
713
237
935
677
4
593
863
487
888
722
646
448
752
515
410
225
776
38
966
186
818
833
636
72
874
160
434
737
214
834
465
929
8
861
65
900
802
780
26
359
944
659
124
305
897
915
103
500
334
653
224
742
251
421
913
551
551
273
465
474
244
797
865
648
443
601
211
422
766
645
949
55
265
409
275
776
396
308
778
881
753
149
277
561
268
406
493
370
700
483
393
613
580
76
902
915
964
660
663
781
932
834
519
979
858
910
955
360
281
308
961
157
949
700
13
711
293
730
643
737
561
38
469
181
250
258
680
560
86
76
977
837
92
814
649
516
666
604
792
842
691
869
910
962
494
273
752
986
478
571
382
888
858
933
452
42
134
539
580
72
900
731
846
595
364
737
45
537
356
224
107
573
989
739
666
459
860
187
311
150
297
443
90
229
107
318
449
