0114
857
488
415
859
354
13
240
277
106
629
457
340
466
5
740
241
820
489
572
225
311
646
938
778
901
90
535
64
744
401
996
373
841
442
32
528
12
590
487
312
948
128
636
142
41
794
88
149
836
471
302
151
46
608
771
348
102
440
240
87
19
692
265
308
939
39
882
256
374
562
54
979
965
703
491
389
364
441
145
755
869
799
704
520
64
234
337
699
420
850
504
286
112
797
918
757
181
454
975
470
864
377
667
577
24
582
129
570
716
204
16
789
168
178
103
699
240
599
126
683
177
777
859
373
635
352
894
973
543
902
318
13
112
462
949
521
266
168
962
775
844
762
236
187
425
37
878
941
539
708
492
180
617
732
971
806
773
35
294
854
337
571
565
672
118
436
695
273
258
484
993
630
29
37
136
564
541
39
657
389
922
676
830
258
351
502
54
295
450
182
216
