0115
58
376
222
130
391
803
694
708
916
996
231
399
929
65
432
656
299
90
547
380
428
18
198
344
130
928
737
163
842
52
199
132
609
560
12
532
18
913
214
724
275
638
748
183
262
560
548
815
564
321
384
330
310
213
436
271
497
552
606
28
709
925
229
585
186
260
949
897
160
393
234
998
508
408
415
923
385
559
80
257
83
954
512
682
165
859
643
456
678
913
783
829
390
809
496
456
198
304
654
279
596
205
728
382
124
452
412
751
728
760
88
303
653
431
951
602
959
770
101
2
45
737
510
686
51
344
672
409
448
152
721
424
511
855
14
546
