0116
404
3
233
625
546
712
691
5
69
737
166
389
122
828
695
229
631
513
615
660
127
969
69
259
16
762
711
458
863
909
165
222
523
442
995
415
375
81
955
26
677
431
462
822
903
541
943
292
53
416
566
287
990
849
561
186
15
138
940
941
322
820
879
307
317
942
911
781
785
809
242
36
137
866
815
539
757
486
479
675
80
980
762
117
139
656
663
208
338
974
14
459
113
379
684
501
726
163
215
326
72
143
979
633
422
979
961
400
657
124
31
90
89
456
185
235
410
122
820
431
832
149
393
395
539
560
2
313
436
129
109
496
879
248
380
373
173
629
234
644
869
303
858
418
245
390
945
309
46
150
108
211
4
87
685
910
18
972
779
801
681
920
322
962
153
973
838
611
133
18
711
654
678
472
754
240
250
968
669
350
533
58
580
51
317
34
376
496
713
414
430
630
871
210
103
703
853
701
286
529
443
21
417
449
688
227
264
286
635
805
287
258
147
112
269
5
880
858
308
141
817
545
92
76
439
497
53
641
250
549
979
998
983
566
86
19
923
703
710
299
256
243
515
227
752
720
238
281
726
333
611
306
776
162
765
469
781
833
209
320
701
667
394
131
254
949
840
989
486
144
204
45
584
872
368
612
153
477
489
109
198
140
759
754
195
490
973
164
934
903
275
1000
441
945
627
633
730
582
358
481
602
823
132
879
205
555
543
255
864
247
916
755
7
782
145
438
503
146
837
889
594
762
425
990
910
106
476
202
692
900
885
