0117
651
450
780
118
743
696
542
936
923
53
942
772
675
226
187
53
828
776
576
645
846
897
923
691
595
236
647
516
750
561
148
675
83
730
177
929
127
203
24
730
952
685
860
136
761
587
943
478
467
362
815
909
21
868
888
973
429
757
170
596
731
620
166
655
245
23
579
132
124
407
905
62
904
9
850
392
617
222
480
78
913
657
770
574
188
954
852
693
255
786
676
658
650
666
254
684
745
622
786
211
623
520
649
950
761
163
35
7
360
587
195
831
299
263
524
280
882
933
641
771
564
803
465
1000
710
812
699
550
832
211
407
551
951
587
466
692
912
595
337
574
398
899
470
262
559
26
384
294
837
239
842
906
444
319
910
58
840
53
90
198
999
591
446
176
354
594
353
632
256
404
961
251
844
430
763
211
293
221
176
790
966
56
397
286
26
88
304
194
230
983
355
157
770
804
127
618
988
947
293
982
538
265
657
117
60
167
609
520
952
912
538
351
361
455
736
745
2
417
686
776
502
315
613
207
770
355
924
884
931
106
125
616
206
74
862
524
879
794
432
490
412
959
60
833
78
874
205
579
644
951
206
759
667
225
835
328
157
189
85
926
608
913
538
532
791
58
673
61
886
387
205
163
135
172
403
686
242
649
931
671
880
793
65
153
783
874
244
940
185
47
16
393
21
625
87
411
479
135
919
72
397
874
236
647
221
238
182
209
187
321
609
530
190
374
944
123
260
808
833
296
679
998
388
12
435
906
465
502
969
623
227
143
658
314
819
538
387
417
306
146
361
383
424
399
693
983
322
96
852
795
923
260
377
206
522
98
905
489
449
888
369
285
828
264
120
81
675
778
260
652
916
237
27
547
352
446
480
25
811
666
756
582
694
905
194
258
643
501
189
53
605
726
406
911
483
269
46
635
402
228
539
348
681
428
811
55
672
801
777
511
990
784
