0118
440
402
409
590
140
152
314
162
430
278
11
964
41
81
352
832
411
965
760
124
788
771
271
824
540
26
84
216
274
429
431
813
755
462
900
160
276
465
5
714
425
1000
910
466
898
689
294
447
799
542
29
710
125
848
615
106
196
103
112
774
608
234
983
405
932
176
187
876
986
648
75
257
495
502
779
815
803
537
99
976
368
690
458
882
988
722
319
219
560
485
921
656
122
499
615
639
162
272
679
127
737
384
190
889
834
814
68
321
545
331
773
570
959
414
445
200
454
861
257
116
718
864
987
589
296
178
928
200
790
269
684
615
665
223
116
415
2
30
820
459
890
336
580
590
683
983
63
276
314
933
481
732
156
399
374
725
382
714
66
150
847
311
58
711
694
60
324
901
326
987
420
774
390
766
861
256
684
907
213
830
296
678
429
263
53
572
803
650
582
696
958
312
397
242
493
65
585
121
838
446
