0119
507
757
806
77
300
889
198
958
723
573
384
796
328
99
928
255
13
292
202
264
817
207
482
440
829
283
813
984
172
248
387
87
187
415
26
881
994
990
503
469
384
269
1000
272
811
592
374
559
270
969
261
983
978
757
493
382
187
401
589
297
605
298
704
802
283
775
237
84
773
262
97
718
602
657
943
153
958
59
549
513
594
773
354
752
11
957
75
483
638
74
186
409
648
976
744
36
104
749
677
310
151
255
919
774
724
270
132
855
217
254
572
560
278
277
209
934
14
944
953
993
688
350
345
703
262
235
600
683
92
171
459
962
498
372
792
241
110
472
827
811
255
853
816
939
77
766
208
662
295
332
721
879
513
600
902
153
567
894
784
720
595
693
742
354
405
614
677
602
260
402
330
995
686
939
760
360
335
248
337
50
383
573
545
440
549
628
792
528
371
686
753
722
669
34
689
215
783
45
475
446
194
14
726
31
462
645
310
765
501
475
738
339
519
342
358
427
624
888
448
289
39
654
215
94
775
671
138
852
781
188
29
311
6
967
744
34
785
455
985
494
705
556
963
298
705
297
969
897
346
987
382
785
