0120
110
829
120
373
533
240
895
884
360
536
380
136
571
727
254
279
443
597
276
729
46
442
945
887
686
651
796
430
524
150
304
776
421
137
707
58
881
323
317
580
567
504
352
598
680
207
179
773
768
812
254
628
641
601
798
518
172
582
710
844
254
371
781
707
84
767
316
605
578
824
431
884
980
111
152
231
397
590
452
775
612
976
795
521
986
901
209
364
6
420
795
47
697
604
466
616
911
601
998
758
853
50
143
359
469
739
98
39
251
167
419
774
941
97
717
546
766
880
950
984
544
406
812
861
41
91
627
41
287
551
395
738
265
740
112
774
80
586
21
789
807
407
616
676
718
35
366
569
722
235
92
680
694
518
593
304
247
111
788
937
378
155
628
50
606
366
459
671
166
696
194
215
811
77
446
231
408
866
805
162
759
827
561
649
819
753
202
662
225
459
644
243
859
784
405
900
227
78
37
693
17
478
441
787
543
301
245
108
177
45
337
444
800
359
522
313
35
882
831
197
731
236
768
986
350
690
725
671
645
605
837
502
214
467
525
414
965
579
777
50
351
996
309
585
570
382
514
188
484
344
354
191
502
441
551
202
604
121
982
222
426
670
159
976
205
219
511
73
972
32
990
811
737
385
703
370
440
498
654
655
474
730
196
196
194
128
591
560
237
43
609
416
11
956
527
159
503
338
61
546
751
449
317
102
158
285
637
592
567
596
613
497
286
383
272
546
464
594
577
963
132
908
94
359
802
76
