0121
553
168
850
437
615
552
829
961
192
99
549
292
875
278
257
295
379
607
375
304
157
482
402
208
134
109
723
232
71
931
895
939
463
584
328
332
498
278
294
447
651
540
939
252
740
536
711
400
504
302
103
924
927
624
794
219
395
484
805
147
645
733
979
570
999
603
602
120
129
194
484
693
45
612
157
995
531
772
929
38
906
982
254
612
541
513
764
505
885
387
725
185
582
960
79
740
608
146
763
603
712
217
931
102
552
537
933
508
72
301
391
165
128
886
133
28
363
238
72
257
568
201
317
461
73
8
44
882
605
654
563
635
109
51
748
917
959
284
233
472
130
966
821
77
190
345
594
383
923
937
784
654
910
496
859
753
559
370
699
716
870
363
456
660
302
816
99
245
809
121
167
341
680
502
952
46
206
536
23
579
846
920
265
729
475
868
389
119
87
838
458
612
623
728
262
643
495
224
760
722
712
826
106
709
786
502
119
333
