0122
249
747
603
112
365
858
298
524
723
877
580
139
632
764
485
243
532
258
242
934
249
786
637
558
879
540
746
348
715
411
910
540
64
196
440
342
399
750
800
291
861
477
279
938
861
944
506
416
827
178
973
162
850
142
24
881
451
322
702
488
185
603
336
218
545
452
78
905
941
376
273
259
640
504
528
793
860
86
835
173
240
897
893
973
541
922
261
203
408
828
242
23
241
765
322
204
415
634
409
362
661
400
667
16
406
53
938
472
718
60
73
697
908
466
782
600
171
660
944
863
973
108
692
577
204
857
403
148
119
459
891
880
494
486
195
15
650
790
783
291
16
168
296
956
404
157
949
776
128
230
645
598
386
765
701
97
161
676
