0123
530
390
859
568
443
303
826
270
725
980
931
39
782
8
597
58
294
461
449
419
294
90
476
419
646
206
62
245
581
501
992
873
715
463
313
144
241
17
862
46
292
943
29
458
499
427
352
220
941
87
495
282
964
447
826
69
438
736
129
951
538
330
875
904
181
492
483
293
635
180
706
714
152
701
87
137
249
47
560
406
690
608
429
450
411
12
158
625
696
171
590
868
879
62
225
278
991
89
778
853
810
562
52
783
43
323
925
476
497
868
375
746
878
192
985
461
748
593
966
938
386
324
659
834
840
932
489
166
135
267
922
373
23
576
388
249
733
4
904
751
861
158
852
139
203
935
711
373
387
163
275
644
818
912
66
317
837
335
368
415
915
667
696
65
439
339
262
63
113
334
82
217
556
740
921
901
454
831
731
766
203
664
152
923
505
546
988
123
311
166
487
5
344
359
462
812
575
668
338
526
715
938
557
259
352
915
581
874
680
946
150
27
999
626
221
667
982
275
116
31
804
204
157
841
871
520
333
132
400
179
869
291
392
621
534
160
974
836
421
223
451
43
451
882
140
111
878
474
217
535
407
741
363
715
990
369
815
979
240
93
985
791
510
793
101
373
259
520
242
143
229
866
517
534
472
918
491
923
898
729
359
524
170
670
208
618
784
494
473
479
456
314
247
702
133
655
692
999
563
787
