0124
954
991
463
860
33
173
371
170
326
674
41
426
859
585
33
393
88
604
680
102
289
588
705
866
380
377
413
307
17
955
368
926
98
381
585
668
959
566
369
858
821
384
168
954
354
238
357
34
278
152
219
340
839
850
766
198
273
130
284
414
509
256
37
492
141
108
715
868
495
122
304
230
170
413
568
724
987
51
428
769
477
5
369
270
893
984
870
488
320
786
24
926
801
763
345
678
800
612
394
397
568
113
603
265
237
397
634
776
1000
619
537
111
127
990
456
91
762
547
78
738
684
764
423
497
999
86
133
243
829
279
650
773
429
971
881
311
593
678
811
103
924
510
390
44
653
377
261
125
760
48
362
410
811
