0125
774
474
938
264
224
61
114
689
799
308
425
588
419
819
198
38
177
902
724
318
772
666
696
348
527
452
670
723
62
915
810
809
591
442
87
214
418
300
20
332
841
155
577
469
992
918
952
950
310
892
692
247
560
162
446
370
996
273
337
752
548
873
90
58
807
543
582
488
464
474
109
721
987
532
615
573
781
573
479
133
993
783
934
839
161
699
649
763
855
387
375
563
448
40
452
956
176
978
740
7
481
885
367
85
439
811
491
705
582
728
176
553
483
975
496
388
517
153
401
571
261
326
856
300
952
682
311
3
617
49
851
631
911
661
348
334
952
455
252
910
754
664
269
359
355
464
696
410
460
775
251
506
128
382
634
365
871
227
698
156
978
245
667
475
739
537
175
224
772
827
235
464
851
175
903
677
726
227
629
990
79
580
919
936
51
30
605
653
515
438
880
389
444
931
136
860
284
954
378
191
263
469
855
600
274
48
592
400
949
515
233
347
34
448
944
306
254
339
987
566
716
38
152
382
146
367
664
625
396
498
566
442
553
666
4
929
912
91
445
792
345
514
616
285
850
672
755
737
976
868
70
522
162
427
619
664
775
686
440
180
431
31
977
542
49
223
891
455
837
866
526
472
27
885
648
141
583
830
327
925
680
958
485
488
398
59
497
275
167
111
641
585
542
201
18
209
91
674
746
435
723
293
866
53
422
920
464
406
480
98
445
690
608
970
384
991
497
954
450
209
667
554
983
809
525
189
952
6
953
309
971
549
671
780
392
419
164
627
656
808
541
509
70
220
263
934
321
348
664
423
286
354
250
252
920
833
462
703
790
443
320
431
280
645
907
532
670
213
342
837
692
398
219
490
240
690
52
584
569
237
936
995
665
999
475
224
330
488
752
274
509
968
822
598
811
462
109
831
149
811
667
752
864
612
671
73
778
999
531
759
821
779
346
759
478
24
780
85
6
249
685
736
784
849
932
73
492
328
868
804
464
530
853
291
75
483
463
603
14
76
707
198
914
513
456
136
52
162
731
162
473
707
985
279
7
712
222
167
629
35
967
264
296
742
592
461
711
993
840
531
142
131
282
305
