0126
338
456
989
640
358
717
210
208
510
333
198
350
93
892
827
321
301
361
453
314
204
923
242
209
66
352
496
69
42
577
440
651
707
528
190
848
57
742
525
660
945
545
190
645
575
689
893
417
151
360
332
626
241
18
51
217
836
223
394
740
326
275
117
165
257
697
140
484
332
520
35
60
960
539
108
985
935
785
255
508
144
794
810
895
787
752
418
193
30
497
614
406
481
531
215
853
598
998
313
909
986
649
9
683
459
272
579
487
799
944
951
713
128
183
956
998
483
184
913
772
50
106
677
482
918
982
703
433
33
630
215
61
928
409
101
614
827
414
248
23
306
882
462
751
259
616
360
615
165
47
570
429
630
889
466
40
806
157
752
440
898
898
529
853
811
59
864
371
358
812
197
351
591
455
41
337
678
241
386
999
613
736
451
586
33
699
442
265
664
301
802
321
336
914
119
83
225
250
905
768
859
856
213
971
341
494
466
995
816
8
496
759
296
16
990
390
268
564
351
810
630
825
332
511
864
76
81
935
825
563
839
192
911
939
355
721
387
513
979
344
852
979
447
342
99
225
298
938
202
294
360
373
459
41
50
414
942
478
599
652
29
57
683
314
87
154
268
29
944
685
15
814
202
75
125
800
735
814
139
604
128
809
645
682
706
893
10
828
858
925
271
989
145
567
218
787
958
648
593
705
551
16
691
177
550
832
613
254
891
733
855
422
234
948
304
618
563
633
85
756
752
196
648
413
98
290
608
225
369
813
909
849
345
946
359
411
292
521
551
997
538
116
402
483
900
228
876
52
630
119
854
874
778
207
940
580
302
999
424
61
806
316
386
1000
852
127
897
399
940
401
26
927
857
90
515
584
890
61
1000
10
829
756
396
565
560
915
535
446
358
134
320
199
473
912
157
566
305
612
117
634
515
379
153
232
645
543
680
744
282
543
534
171
710
891
744
10
988
240
86
604
253
943
602
