0127
890
899
149
326
275
395
399
546
531
355
363
484
768
395
29
515
297
910
745
349
293
453
282
609
858
889
190
936
447
441
573
29
672
645
83
966
283
235
30
33
593
843
820
47
122
436
656
26
863
743
710
327
878
272
116
529
249
353
318
397
624
741
803
934
968
290
832
140
534
414
812
579
50
446
228
720
434
431
39
780
130
358
727
592
548
654
724
873
139
855
693
972
20
665
959
235
588
867
403
620
698
527
903
912
812
481
976
960
367
157
455
172
935
765
967
638
407
409
635
890
769
431
918
287
616
436
394
198
121
339
632
249
626
838
91
971
923
620
595
830
389
486
526
634
629
537
682
869
515
299
842
538
361
549
28
608
249
60
26
983
900
362
151
720
373
690
525
336
488
728
141
260
508
820
276
873
89
340
