0128
551
34
763
367
363
509
132
693
297
388
69
521
262
161
616
671
394
276
619
929
709
687
105
696
142
860
618
231
586
896
55
336
859
663
864
824
543
540
596
894
893
339
360
658
637
731
616
831
439
937
449
309
22
789
831
280
663
520
711
406
52
760
351
232
824
732
499
210
416
460
771
167
82
177
791
422
940
582
298
742
41
774
761
915
551
471
927
309
458
475
682
528
675
293
339
765
927
137
524
762
738
8
836
141
803
815
948
743
788
159
223
730
63
955
568
680
156
136
223
393
27
28
907
324
995
228
243
478
710
827
344
706
309
821
686
541
216
171
764
220
605
921
307
818
746
867
762
82
491
163
910
621
963
160
674
570
766
432
456
864
425
231
83
518
339
820
222
704
249
504
832
135
824
410
275
181
284
810
885
856
232
58
375
437
718
179
225
41
721
470
457
284
311
386
32
146
285
53
477
266
755
63
548
681
552
164
785
542
336
527
375
825
816
854
686
624
228
459
969
73
443
949
701
347
757
304
617
290
874
445
238
261
131
959
643
474
866
229
411
308
285
745
944
366
262
770
100
781
257
539
812
910
699
42
123
476
358
50
932
528
221
155
372
929
949
979
624
224
445
852
683
395
721
3
618
430
145
632
845
925
453
467
295
907
880
676
148
173
258
662
182
632
599
892
524
473
192
487
118
628
899
836
177
723
643
991
21
982
43
393
248
560
327
319
179
411
136
45
48
981
280
355
369
655
512
646
235
685
98
523
163
370
51
704
350
8
210
293
852
241
193
608
982
23
802
299
666
167
383
60
134
445
60
478
754
455
380
872
75
223
509
822
714
898
362
436
564
635
342
270
655
577
475
296
442
29
106
559
694
952
344
999
7
986
599
74
151
79
458
846
568
142
787
124
423
112
639
306
291
669
144
582
561
366
712
997
333
190
776
837
135
293
40
220
738
446
336
138
77
792
298
785
871
907
94
910
747
241
539
228
40
937
314
849
210
722
812
141
813
670
387
312
107
139
361
160
664
384
191
918
374
829
170
102
354
340
808
688
360
243
40
246
847
997
391
503
788
818
247
950
1000
482
692
775
