0129
159
984
955
240
220
429
645
760
887
109
481
208
599
31
521
755
667
233
889
402
845
827
143
31
907
719
960
7
646
639
334
603
699
450
725
338
424
73
291
615
971
875
264
124
702
169
306
900
949
648
911
419
563
847
714
181
863
895
19
736
416
764
208
267
566
521
706
219
977
3
615
327
555
431
894
208
323
18
427
851
364
197
339
983
480
150
504
357
965
384
664
9
357
936
487
674
309
252
976
300
101
556
313
718
460
846
99
196
946
936
832
783
952
986
617
412
817
232
12
625
979
880
886
800
634
579
487
266
916
612
167
596
837
646
390
63
829
916
405
248
516
461
552
476
35
733
784
42
780
191
759
406
943
163
305
924
747
269
59
429
214
277
248
4
638
520
256
278
851
540
857
730
808
671
41
783
849
855
231
948
457
611
449
801
483
477
731
382
321
603
196
458
140
725
91
1000
941
533
637
196
993
600
462
730
311
989
340
615
827
908
731
263
668
554
538
776
28
597
307
293
821
523
215
295
702
664
951
797
651
255
570
