0130
22
680
368
336
744
142
590
980
475
922
731
148
510
77
193
148
751
400
126
34
128
80
604
709
701
1
10
224
13
764
31
468
925
163
428
108
759
598
386
532
266
861
990
79
439
692
163
533
440
351
12
389
366
580
974
985
363
585
519
991
914
334
867
506
997
557
816
360
501
572
637
916
792
734
651
342
799
30
67
206
922
553
891
453
850
947
420
822
616
610
127
338
899
873
198
322
76
22
46
764
640
982
503
6
362
464
580
506
879
757
904
617
44
799
310
170
972
867
109
126
299
607
412
748
789
48
906
818
138
435
637
36
198
31
442
572
945
781
616
966
760
618
427
826
62
761
670
260
989
932
215
352
213
859
387
714
280
422
829
32
451
684
418
842
293
416
762
88
115
609
261
719
838
236
30
49
134
878
278
263
427
489
852
816
390
285
657
413
408
627
126
945
831
67
210
333
582
86
352
653
448
341
694
906
654
696
708
71
463
429
525
753
100
451
189
245
737
847
92
860
36
622
301
859
92
193
767
380
385
180
365
864
197
479
909
56
826
249
311
668
132
26
371
697
695
492
931
727
253
956
521
25
944
46
845
977
660
911
376
527
527
844
406
764
100
847
846
115
811
334
818
566
277
79
568
390
960
695
363
572
189
250
825
704
538
554
659
202
536
151
744
230
634
401
725
992
470
487
233
782
346
237
554
269
528
162
443
935
855
118
124
1000
892
479
94
362
873
984
882
831
604
983
155
678
77
104
704
731
538
380
558
941
406
864
635
705
412
764
223
258
950
539
664
70
608
946
681
247
384
784
722
683
190
810
396
138
512
67
890
831
371
955
927
34
563
48
69
83
811
593
282
491
146
694
926
540
636
323
924
470
534
19
585
855
754
724
693
291
381
274
615
52
514
812
400
783
225
91
981
14
506
298
722
235
162
919
821
787
897
322
447
320
972
63
656
311
556
143
281
938
524
132
224
699
949
277
126
334
412
745
288
614
907
268
24
563
885
781
75
216
538
166
808
554
40
189
362
495
756
372
273
460
925
749
844
397
34
808
320
891
483
305
413
835
277
564
497
804
165
239
271
132
950
51
303
96
885
391
6
712
375
291
395
599
221
561
