0131
537
753
18
602
263
351
709
383
530
887
337
188
379
859
119
842
692
409
962
488
943
867
917
886
73
797
786
10
277
158
334
117
347
869
367
674
773
976
427
188
680
699
488
532
186
297
254
786
191
355
452
622
573
793
578
953
287
244
768
306
126
778
934
545
494
634
193
41
2
117
946
420
369
28
955
830
523
334
384
875
5
951
878
986
181
257
879
117
334
539
262
470
250
317
668
556
248
757
571
250
157
379
484
315
555
547
654
540
763
158
69
372
288
914
407
396
744
883
27
613
220
561
876
852
218
41
125
550
518
200
989
990
451
392
953
487
391
546
554
874
79
76
678
