0132
136
292
104
173
621
572
386
111
389
443
121
291
225
203
617
179
218
474
994
949
744
396
107
539
680
761
211
287
40
754
523
205
637
270
91
390
488
645
633
980
837
658
303
648
423
803
820
957
741
773
900
99
317
237
625
341
494
761
936
729
690
590
969
453
930
717
939
321
973
963
768
513
692
756
452
381
432
557
240
209
35
607
873
553
518
795
815
883
132
753
568
797
644
704
65
397
362
707
499
12
766
709
700
474
932
206
549
219
177
456
498
186
348
981
791
328
411
468
532
301
869
530
922
172
435
552
28
62
746
866
555
557
728
132
450
462
7
54
640
645
381
479
561
803
897
910
14
557
410
123
860
581
590
751
484
730
151
558
519
649
282
575
152
204
99
376
310
806
223
429
297
278
920
992
577
338
297
70
656
668
27
917
563
597
839
301
415
954
504
155
566
419
4
452
377
552
25
315
150
965
771
155
595
169
456
713
663
762
903
690
304
275
239
353
81
272
381
653
726
235
196
801
599
320
441
971
671
419
488
