0133
734
931
97
856
175
60
66
676
802
512
164
507
777
357
73
595
132
768
223
519
170
338
167
589
906
313
534
566
874
889
808
431
758
142
183
367
890
543
551
367
305
451
291
171
587
727
152
277
304
347
911
566
633
3
887
856
130
274
551
815
282
752
349
203
460
106
618
2
302
646
907
720
732
165
495
655
895
276
990
141
618
344
703
818
279
795
464
98
673
162
850
310
539
46
798
609
150
946
131
806
315
869
862
773
598
593
304
52
455
261
34
688
563
375
575
181
417
766
924
854
955
201
200
178
178
248
794
448
346
911
985
157
872
643
903
450
192
633
918
329
289
750
780
69
494
393
837
718
65
83
304
966
139
871
794
262
905
260
341
878
922
965
948
447
62
709
607
661
166
872
714
159
284
78
64
251
555
810
924
295
314
750
712
14
968
736
141
134
555
179
824
952
304
622
201
679
101
403
967
440
461
401
800
562
38
236
