0134
273
579
738
176
496
239
976
823
913
843
444
419
895
592
329
482
962
563
91
345
199
903
528
202
88
842
355
37
338
796
504
872
297
793
278
65
392
376
286
711
217
341
711
296
608
948
718
222
3
468
94
895
779
144
763
382
548
81
638
190
15
891
223
821
730
538
522
647
470
580
406
802
576
330
196
558
336
258
827
207
905
177
280
57
485
557
331
588
118
686
742
747
205
654
8
83
51
483
693
341
665
280
473
711
510
110
413
73
412
36
907
942
801
230
188
921
292
741
31
467
840
128
338
103
882
412
335
311
156
505
562
19
69
540
807
518
624
394
859
307
93
767
253
867
315
356
172
80
772
673
558
675
618
929
676
687
798
575
569
824
3
210
109
964
871
253
340
958
352
562
993
253
951
363
257
964
178
510
927
495
621
574
379
430
402
326
661
552
641
205
486
832
301
929
315
670
724
528
433
828
330
163
473
983
824
215
484
845
866
888
672
827
686
989
325
347
413
972
786
749
81
200
570
85
752
107
885
503
608
117
672
612
494
823
731
536
297
215
