0135
929
568
646
651
94
220
567
644
966
429
263
452
514
854
252
263
4
268
19
825
275
746
319
881
44
576
369
958
154
242
417
453
11
537
233
315
45
186
860
449
164
730
183
95
907
603
124
607
397
430
260
401
682
440
139
1000
522
335
197
243
226
219
198
200
340
67
907
47
271
411
651
647
161
640
400
721
546
813
836
782
959
754
75
628
210
355
299
535
293
570
612
61
889
498
399
674
728
782
895
14
620
568
512
18
64
137
179
247
101
57
141
680
608
144
485
669
141
986
770
616
896
168
754
802
185
686
719
450
577
575
357
938
653
297
697
648
132
287
730
104
28
783
101
444
287
470
