0136
339
886
554
80
771
602
338
854
986
250
751
491
967
448
971
771
784
195
746
625
806
407
978
223
461
265
8
35
748
982
285
582
696
976
591
15
89
389
737
567
96
139
273
645
714
86
717
32
40
257
148
416
509
16
376
827
771
188
734
721
213
873
862
991
287
108
884
369
131
599
750
354
922
980
318
709
746
413
631
796
646
89
348
228
220
808
524
667
494
968
8
868
495
935
754
634
185
880
275
601
818
462
609
179
260
868
949
366
834
908
561
800
974
427
443
409
495
982
90
472
363
105
343
13
110
507
434
874
466
295
937
897
145
451
762
24
772
933
426
675
84
342
596
537
225
684
308
161
984
63
488
786
476
650
520
537
396
819
208
409
93
588
525
627
397
805
672
961
31
909
979
102
495
693
951
678
697
804
550
475
68
65
444
150
510
862
553
693
356
421
