0137
535
170
393
724
922
50
475
459
569
955
627
842
975
235
285
358
768
998
822
818
534
197
461
251
629
38
887
961
870
420
525
987
492
676
660
250
338
653
784
639
97
451
55
578
372
294
815
193
428
722
406
168
980
591
466
411
993
609
775
319
96
416
577
894
252
662
500
321
649
16
40
161
802
936
164
73
238
724
891
864
811
436
505
192
621
301
428
1
204
139
542
14
598
375
561
823
197
207
395
582
922
153
748
334
301
475
108
838
564
70
952
667
969
810
88
571
279
944
167
347
222
158
20
186
473
621
824
465
472
52
492
645
250
443
178
925
265
83
248
887
706
717
364
211
214
405
464
14
324
921
616
173
259
810
889
741
705
949
825
4
721
891
954
538
496
482
632
124
792
226
503
329
862
255
367
683
871
782
553
389
835
729
44
614
778
21
913
962
526
312
438
407
810
812
4
54
501
344
594
991
545
15
637
405
283
206
533
581
879
37
591
962
236
827
190
902
369
745
615
191
995
488
471
615
428
67
438
388
378
487
46
330
640
568
846
57
820
644
646
260
583
921
900
