0138
833
400
326
324
401
372
941
119
433
637
521
793
811
774
793
507
270
229
496
140
767
567
778
835
667
275
378
505
996
658
167
680
579
196
32
996
350
996
621
280
689
606
469
119
463
744
961
810
115
73
785
629
432
656
912
975
451
712
336
450
452
542
772
388
57
357
121
121
985
143
446
431
360
728
60
309
435
707
839
624
872
249
583
13
812
562
527
830
436
515
694
523
261
735
990
502
58
339
861
77
190
8
643
956
367
632
604
925
751
874
576
872
237
500
632
261
511
147
141
236
156
261
676
579
542
271
51
238
358
185
