0139
271
743
127
676
598
37
562
571
616
114
236
708
324
7
742
541
564
586
124
325
306
715
511
677
778
180
332
431
369
187
58
441
889
108
343
165
768
833
568
497
720
214
651
651
355
125
121
981
823
2
255
760
397
939
758
612
99
350
19
989
255
213
114
794
844
81
824
173
443
430
244
777
506
887
362
994
702
627
277
260
7
560
130
166
389
775
225
264
124
852
323
579
271
653
383
216
597
275
65
806
357
747
357
996
105
7
655
723
178
329
617
679
511
77
991
745
415
111
801
959
961
90
25
998
594
608
890
527
296
88
530
356
691
919
162
228
388
748
624
421
999
109
310
483
909
62
387
209
738
2
380
476
451
972
31
684
350
280
45
162
544
805
211
899
776
221
369
346
325
837
102
110
932
256
898
807
217
950
544
