0140
810
333
518
914
345
211
225
492
255
947
846
884
152
992
582
120
725
398
449
253
94
124
850
923
783
356
78
309
530
322
999
527
617
100
608
49
594
602
990
63
144
989
203
981
709
583
265
330
629
863
658
828
209
659
585
831
364
809
1000
607
273
723
440
985
882
45
105
578
310
577
309
527
934
949
465
237
971
693
476
363
305
180
180
803
628
261
825
843
792
328
798
75
684
229
130
3
383
793
159
592
770
698
613
454
930
414
144
913
157
84
906
8
663
79
155
748
751
755
813
311
216
440
100
753
232
153
391
235
565
161
932
488
275
158
803
718
697
204
268
465
612
120
109
391
488
827
265
263
904
458
533
136
912
961
519
517
279
127
980
329
884
248
62
669
134
382
612
250
191
558
776
643
256
829
419
433
107
257
444
944
567
560
693
825
93
697
292
847
599
971
139
146
641
234
533
201
583
597
977
162
799
103
777
238
705
79
930
