0141
29
618
123
125
342
641
981
244
638
422
24
528
600
28
247
659
233
615
649
119
895
761
514
650
160
181
337
948
905
329
686
649
341
8
488
881
511
484
698
899
71
506
401
852
321
62
513
550
60
811
430
83
123
250
17
760
212
272
928
296
90
971
242
946
1000
632
736
789
270
297
285
105
926
272
17
543
802
288
141
626
677
97
591
104
789
638
357
970
367
353
582
212
644
927
713
170
374
654
39
960
315
573
824
226
524
847
852
417
836
813
988
745
221
307
166
872
436
801
956
677
587
121
470
284
942
7
537
340
916
940
800
969
926
395
109
549
423
383
355
672
57
148
325
286
282
29
927
866
372
717
79
694
190
461
704
540
267
876
336
229
936
168
972
769
926
435
906
337
451
883
367
992
576
295
338
809
667
963
418
351
122
790
370
903
903
15
816
179
958
224
656
115
532
218
380
374
883
663
841
556
137
871
124
555
686
903
673
849
928
495
302
997
49
687
12
413
915
486
607
687
433
264
870
451
179
181
990
552
86
561
735
262
883
776
931
709
712
463
748
980
141
396
522
647
920
594
864
21
403
335
488
313
688
393
682
454
698
831
731
731
891
278
786
985
225
776
895
532
400
938
745
652
134
940
421
80
670
234
18
749
490
491
272
556
740
193
80
53
974
368
54
276
882
871
451
268
721
290
875
547
224
419
933
781
189
380
928
595
74
520
265
778
506
126
568
602
547
632
