0142
168
670
636
258
371
369
21
19
95
428
145
430
779
889
11
692
291
977
325
24
881
746
680
632
714
208
339
785
818
910
505
774
859
775
412
149
382
84
164
791
217
714
313
80
934
523
519
819
669
351
929
855
615
447
182
135
496
623
64
736
432
811
146
867
210
433
263
484
630
377
795
257
646
542
507
28
223
603
392
144
120
192
187
347
296
188
497
49
434
751
164
293
582
789
680
342
545
383
166
441
988
526
459
766
25
951
974
838
512
612
551
865
521
999
32
817
385
523
901
558
698
561
601
915
164
980
250
402
891
899
895
162
636
164
33
701
956
728
866
731
581
66
620
560
