0143
329
536
559
642
174
13
999
302
850
406
976
301
120
555
732
489
806
264
287
86
311
283
601
927
592
781
732
303
221
848
832
106
162
154
173
561
511
915
778
970
629
394
670
780
682
306
986
195
848
527
179
928
301
661
63
501
498
595
414
575
83
176
952
663
136
574
122
653
299
79
774
864
370
203
834
997
760
116
939
96
193
480
427
998
697
843
708
567
377
867
533
397
734
581
295
890
867
562
584
563
132
307
192
929
633
79
667
897
605
301
858
150
936
782
510
34
63
763
684
692
229
304
360
659
395
23
107
907
900
274
386
826
156
64
171
822
333
843
858
705
156
995
738
356
340
397
847
152
318
320
314
530
45
708
625
255
295
152
681
907
32
711
569
130
855
509
658
421
848
720
238
570
630
942
222
958
634
172
260
961
703
836
190
425
192
713
657
537
16
463
934
1000
202
208
475
491
388
356
642
737
664
857
888
63
275
363
265
35
235
590
615
499
642
640
522
526
574
5
893
972
891
248
690
953
229
717
340
242
883
298
433
648
129
177
258
32
840
283
698
243
292
679
581
355
73
918
533
392
74
173
840
729
692
179
732
275
668
193
732
39
34
613
943
890
356
242
770
