0144
852
270
459
165
57
753
840
805
462
784
885
717
99
252
698
788
322
653
810
144
650
423
949
549
627
615
159
514
431
632
229
691
352
285
546
530
515
568
421
415
206
224
697
729
863
541
310
849
374
969
450
303
678
28
324
10
744
722
665
351
755
370
674
461
318
968
324
125
541
647
357
789
655
241
642
703
552
370
256
494
719
60
362
916
356
772
716
471
360
590
644
82
474
19
668
954
265
735
249
62
509
575
213
408
827
668
6
893
338
628
687
254
758
110
777
889
775
413
266
911
670
529
480
787
255
12
701
494
127
222
359
654
346
883
391
933
925
359
