0145
14
723
200
757
356
816
348
681
40
664
870
420
18
41
424
488
734
954
649
170
808
73
863
850
225
219
171
563
985
680
826
849
193
551
683
365
396
107
322
246
942
367
741
197
898
349
689
368
685
51
239
669
8
951
299
161
153
556
851
785
993
82
887
374
434
927
509
662
950
369
697
625
596
167
173
713
781
642
300
282
115
729
9
975
653
555
586
568
5
168
812
908
681
125
152
999
378
187
924
276
950
146
901
122
397
784
376
77
811
958
660
723
636
420
158
742
207
735
742
745
611
951
608
252
836
923
506
619
147
824
664
524
114
446
958
59
774
679
576
727
81
86
