0146
36
596
114
40
813
225
781
372
684
340
90
668
488
273
919
136
66
424
433
509
26
895
253
109
106
488
957
477
592
497
224
479
799
423
393
682
811
750
259
271
323
206
482
829
151
685
923
670
620
756
898
476
818
740
878
429
368
409
968
426
450
726
442
952
483
535
296
308
57
231
520
403
239
825
865
984
733
473
458
822
341
348
940
467
677
134
350
597
847
752
215
173
165
538
411
652
240
416
11
958
922
931
396
397
770
521
117
215
553
241
817
952
544
983
448
209
333
28
374
174
38
354
114
602
501
602
920
841
897
800
615
184
763
436
278
666
476
691
650
426
375
281
790
290
165
389
739
459
44
24
573
87
662
601
652
953
898
433
16
575
710
77
548
748
910
549
334
862
434
588
32
376
280
6
771
614
724
906
11
927
679
985
661
419
652
337
297
513
454
792
603
934
8
475
412
996
568
700
462
48
149
655
333
859
396
813
103
41
868
749
910
453
714
536
819
809
662
116
387
327
126
385
150
161
655
137
874
539
488
582
388
373
270
108
762
121
720
984
544
783
549
564
270
763
187
313
71
862
293
351
424
857
64
183
874
869
588
394
152
130
671
749
278
142
733
393
368
217
877
122
572
590
955
240
318
99
423
139
356
645
41
112
576
109
613
337
315
555
375
548
166
530
308
459
544
665
201
532
502
754
420
645
924
793
303
873
33
521
704
702
262
589
750
598
932
229
394
325
974
457
918
690
561
195
806
511
524
20
288
736
280
541
313
825
836
772
248
60
680
906
802
320
258
9
79
580
632
378
1000
693
5
290
231
534
936
477
318
905
674
394
450
98
734
304
279
403
155
899
375
104
59
198
64
200
668
667
467
94
545
668
344
752
706
765
893
391
805
51
908
431
897
368
228
690
353
233
671
248
837
485
312
164
502
18
674
990
470
174
400
851
665
636
548
664
394
796
769
597
710
734
864
535
637
898
875
710
83
521
507
573
136
502
921
116
20
183
736
503
746
656
880
519
569
609
473
78
786
148
555
873
529
51
319
978
27
656
645
508
364
955
522
299
98
506
21
526
627
150
446
222
