0147
590
789
399
973
693
34
447
876
312
917
151
152
131
944
898
401
796
302
646
987
409
257
901
10
3
723
775
366
99
96
538
638
454
618
329
632
447
948
59
311
426
898
385
698
714
614
92
289
526
514
1000
749
356
831
210
693
443
229
299
455
599
671
691
602
341
498
774
407
923
469
886
671
601
926
383
9
100
187
96
57
13
756
811
498
549
689
689
666
704
928
303
364
613
239
47
6
753
861
22
941
321
91
297
434
258
789
880
855
166
90
258
856
487
646
223
784
122
951
518
507
509
123
596
776
564
701
880
140
767
993
83
928
769
515
570
655
442
597
543
936
410
465
883
678
722
23
441
914
245
724
110
780
613
890
121
408
978
884
758
137
688
491
502
539
917
824
395
25
286
446
367
152
90
591
460
455
605
171
461
647
311
742
960
816
216
541
248
380
227
575
460
38
972
803
849
704
327
215
910
412
951
785
342
879
608
465
738
400
394
831
419
851
282
301
644
436
981
413
77
705
47
219
