0148
533
211
683
597
934
133
787
436
223
553
293
585
148
750
273
957
106
208
512
993
888
92
732
358
596
336
371
619
997
861
700
932
380
30
548
383
558
267
930
976
16
15
148
691
39
865
310
818
992
407
752
355
573
735
108
486
227
228
945
662
138
592
397
965
1
625
967
929
523
474
431
166
107
446
154
451
235
760
697
728
829
43
466
830
309
92
397
243
372
961
112
584
634
35
653
150
789
596
327
674
61
153
107
819
39
312
186
389
91
662
724
999
80
649
986
928
899
49
143
192
806
21
113
111
607
536
494
960
67
469
543
187
521
635
148
316
612
670
429
553
62
182
287
316
379
649
863
153
648
87
763
254
388
510
819
585
394
371
554
701
772
632
2
126
198
724
490
553
126
62
103
608
863
228
667
42
720
215
313
539
207
967
341
499
473
477
881
949
492
905
68
353
194
548
532
752
878
637
320
896
796
382
935
799
309
849
197
793
1000
900
709
731
635
704
441
36
279
810
972
375
326
419
198
859
52
100
576
761
34
161
59
262
649
925
483
458
1
197
316
521
286
450
175
320
991
684
409
767
