0149
223
380
385
95
25
444
177
564
193
803
944
58
64
256
913
136
802
794
170
999
558
5
831
319
55
814
84
69
896
798
827
744
421
412
273
442
980
126
415
410
720
499
878
318
526
326
171
244
323
542
865
840
912
504
701
968
1
774
251
964
705
284
993
125
535
106
671
18
985
221
329
995
717
215
135
822
210
617
752
117
136
676
14
143
382
608
790
215
397
260
803
434
310
935
792
441
383
237
473
881
585
827
116
645
267
83
414
423
993
972
764
498
941
424
350
961
303
344
231
637
557
100
879
265
658
906
606
416
746
54
458
901
435
273
699
604
542
537
520
677
69
900
680
150
113
163
601
925
652
903
88
910
430
119
493
501
368
69
595
508
990
555
306
277
772
5
283
670
454
726
352
410
710
28
153
859
1000
236
430
674
372
148
197
12
994
