0150
877
617
773
948
88
583
144
909
517
389
813
951
925
182
412
380
786
799
677
869
467
846
385
299
657
954
664
295
481
269
483
699
900
570
719
757
816
789
205
949
528
183
574
826
184
213
270
235
387
174
259
51
139
740
650
647
556
149
240
539
138
12
316
743
708
494
110
508
647
137
153
314
873
409
586
405
2
858
635
892
167
505
698
420
135
320
361
771
445
713
312
559
934
526
649
301
748
96
219
382
134
165
290
807
407
338
243
358
162
684
872
210
175
359
10
43
83
100
922
410
946
59
245
826
424
99
533
517
549
496
116
297
930
884
341
159
791
53
490
801
2
970
42
427
783
288
513
873
377
81
746
598
838
292
63
129
121
789
649
77
410
389
32
45
896
562
327
348
524
680
287
632
548
611
629
743
676
270
217
826
729
905
696
350
627
59
306
338
640
776
471
176
521
88
38
453
317
240
150
885
66
854
624
748
615
957
591
712
530
662
881
812
581
932
769
909
534
422
76
995
634
638
362
75
447
705
579
4
500
226
888
941
823
403
378
539
715
870
361
919
889
964
473
846
769
237
538
