0151
887
105
675
392
812
653
601
942
1000
186
178
373
850
602
788
934
572
848
251
219
152
702
662
503
208
139
493
993
352
749
427
96
933
19
352
634
504
524
854
506
525
122
43
773
223
209
483
292
331
648
379
57
679
171
259
656
321
869
914
535
147
612
171
29
886
749
208
249
531
387
650
473
205
632
853
156
713
181
667
903
766
67
771
388
176
688
130
495
299
713
677
73
950
320
531
49
156
987
640
878
940
212
384
278
817
245
737
459
167
920
31
782
117
907
564
883
937
852
997
952
50
349
376
126
63
349
473
853
246
18
342
253
1000
53
596
254
771
153
231
622
63
685
814
532
10
817
65
433
33
128
944
271
364
234
768
626
204
307
485
231
756
706
608
517
874
603
359
205
798
37
908
136
548
908
672
294
611
991
604
963
841
320
550
21
995
675
447
570
713
263
342
328
382
803
272
999
21
277
608
310
623
22
420
999
729
156
192
389
463
218
24
737
100
516
870
513
625
782
817
337
820
841
605
356
603
186
251
767
836
667
643
687
988
321
772
381
764
129
377
275
354
442
332
606
750
200
