0152
548
424
297
548
80
681
420
908
467
772
719
128
255
713
133
886
668
234
321
839
308
600
865
28
738
705
891
653
683
436
79
386
713
973
403
135
415
202
603
838
452
899
156
522
973
502
352
720
72
896
779
859
243
781
70
680
976
285
394
920
563
971
438
10
51
672
451
816
49
577
13
65
226
589
866
801
373
784
560
851
8
591
113
714
2
881
539
633
314
279
713
435
108
840
405
600
800
224
748
662
235
321
109
251
837
140
681
940
616
536
697
542
150
854
327
103
625
765
597
163
23
253
221
285
356
694
358
85
776
545
79
191
768
965
344
599
379
450
219
912
339
530
169
878
232
300
312
579
647
260
865
927
236
150
986
379
244
822
64
158
37
1000
93
674
163
167
213
550
773
10
708
960
122
663
6
95
294
960
991
834
916
786
698
685
723
617
115
200
880
113
476
95
267
919
79
367
624
448
575
295
917
644
939
409
8
820
682
232
187
695
572
381
734
654
104
855
331
930
356
435
93
803
384
743
851
564
646
886
502
587
748
61
226
139
615
159
663
233
1000
78
958
371
855
610
582
657
933
156
989
76
713
25
104
732
405
165
450
101
82
747
40
714
310
88
206
990
840
102
464
77
238
495
554
295
528
803
157
699
499
30
668
717
774
34
416
867
210
228
791
407
275
2
98
237
293
820
78
178
750
147
968
985
835
536
156
188
630
34
980
205
205
533
523
636
745
758
602
73
142
691
983
954
773
468
460
955
116
246
247
485
634
419
146
817
334
447
647
750
76
154
574
64
996
674
473
2
194
21
566
670
240
908
1
501
924
592
205
302
87
331
998
667
891
538
961
743
784
899
859
18
145
69
391
231
864
221
345
162
554
884
331
701
646
871
876
35
189
162
538
888
680
6
909
228
818
373
421
911
192
930
496
239
622
611
687
501
118
887
590
784
88
810
993
663
349
957
500
990
807
439
370
960
2
79
393
929
903
852
304
449
596
476
490
235
927
899
621
987
699
366
968
220
179
463
537
681
327
750
40
333
325
368
656
73
272
369
544
142
972
727
564
952
436
875
952
955
882
309
102
568
305
251
710
483
971
414
531
291
143
505
745
495
79
796
592
941
