0153
204
967
62
849
914
244
677
270
867
242
417
680
671
31
392
955
209
329
313
899
993
952
761
715
88
398
175
930
298
787
913
320
124
920
740
576
124
525
430
656
978
153
955
285
406
892
786
877
374
881
59
889
551
690
901
692
167
90
29
597
729
427
569
192
952
347
583
394
10
769
44
43
164
658
655
435
45
312
845
130
397
940
780
891
525
611
380
271
106
266
436
812
819
662
30
48
75
614
856
554
510
261
667
357
142
623
793
998
517
842
1
886
121
531
326
184
97
459
758
409
765
876
428
598
867
82
621
293
502
318
57
78
847
798
361
538
255
429
591
286
855
803
637
627
982
854
707
620
776
822
610
939
922
563
633
645
495
944
987
379
506
466
686
970
846
188
549
355
974
134
848
542
593
240
821
608
876
104
615
839
780
677
291
544
285
541
994
98
388
91
598
168
624
549
273
72
939
925
114
577
180
713
352
814
637
209
361
185
16
435
881
340
634
97
527
896
2
809
402
684
952
999
351
631
483
609
108
895
743
535
1000
829
612
676
219
307
29
676
816
575
720
742
752
904
486
156
853
94
528
954
864
418
525
460
429
586
31
804
510
935
291
194
209
958
410
32
43
988
502
818
192
916
100
274
3
438
204
912
638
790
581
434
750
164
595
721
265
966
40
541
285
697
469
705
196
886
439
376
496
204
753
75
480
122
517
533
605
631
93
226
537
978
313
195
98
498
855
167
997
555
317
460
437
719
942
497
58
137
534
176
301
569
711
474
682
405
475
153
803
285
938
575
599
138
963
205
126
303
854
262
14
373
979
773
814
552
514
497
694
980
923
907
848
979
85
233
860
786
116
587
212
450
868
472
819
729
977
650
868
329
492
780
582
702
773
407
870
39
581
989
385
37
41
301
742
980
96
872
901
853
915
381
233
885
330
391
545
338
898
919
793
108
184
875
870
878
87
577
187
334
734
515
399
75
174
734
787
808
338
809
87
679
678
248
111
167
555
771
671
694
408
861
790
602
253
345
811
226
423
440
10
430
144
663
346
597
197
774
544
262
119
945
491
739
269
234
362
779
640
359
388
460
641
935
209
355
341
389
852
772
264
604
34
