0154
938
436
393
583
828
33
863
949
323
82
733
889
259
721
68
293
696
306
728
368
12
410
862
47
337
891
275
687
74
444
381
407
590
103
921
181
767
350
125
34
847
87
392
694
408
5
402
273
774
96
154
603
942
692
929
546
85
950
480
803
714
74
871
265
751
130
369
714
187
752
141
124
722
426
450
928
371
185
288
168
793
98
524
140
580
934
950
168
589
724
42
34
920
169
724
661
867
712
216
918
116
351
119
670
845
696
382
210
633
979
684
514
12
918
951
185
635
466
437
516
59
38
135
533
859
542
317
673
826
441
903
493
193
591
205
584
902
967
194
564
196
960
80
810
325
727
839
431
610
461
280
705
289
107
583
375
221
649
936
294
725
40
525
113
174
76
135
511
289
641
666
321
122
199
245
781
265
790
741
928
715
140
378
119
234
750
903
505
316
737
830
367
699
421
677
982
439
676
617
329
566
70
173
496
36
358
776
538
647
449
760
923
238
7
697
