0155
290
361
530
427
562
163
845
121
211
870
285
851
777
994
201
428
502
995
741
381
481
598
508
144
47
522
647
397
573
915
634
560
966
806
251
443
293
720
501
732
831
826
210
27
80
288
100
73
443
348
517
476
992
720
366
25
943
745
672
480
138
268
105
489
709
483
252
300
317
209
986
175
959
35
609
209
952
770
627
7
666
481
953
392
548
164
37
425
486
814
958
658
367
227
459
873
154
899
659
797
848
854
385
636
685
88
978
934
897
124
208
874
176
881
570
865
951
305
653
92
139
919
195
869
732
454
577
908
684
956
7
451
461
214
976
578
928
897
807
839
78
708
161
684
942
797
747
279
472
802
116
455
589
643
183
