0156
400
191
683
386
503
56
600
359
767
473
604
794
742
914
936
497
68
454
468
841
594
868
104
749
786
774
595
882
622
408
522
117
72
532
145
104
625
247
699
686
612
546
228
112
525
790
478
298
535
386
373
989
234
274
357
486
914
923
947
457
401
845
921
357
23
950
746
749
849
123
677
929
226
411
536
148
213
528
71
855
257
370
348
500
205
412
915
361
763
308
342
884
314
613
833
492
960
741
564
254
835
584
43
975
745
603
445
490
436
507
834
25
910
957
831
412
945
578
820
741
40
802
443
375
560
893
387
165
832
670
998
207
530
468
629
615
351
953
289
905
786
486
884
102
412
616
53
156
584
824
152
421
243
399
143
416
389
681
596
890
769
737
836
703
873
146
942
756
127
162
170
160
668
16
843
909
675
499
833
670
285
505
68
503
904
177
922
499
297
620
945
704
346
818
817
891
40
710
845
991
917
625
222
894
664
818
238
137
