0157
244
590
939
11
929
712
636
494
362
378
719
73
603
573
43
465
820
155
336
816
81
73
852
605
766
189
223
177
367
494
923
818
858
416
642
551
191
238
470
87
254
853
830
453
75
359
452
125
654
956
298
111
660
75
73
442
12
476
596
288
509
230
539
920
82
691
450
721
771
443
239
926
63
44
493
378
639
983
841
559
97
485
620
204
87
916
377
345
608
781
97
876
973
367
148
784
213
333
611
448
358
770
212
338
531
248
229
437
524
617
163
678
293
743
87
371
333
12
511
708
685
280
253
84
41
304
984
851
461
644
964
323
639
342
997
314
198
645
290
892
567
213
906
862
155
519
552
68
953
620
720
173
818
862
107
654
516
922
687
289
21
214
227
931
289
502
637
476
195
503
818
122
75
161
103
340
118
523
65
552
757
185
598
83
126
401
213
176
81
145
918
205
97
62
192
525
511
697
33
953
702
448
161
690
2
728
7
331
275
216
555
325
294
633
760
663
341
652
426
874
327
920
877
307
588
179
927
457
474
904
827
640
957
180
821
915
349
473
355
487
208
545
260
459
346
154
662
123
902
964
700
819
363
13
417
696
636
923
76
783
304
894
301
997
29
399
313
696
836
285
706
414
637
616
525
567
310
597
986
947
186
312
847
943
334
