0158
894
883
159
726
6
584
75
720
358
282
958
435
699
530
91
179
551
97
287
196
928
990
410
15
757
885
320
185
332
503
417
863
993
490
555
468
652
669
527
740
85
612
635
706
167
952
336
96
681
104
797
385
605
450
368
634
799
521
114
990
845
455
771
40
343
215
729
28
452
353
740
416
109
479
579
610
550
741
522
780
679
96
574
563
29
535
293
187
400
247
273
260
112
740
65
823
342
806
679
452
30
63
64
341
822
603
711
9
985
834
556
93
529
977
88
531
554
875
337
372
590
911
360
504
548
725
287
889
411
419
863
297
642
155
955
970
815
193
19
378
727
921
386
995
877
685
505
635
528
708
831
222
161
418
285
90
994
895
1000
645
128
273
388
249
529
352
921
52
339
155
369
626
438
840
871
451
685
123
698
518
280
82
588
710
952
935
221
232
991
183
605
872
404
387
970
746
746
127
230
941
156
254
233
18
23
102
75
72
387
420
661
762
895
620
458
125
177
151
105
996
112
926
608
708
429
186
902
121
967
36
940
969
295
804
334
876
749
732
480
322
689
57
859
209
598
632
284
223
58
346
875
53
309
634
288
54
977
698
846
851
291
766
963
64
17
602
661
850
163
165
832
617
681
966
607
892
48
568
468
550
184
51
393
707
381
286
499
64
261
688
229
273
150
326
271
730
547
346
822
742
429
588
147
330
633
472
73
928
937
354
333
443
121
984
716
48
174
725
539
429
1000
577
448
359
665
302
461
559
372
843
125
334
72
497
935
565
260
421
995
393
4
222
902
366
55
681
806
360
218
773
843
33
984
448
993
514
1
163
650
159
359
61
341
885
130
567
97
745
727
604
759
17
273
928
500
453
387
155
730
34
866
925
744
880
446
538
145
476
119
652
816
266
931
426
159
615
661
311
3
288
788
389
329
663
481
285
311
22
39
635
787
53
752
232
334
249
730
780
905
39
471
237
543
915
723
622
763
993
725
324
102
627
368
663
391
240
848
844
985
599
727
38
837
374
246
481
361
376
282
851
563
789
293
865
148
124
238
537
475
182
61
783
567
621
736
80
35
95
973
104
897
