0159
838
505
690
689
244
763
818
29
569
91
846
603
120
702
445
519
348
407
545
333
700
533
396
594
55
28
741
759
507
29
245
139
982
554
865
408
893
231
432
324
882
49
48
266
857
745
518
249
904
736
779
931
85
816
160
223
125
853
318
125
845
227
678
197
148
10
641
166
122
939
876
282
758
999
343
832
770
372
814
852
493
451
840
569
895
462
752
317
883
772
156
478
627
204
526
20
437
893
833
128
445
324
624
933
541
206
455
877
352
75
435
444
136
375
239
583
871
793
87
623
42
457
106
359
424
892
153
436
1000
325
62
608
594
49
936
862
123
616
625
589
477
165
850
503
641
311
175
506
172
261
701
265
356
934
386
857
582
45
860
576
833
965
242
967
182
422
965
348
554
1000
123
795
305
108
781
439
747
100
902
750
848
330
275
968
723
633
886
228
345
399
341
926
559
787
491
715
11
179
633
706
66
272
805
741
677
723
926
287
589
838
457
170
937
163
194
540
161
800
453
384
985
154
701
539
660
676
53
924
221
783
386
254
73
255
80
654
297
193
58
190
549
722
472
706
871
625
