0160
48
330
32
239
210
986
938
520
385
170
65
184
452
43
680
889
775
996
694
774
748
305
693
664
45
952
102
532
712
642
252
75
641
721
30
613
23
115
409
20
863
55
792
61
406
223
839
925
304
695
861
299
407
240
988
950
405
228
313
698
953
782
426
830
191
32
14
289
118
184
383
575
931
97
977
664
121
516
273
159
2
50
127
463
416
262
762
814
735
626
94
170
918
315
738
406
770
344
430
712
366
809
155
436
202
979
226
454
378
456
50
341
372
717
756
792
711
468
52
148
905
215
932
1000
152
430
999
547
721
493
560
291
82
740
804
305
791
350
526
482
690
762
790
546
316
405
169
61
30
212
699
510
779
106
336
962
233
383
366
775
588
547
31
386
599
853
651
586
271
326
141
763
444
176
787
898
756
658
253
879
185
974
410
212
981
284
508
49
803
870
318
815
22
704
838
871
746
292
908
300
239
616
847
81
913
374
618
156
66
833
527
254
22
935
390
389
672
529
46
56
133
139
345
608
553
360
155
301
204
280
60
522
679
534
387
409
587
136
383
694
989
872
607
68
24
590
80
996
154
646
259
543
29
211
133
554
148
631
33
823
608
743
418
652
953
958
502
218
987
215
239
8
658
383
762
736
259
874
160
445
950
482
673
127
197
70
304
373
71
673
388
540
834
582
743
249
122
411
499
77
815
817
225
961
330
505
930
93
802
328
71
220
