0161
391
450
918
346
670
529
290
897
137
622
941
415
981
340
254
425
962
206
580
895
233
996
72
29
87
922
365
999
550
968
455
771
557
82
696
479
887
1000
209
660
609
635
596
994
340
654
98
58
978
901
315
123
477
105
989
427
297
871
475
390
206
774
75
813
344
471
705
273
564
191
516
719
100
537
546
539
969
801
292
315
479
215
852
561
279
110
292
542
680
174
739
931
410
86
472
921
481
648
362
244
952
976
793
950
42
213
673
234
520
591
823
405
156
776
853
723
379
656
510
265
832
888
839
12
679
873
645
224
392
597
816
112
3
972
489
958
521
725
324
651
323
928
661
633
741
996
872
875
880
834
863
820
996
215
502
742
405
341
416
425
464
105
991
631
806
30
938
563
545
716
421
908
651
950
228
780
594
629
170
524
952
84
201
891
736
510
260
57
789
869
525
672
345
414
262
989
290
450
145
805
294
236
849
551
772
936
491
146
269
518
945
6
851
644
708
473
78
937
303
438
629
778
673
23
597
931
437
101
497
811
234
760
644
764
469
312
647
176
951
68
111
915
519
939
894
413
176
910
883
479
207
618
1
371
602
71
224
540
658
844
943
268
165
540
577
547
533
698
621
856
997
774
384
167
175
35
39
195
722
452
519
371
390
691
39
116
887
725
183
248
726
163
149
82
295
62
156
903
981
998
598
770
450
911
566
263
265
81
381
973
707
206
865
722
53
953
817
334
447
252
789
963
758
13
404
396
680
675
638
275
636
884
920
638
19
45
589
925
668
623
479
485
735
516
549
171
252
160
351
786
761
853
975
290
12
422
431
628
559
174
698
594
382
18
707
801
440
251
391
323
317
393
698
37
479
926
613
285
341
282
864
2
892
516
350
547
300
984
271
816
960
480
713
702
817
849
917
172
584
72
567
845
622
334
921
1000
128
684
610
93
31
858
963
24
758
840
590
204
327
267
204
693
349
547
712
86
504
487
665
233
226
202
998
944
582
25
622
164
666
143
746
371
585
933
416
325
27
484
807
716
654
810
317
641
959
44
758
488
88
55
866
485
569
75
144
565
412
534
657
51
254
223
6
658
911
776
12
153
287
868
258
291
859
443
236
608
969
480
238
449
186
306
661
503
109
