0162
879
463
482
553
469
179
659
169
616
182
325
715
338
684
476
634
617
199
153
150
697
624
712
432
633
47
989
460
233
597
214
464
549
250
437
996
491
431
109
617
401
633
824
853
608
109
697
102
602
987
296
308
712
508
435
94
237
868
482
873
435
117
613
29
703
978
253
760
917
614
784
850
794
868
971
193
671
257
529
944
955
873
504
813
635
672
737
87
641
293
441
911
834
655
448
128
443
880
746
450
193
829
523
525
119
598
423
880
455
905
665
681
723
784
172
273
592
256
838
790
749
689
206
192
216
824
651
61
68
266
278
251
871
351
83
464
633
206
702
927
657
361
95
188
344
625
949
298
735
830
468
523
425
104
937
455
258
301
656
722
646
708
980
748
52
649
267
141
180
508
349
607
524
858
761
216
266
824
240
995
602
43
504
799
761
625
487
188
2
759
576
714
776
672
576
809
765
77
871
611
455
823
491
289
429
786
122
703
920
247
603
778
594
425
945
333
341
602
133
36
62
835
192
542
552
744
135
670
920
191
750
199
495
642
943
859
721
732
308
742
208
507
113
45
930
67
269
794
404
262
372
839
962
967
340
93
118
686
46
378
578
527
665
728
121
731
335
944
374
430
602
853
667
244
452
465
600
898
601
326
113
170
382
509
584
350
315
729
556
233
21
969
214
766
200
99
98
408
380
92
92
828
654
886
160
677
231
820
294
311
533
961
511
709
202
301
657
983
391
310
96
776
558
889
295
582
103
623
329
610
335
447
392
833
595
927
312
591
408
699
781
903
756
518
154
905
115
276
486
95
246
719
976
757
361
833
408
234
375
800
914
13
412
365
895
967
197
749
305
43
369
494
850
235
587
832
498
559
429
433
887
736
208
388
43
670
935
913
666
94
159
299
899
938
65
911
572
813
621
165
6
522
908
106
333
194
81
447
791
924
892
81
882
272
375
950
359
611
537
596
713
879
390
368
820
200
9
166
672
728
484
680
433
924
61
262
110
990
561
3
678
560
675
563
636
920
950
456
614
668
477
461
119
710
220
49
43
61
420
888
489
424
593
657
657
784
259
671
519
309
145
300
710
468
784
801
697
884
834
951
779
