0163
819
445
157
158
592
629
745
846
92
774
327
423
600
177
269
315
114
682
948
87
889
279
703
21
536
310
734
853
728
19
575
898
620
686
857
118
227
105
354
802
154
125
601
697
419
907
237
366
719
375
959
910
931
737
757
669
656
6
722
714
661
691
768
470
275
156
724
304
944
558
13
859
574
520
986
779
843
335
550
909
21
470
499
862
422
744
301
55
44
841
31
3
904
396
298
812
839
927
528
467
789
977
415
82
818
482
374
360
516
703
363
563
137
72
378
240
939
650
780
15
436
91
622
757
578
29
900
772
359
260
477
504
793
672
890
599
978
396
350
253
932
329
950
457
491
805
237
960
827
963
370
490
545
165
294
178
347
433
536
521
834
16
427
541
80
774
853
677
480
990
100
154
910
840
167
669
585
243
906
6
517
453
355
625
696
318
552
548
49
188
31
58
78
208
761
547
223
409
441
644
892
594
273
727
330
878
844
980
131
454
324
659
647
56
802
1000
777
598
338
878
480
879
410
519
329
684
937
797
186
858
375
73
123
896
594
730
319
802
476
481
534
192
981
703
739
246
161
545
300
556
213
38
938
190
319
290
63
659
609
504
522
126
812
389
14
448
720
402
968
137
724
617
649
283
456
660
990
806
363
691
691
38
7
529
969
527
622
591
487
809
901
219
400
605
403
937
208
960
364
698
570
344
573
951
144
849
11
821
712
568
85
408
471
682
817
245
815
790
866
857
362
270
376
769
664
434
54
397
199
88
442
17
665
351
126
130
906
875
997
515
969
496
397
703
953
401
20
555
246
235
269
434
201
763
446
601
33
738
289
991
456
585
731
470
743
89
41
506
273
463
546
146
104
555
189
687
243
841
606
444
288
499
250
144
73
185
972
329
831
573
423
33
236
182
59
991
80
791
973
446
48
955
46
627
240
154
528
355
503
313
443
509
227
648
253
73
717
501
291
333
507
139
