0164
851
665
588
504
425
306
302
339
715
979
331
144
620
529
351
965
554
959
948
877
453
165
234
261
617
478
493
884
470
327
798
914
338
980
590
941
345
797
569
784
694
456
377
7
552
109
637
680
968
707
909
684
782
196
466
533
5
767
411
330
676
858
382
173
309
541
744
423
824
428
199
911
92
103
34
3
270
651
537
795
120
534
902
147
293
703
748
672
290
586
419
788
484
859
181
919
242
698
558
746
347
377
986
458
95
916
119
158
660
48
671
591
99
576
687
266
82
259
299
242
444
288
928
140
306
522
437
98
445
520
744
666
681
571
474
66
940
568
83
434
994
76
230
775
766
84
454
676
818
508
235
555
45
279
475
801
236
299
33
664
333
314
238
603
661
413
636
404
722
347
957
89
392
807
534
131
716
59
637
289
500
472
239
462
49
702
899
171
270
950
993
847
986
502
404
905
595
513
190
743
90
665
878
883
605
888
339
88
897
4
357
151
943
266
71
964
558
130
405
778
512
674
558
896
539
766
39
307
265
968
577
62
766
146
944
806
601
356
971
69
190
505
266
805
574
860
820
392
908
313
834
633
724
289
90
816
448
886
104
897
465
306
748
133
641
597
743
465
516
779
881
836
303
364
986
49
337
298
87
394
666
766
596
777
95
561
861
653
68
164
987
687
691
685
130
313
242
712
703
274
651
335
51
670
958
257
937
793
302
550
942
196
50
712
954
933
806
85
877
904
915
408
884
266
661
45
366
283
654
462
550
99
641
350
146
295
