0165
379
167
463
202
706
439
823
559
224
586
491
598
265
237
11
69
532
380
585
427
933
136
665
50
683
152
510
714
478
588
856
484
749
842
614
863
783
64
416
782
536
250
189
492
366
746
758
883
602
856
885
784
372
632
280
71
928
21
20
412
586
766
148
439
520
643
225
863
73
73
661
657
649
550
13
431
215
522
843
742
524
53
990
174
314
776
162
507
303
552
253
730
179
984
58
783
871
155
861
314
450
293
429
476
455
404
629
319
537
536
644
192
241
644
18
551
496
177
964
910
347
407
191
450
324
729
847
271
140
285
611
353
977
828
64
300
910
311
498
232
355
282
69
207
858
813
2
950
447
950
481
919
396
97
78
879
285
520
354
339
335
76
139
