0166
192
441
700
907
913
848
877
856
872
605
131
716
630
359
731
235
892
392
203
648
209
994
220
862
738
994
767
148
180
370
390
918
111
549
556
2
699
583
638
683
298
529
378
567
335
222
180
792
36
827
611
569
859
234
305
940
141
718
766
118
540
789
129
169
439
249
180
600
907
720
138
720
457
726
736
320
208
273
114
499
139
966
302
774
902
953
266
436
878
447
892
642
687
321
615
654
566
313
592
816
397
865
609
711
998
559
695
818
880
100
418
604
703
881
724
46
991
378
16
499
539
431
95
9
851
612
895
216
645
634
743
440
