0167
183
223
123
360
300
902
470
639
799
326
184
425
769
537
733
647
47
98
752
654
198
888
427
118
443
526
511
895
317
767
308
537
114
105
866
395
12
152
226
650
86
472
941
841
640
566
741
548
174
912
495
598
87
463
799
118
973
753
283
5
442
350
113
373
355
405
978
18
814
155
677
921
106
262
404
162
560
515
627
774
662
87
938
674
183
965
93
581
361
949
868
174
303
828
382
657
920
655
628
521
390
783
1
250
701
49
20
308
951
726
796
690
815
11
243
575
831
458
639
376
249
4
84
157
628
72
319
418
57
987
465
836
865
368
657
581
490
936
218
510
244
839
480
18
118
102
380
825
962
433
974
871
238
661
946
609
510
85
532
633
46
134
646
567
748
376
503
261
142
881
386
885
433
95
632
695
740
716
351
940
257
814
100
520
