0168
737
522
102
624
991
506
221
466
379
476
889
926
179
535
53
748
826
28
650
471
292
661
916
115
158
123
704
688
268
79
353
299
882
969
483
836
44
705
860
549
943
962
686
968
694
418
553
536
831
64
957
329
924
924
979
226
229
961
608
334
534
138
304
146
417
345
977
567
295
404
54
692
942
669
36
392
592
820
411
115
995
278
524
956
316
688
127
783
96
105
983
24
862
450
157
67
183
784
22
644
543
567
411
533
734
711
40
636
467
918
815
741
753
779
856
555
974
316
654
467
404
177
388
840
295
99
29
403
557
622
260
374
217
541
726
696
320
32
814
150
139
956
514
386
565
532
200
903
757
445
738
205
27
260
258
748
906
639
400
869
757
341
472
563
335
224
541
356
582
931
561
504
546
798
269
277
217
617
971
898
634
138
211
259
56
808
795
506
874
115
288
60
234
756
733
30
523
501
890
730
641
694
963
899
418
742
30
491
990
817
573
447
961
500
675
276
893
922
653
138
720
278
390
332
177
889
549
666
849
988
75
827
860
630
587
971
390
930
849
572
750
230
491
298
398
921
945
517
258
498
97
592
345
11
15
675
677
286
265
686
904
634
891
502
325
