0169
758
318
722
257
58
685
486
86
334
737
156
199
678
436
948
91
839
897
672
166
985
239
569
40
667
846
226
46
617
138
936
896
709
884
445
171
572
631
764
103
549
773
204
602
771
737
25
776
76
719
547
211
470
329
496
348
8
234
883
269
271
919
280
641
698
250
222
923
287
239
469
721
530
900
35
781
997
986
574
198
874
187
236
432
37
820
140
77
816
837
937
162
506
445
929
289
889
273
849
183
733
983
777
139
937
844
692
308
299
950
894
700
466
279
116
744
944
292
863
974
225
630
706
192
813
506
357
798
507
10
910
773
360
428
363
596
124
348
344
577
971
633
537
483
80
765
30
779
212
987
902
504
785
251
148
405
743
446
735
848
833
39
158
372
706
722
842
590
618
653
734
501
912
222
686
199
785
89
643
901
792
312
825
173
113
460
896
388
831
572
706
339
775
213
23
55
262
160
515
965
899
649
546
277
798
864
465
135
829
66
143
563
186
4
273
387
605
140
321
778
30
79
584
109
412
279
8
182
817
219
127
155
893
60
122
118
653
404
710
984
408
803
822
415
756
502
415
592
655
253
316
655
118
316
575
561
878
290
594
564
749
567
856
329
777
446
912
931
506
692
327
554
242
388
486
715
254
489
779
937
547
593
195
199
279
357
234
248
356
271
813
88
658
132
666
735
12
514
877
62
935
798
743
616
588
486
751
877
555
171
