0170
442
104
245
84
911
902
70
843
356
924
765
80
534
914
671
71
529
54
525
616
292
575
208
190
576
254
188
884
304
302
347
209
426
15
79
848
583
862
117
716
941
255
716
336
302
996
876
5
605
905
331
503
876
516
169
813
800
263
568
901
560
967
540
636
492
765
462
118
300
557
58
634
872
990
39
993
29
738
966
738
446
783
235
629
607
469
648
970
477
233
547
315
895
903
359
790
334
562
530
472
411
650
550
121
13
462
509
27
453
411
170
416
517
52
95
293
937
93
637
914
33
232
348
789
307
913
768
986
583
826
999
275
547
876
818
304
674
474
660
575
626
891
695
992
213
240
336
684
465
435
343
262
130
866
896
589
786
676
590
268
936
740
602
451
684
989
268
673
67
688
100
976
953
619
3
827
795
847
399
686
965
110
663
668
20
622
141
37
484
874
52
765
257
780
84
867
143
807
908
319
596
236
978
326
252
458
887
275
515
961
323
887
730
311
261
262
235
61
711
179
306
721
777
86
581
843
305
282
405
752
384
857
91
108
866
808
751
678
982
764
287
78
955
815
823
753
705
712
408
499
653
238
267
56
663
422
925
132
662
219
485
340
819
192
912
460
250
138
552
982
680
609
281
910
627
737
42
52
668
409
982
800
269
379
615
728
181
632
538
489
307
426
780
897
804
600
632
63
92
431
655
748
708
50
228
362
638
230
748
491
797
45
962
519
741
27
295
959
352
134
605
64
751
697
641
485
542
327
791
303
507
324
279
394
378
309
328
64
447
632
883
699
943
219
965
884
709
576
881
87
594
150
983
600
749
724
697
543
663
940
709
535
107
247
411
953
828
605
371
383
825
795
829
99
178
778
465
231
695
996
42
492
16
647
850
219
493
513
467
35
656
91
234
255
455
756
480
561
55
512
970
952
946
609
910
418
739
223
639
963
2
830
965
995
941
538
206
497
386
871
883
671
367
656
641
898
87
266
880
759
424
139
800
938
159
208
265
340
822
601
56
102
77
307
224
557
171
94
376
560
741
75
332
16
168
793
79
774
456
889
962
794
5
527
461
964
954
422
