0171
409
667
545
609
856
768
873
101
884
352
212
698
253
828
385
221
298
272
663
121
559
651
461
429
478
392
173
594
117
33
933
594
598
627
649
373
475
474
405
411
774
122
506
453
695
723
260
988
691
456
276
476
754
221
994
344
499
695
27
673
219
657
698
555
739
219
716
702
680
510
739
325
517
782
464
497
137
864
991
423
663
292
376
90
267
285
115
837
611
275
737
239
3
300
918
561
849
728
750
653
548
419
642
157
843
943
741
797
87
554
756
831
732
927
506
362
258
195
734
517
70
192
370
847
890
831
839
854
684
408
943
940
11
915
709
964
773
180
652
149
971
587
267
252
282
969
618
733
255
703
796
636
764
727
804
457
100
566
496
612
55
342
258
802
580
157
222
