0172
437
799
450
203
270
654
33
671
881
207
467
732
236
231
546
469
963
212
681
771
915
173
889
885
245
202
655
782
489
591
527
745
531
670
791
530
137
967
313
458
928
500
745
844
660
925
274
515
117
988
193
749
375
201
43
229
961
762
759
852
385
102
655
215
671
499
24
410
464
112
522
761
96
102
292
488
141
720
226
47
652
962
405
626
226
882
974
233
232
862
447
597
848
287
242
648
928
435
52
855
976
680
156
62
174
555
747
750
397
721
272
537
485
743
440
336
2
928
185
129
974
137
711
480
907
496
189
812
523
682
999
488
723
252
714
404
120
525
924
300
704
716
819
767
218
301
583
884
854
871
102
906
781
242
625
322
594
607
639
430
1000
604
162
513
637
901
253
844
322
743
509
967
238
588
245
584
799
203
905
288
403
688
262
89
406
614
852
816
233
565
956
892
948
958
38
911
692
838
574
964
984
402
867
10
677
421
485
948
453
15
987
581
7
611
244
332
535
540
756
676
735
962
275
254
523
393
585
165
780
445
313
742
521
331
955
116
494
9
206
698
393
784
819
487
1000
706
286
493
106
248
885
650
232
3
137
906
140
296
411
890
972
104
603
39
681
160
515
949
384
720
862
686
185
390
425
507
464
32
154
717
204
345
657
53
66
360
74
746
439
521
409
61
776
80
594
670
26
608
208
190
549
451
538
244
798
379
763
638
718
983
55
480
514
770
32
934
491
626
694
281
778
616
34
484
993
883
429
441
448
540
946
590
378
576
227
372
28
57
709
47
586
160
862
842
88
123
743
253
818
643
916
197
38
799
939
865
965
189
491
989
608
639
389
490
725
810
712
215
443
87
707
128
67
916
291
912
298
618
956
111
177
836
220
418
227
845
374
815
972
631
102
161
486
459
44
665
516
336
791
569
40
980
345
129
698
326
639
861
344
987
917
249
676
843
585
263
967
221
175
440
415
970
142
350
245
519
608
380
434
320
60
179
238
195
317
155
533
215
578
816
963
147
871
546
312
847
796
379
425
351
527
574
525
694
419
617
62
