0173
638
301
159
354
374
300
731
64
743
852
519
311
753
173
392
580
621
89
490
185
524
398
866
506
712
596
961
497
615
497
503
130
509
714
987
274
78
419
362
423
399
826
841
104
146
606
676
714
858
494
679
305
956
616
170
103
667
460
547
649
717
398
82
586
112
877
451
372
336
879
220
616
514
348
281
631
221
225
733
272
539
601
600
929
41
993
526
94
39
651
791
966
58
808
634
209
235
87
155
624
849
325
675
737
859
210
343
538
235
137
359
686
810
552
555
435
267
752
608
359
519
162
268
586
815
467
599
689
643
671
940
703
681
35
700
489
212
818
869
17
670
551
271
431
911
383
635
96
244
698
316
744
327
90
242
186
108
533
29
781
223
23
509
597
12
573
144
832
951
555
663
159
601
406
227
91
598
395
946
136
397
973
158
884
368
422
500
3
636
813
646
826
911
737
966
553
415
86
581
147
719
679
863
179
772
626
314
144
237
673
55
448
413
