0174
300
150
103
161
41
622
814
470
836
862
911
487
101
468
861
465
864
739
193
935
238
195
645
327
489
755
495
36
700
532
702
886
197
106
388
192
483
880
795
970
810
633
962
862
687
964
469
795
641
299
120
895
699
53
516
976
820
723
320
291
228
866
881
514
540
439
118
579
27
275
197
37
167
105
941
766
138
56
708
248
134
92
748
327
714
586
25
879
942
528
919
349
434
133
528
768
190
640
439
973
374
50
958
696
984
534
867
878
859
121
641
380
331
135
978
273
26
969
219
539
48
7
158
285
215
24
163
588
766
911
557
47
626
679
97
949
44
431
33
67
604
685
428
55
698
308
42
875
403
171
545
183
285
533
105
344
821
217
709
204
474
940
559
847
244
439
73
430
458
547
299
155
762
249
983
423
468
886
247
147
466
925
6
909
926
325
919
528
845
350
752
575
246
294
485
832
896
938
590
918
35
436
348
21
536
650
355
754
174
523
183
96
27
710
676
882
607
52
968
722
579
882
385
87
401
35
30
158
854
57
281
578
698
732
391
366
739
111
480
302
806
838
18
465
167
443
956
816
671
288
916
537
330
801
245
285
623
986
450
513
542
450
568
555
713
462
577
117
94
639
609
659
927
885
241
266
