0175
55
993
225
805
128
903
762
112
2
325
428
971
207
777
245
521
393
14
58
418
774
536
361
264
5
446
957
442
480
844
62
606
322
228
610
756
203
374
309
559
819
224
362
452
578
240
654
152
219
632
252
3
83
990
699
887
977
447
468
795
725
187
105
528
47
756
613
15
172
732
575
360
442
381
439
348
799
957
331
944
490
139
940
662
623
786
156
402
182
278
416
828
45
805
323
614
516
237
12
947
286
261
757
968
534
838
498
69
224
322
617
955
208
199
896
657
231
38
154
449
691
355
529
617
706
46
462
250
672
923
546
434
858
144
763
38
21
594
982
750
337
528
843
429
874
779
136
588
38
538
423
559
913
209
647
807
254
787
335
143
880
493
838
774
542
352
776
983
505
94
630
639
162
223
459
507
41
250
798
