0176
673
534
42
836
699
423
424
616
606
476
581
835
574
743
591
560
439
503
20
46
257
426
128
792
154
985
299
241
438
341
88
14
226
378
788
275
749
2
678
897
341
387
852
243
215
641
469
431
671
236
466
680
27
295
781
663
433
544
480
939
417
624
951
118
355
190
365
158
764
278
563
822
465
739
815
949
370
677
430
544
542
514
64
952
817
898
971
447
931
84
582
666
827
65
863
14
719
487
728
743
604
569
29
307
980
675
851
132
101
39
283
371
701
808
195
700
579
120
794
599
402
293
803
814
269
584
485
69
167
688
465
479
322
61
574
399
736
231
244
769
285
83
90
425
608
72
892
156
655
981
720
760
44
258
447
932
430
783
155
535
168
640
393
292
852
348
137
547
776
998
371
624
820
437
401
665
22
855
776
296
275
402
728
8
792
332
605
659
821
964
445
853
716
255
462
221
288
114
934
127
647
358
502
490
863
983
590
387
272
214
347
205
214
244
327
600
721
780
786
640
423
62
121
117
396
575
761
69
761
160
97
641
64
490
985
699
857
974
812
337
931
204
406
473
156
418
954
438
701
187
977
541
683
108
637
517
571
901
806
514
932
244
442
92
676
279
492
68
773
834
262
332
352
287
648
101
519
616
594
403
28
204
787
362
749
949
925
846
995
58
798
260
134
311
657
520
562
487
84
564
665
646
354
872
380
627
326
762
728
749
555
213
135
300
267
754
348
488
306
973
707
590
688
452
24
632
381
744
414
97
847
909
754
854
358
920
884
307
858
281
259
754
928
794
984
284
127
773
890
226
70
63
714
614
709
895
51
433
874
258
880
13
613
279
220
766
352
142
360
838
582
333
992
571
828
916
654
44
953
798
490
943
486
486
971
975
518
461
285
861
154
701
669
837
