0177
481
777
670
528
522
720
188
464
44
255
972
121
395
234
944
6
200
262
689
611
623
194
809
288
893
237
443
15
147
596
467
783
237
421
139
881
2
249
74
104
209
942
508
399
226
254
384
558
365
652
732
472
954
205
20
418
284
272
547
77
219
451
460
116
179
500
823
825
892
857
817
84
574
802
789
395
483
407
957
805
165
785
110
158
110
628
231
436
994
597
259
854
77
375
505
933
237
344
594
757
845
178
121
759
608
777
162
915
789
311
924
149
297
34
372
382
12
137
194
605
17
453
284
274
840
256
540
187
948
718
168
817
70
255
661
239
579
731
528
839
886
827
949
339
