0178
211
206
876
327
208
564
858
829
213
399
331
674
733
542
182
336
44
832
584
669
198
136
677
503
543
969
484
347
305
68
365
965
549
483
324
872
192
873
814
691
840
157
166
139
171
885
796
239
326
978
437
508
697
981
741
564
484
157
541
448
880
962
276
596
800
17
845
844
176
213
673
542
723
17
816
866
423
519
567
704
954
671
515
609
196
183
25
684
292
435
873
715
530
386
336
177
412
318
188
1
63
211
772
163
39
416
417
82
385
609
347
322
557
300
420
212
50
386
511
831
416
382
673
892
588
811
662
681
81
580
149
37
616
398
196
805
446
167
424
733
41
299
990
428
832
546
924
102
486
67
652
452
129
383
693
558
65
364
687
404
559
202
931
421
417
5
790
289
160
302
331
104
850
344
831
100
77
15
830
343
375
413
756
522
716
186
447
504
625
186
670
824
596
731
740
748
621
710
388
214
160
345
197
164
613
537
621
732
261
926
405
582
849
461
257
342
42
359
322
817
464
690
467
938
145
160
847
452
836
573
253
544
904
501
567
337
440
232
777
888
176
762
137
937
357
915
121
186
841
856
967
595
612
404
288
759
851
463
383
373
990
369
639
391
844
331
208
630
675
466
964
47
665
401
704
871
238
297
670
118
344
542
669
187
327
915
160
438
562
755
30
481
347
14
546
661
609
498
243
620
106
250
63
826
641
675
541
849
352
953
524
867
592
418
322
602
643
641
442
8
678
710
598
416
906
565
72
803
808
606
613
991
530
782
998
73
352
357
694
238
76
758
537
77
915
921
670
856
980
300
633
72
144
699
674
801
969
465
577
514
251
645
