0179
783
525
681
162
457
924
385
556
354
165
436
136
616
114
31
784
161
8
290
535
549
869
976
200
657
999
704
208
386
666
970
437
553
921
391
439
527
904
828
294
154
174
147
609
957
591
896
552
236
880
531
510
643
768
816
782
569
286
314
304
769
663
488
270
383
769
189
797
738
769
947
935
903
265
392
628
308
884
207
192
770
920
104
724
227
545
818
480
794
949
420
116
758
818
633
953
419
371
677
981
6
894
696
63
704
460
141
360
239
273
908
829
684
354
104
245
412
375
14
464
52
48
863
285
940
97
970
94
121
606
36
766
714
899
252
236
358
604
875
825
627
732
15
415
551
252
866
663
481
738
940
531
776
440
145
194
236
611
366
319
446
42
38
806
6
383
577
250
654
221
944
363
172
587
475
685
460
887
138
275
268
720
591
466
581
611
913
617
245
748
547
871
437
907
900
183
445
194
840
626
700
132
333
341
114
146
317
557
527
120
347
217
604
599
990
348
968
474
826
413
956
791
321
271
283
30
436
775
437
312
452
545
45
209
767
81
56
494
641
308
960
388
779
895
787
109
855
482
179
872
792
399
388
923
947
92
450
238
168
76
316
502
869
765
216
719
42
356
298
634
262
59
309
386
145
534
522
152
509
764
550
504
400
745
303
546
148
248
520
74
613
626
877
796
604
696
434
282
576
142
340
44
500
696
810
499
267
373
114
466
439
899
764
856
901
752
591
520
820
995
345
473
65
87
330
359
853
157
151
132
284
591
79
63
220
519
318
43
242
463
211
852
231
830
735
84
102
31
756
429
294
685
667
930
692
496
722
373
653
634
920
417
152
209
483
565
563
11
100
890
587
997
618
578
754
40
337
381
945
421
683
320
764
445
348
896
65
896
251
198
167
99
809
690
844
227
865
105
421
871
357
135
752
828
313
917
923
877
277
130
834
526
912
920
523
588
995
40
632
999
753
919
790
305
742
943
764
655
634
943
543
99
265
809
222
742
869
996
423
168
115
735
400
828
898
653
728
703
979
415
351
693
625
246
712
852
293
693
646
614
10
750
930
385
184
510
547
239
44
196
483
407
772
233
892
241
733
961
197
304
608
791
