0180
939
86
523
630
214
880
977
455
910
837
783
203
173
840
687
107
391
609
543
611
502
186
184
799
579
873
96
915
527
979
327
333
557
696
991
565
913
869
782
248
428
920
195
740
966
557
879
464
114
906
805
388
400
717
346
822
270
285
561
212
861
247
351
948
292
112
792
878
260
940
346
698
433
918
522
786
57
55
519
796
689
143
624
10
462
451
774
472
168
493
759
26
116
485
64
977
293
800
87
118
659
604
191
358
277
337
596
689
30
231
474
68
273
753
740
808
551
815
277
363
76
414
177
384
832
794
592
27
355
448
149
575
514
272
544
214
634
254
829
415
875
285
747
671
974
534
847
286
939
645
842
641
341
822
981
460
914
454
177
724
967
164
132
782
543
107
564
809
44
813
829
754
911
231
364
437
9
392
950
88
113
364
525
65
638
885
444
777
183
336
476
458
413
897
758
771
687
319
655
481
603
450
965
815
323
709
47
155
312
241
267
335
171
453
498
265
291
673
77
118
176
509
957
157
901
122
901
254
81
625
861
814
976
273
797
263
396
115
252
43
373
81
85
618
171
1
239
214
242
786
229
774
485
300
250
900
497
333
409
605
804
241
572
949
136
968
417
366
69
930
828
972
266
9
949
933
74
845
429
109
644
459
330
156
481
24
470
401
49
72
83
731
962
899
356
802
50
68
816
626
587
351
788
778
544
302
82
828
480
863
965
222
189
400
146
168
16
281
612
734
355
912
64
498
758
788
711
293
812
837
833
211
232
623
566
426
774
972
528
518
713
987
139
627
773
676
985
1
773
975
753
175
215
920
197
729
220
960
593
702
403
429
366
714
749
944
36
486
909
490
307
899
61
587
337
529
304
680
721
734
597
643
916
289
629
311
600
771
543
196
747
580
706
105
449
150
642
339
582
993
937
389
12
514
755
37
127
257
364
583
830
514
175
847
948
678
247
561
695
992
200
892
665
923
965
451
916
683
236
227
607
337
384
610
591
678
123
751
518
321
972
825
757
163
91
145
981
452
99
646
291
742
228
355
611
621
496
319
715
706
413
442
337
662
207
985
617
838
714
269
750
319
392
385
604
746
370
665
190
203
369
378
430
336
594
181
405
3
250
649
831
282
736
863
300
217
818
