0181
693
601
508
182
125
112
857
341
560
154
211
311
245
764
118
708
69
84
959
602
703
932
897
667
236
286
526
427
134
727
446
480
841
206
385
400
567
618
552
357
267
388
146
710
205
167
438
452
929
905
263
442
502
117
706
935
5
683
587
505
522
791
340
479
282
835
616
488
715
27
461
853
352
23
636
99
285
121
681
494
898
523
587
866
575
936
404
373
736
55
247
186
336
615
367
66
863
309
322
595
120
257
429
21
295
743
897
2
728
401
940
311
875
544
283
11
407
696
563
522
337
165
238
788
815
85
822
333
213
410
800
794
946
232
917
230
276
413
434
953
225
49
38
40
518
283
852
8
265
856
483
358
877
564
173
519
211
830
122
179
126
975
414
521
534
161
638
97
449
203
616
786
57
713
229
411
687
101
188
981
311
561
595
140
455
