0182
854
45
22
519
804
800
333
34
651
1
745
817
143
806
19
182
354
991
11
319
799
399
387
277
137
811
162
829
544
153
812
302
290
380
342
970
12
867
739
767
353
305
558
988
55
561
789
238
873
901
402
105
714
820
956
438
998
969
447
103
92
639
180
411
231
670
598
251
994
871
592
387
386
778
691
698
150
276
94
743
427
755
748
75
925
248
241
397
661
64
23
386
251
504
159
356
923
153
992
348
666
588
172
424
824
238
355
624
431
620
633
529
677
385
2
628
100
681
98
457
567
866
347
194
390
749
292
360
995
883
809
184
26
417
803
365
966
624
367
491
540
724
349
903
747
309
981
356
742
325
568
754
86
265
342
150
920
59
899
627
695
725
674
971
748
797
241
300
419
181
365
409
483
334
762
493
355
474
578
229
635
205
972
316
31
255
331
653
948
188
574
949
183
320
301
27
789
748
802
653
498
828
995
863
493
610
309
436
36
740
492
670
692
856
135
768
713
850
707
286
245
412
389
807
916
240
698
900
256
448
166
730
302
656
784
424
697
535
738
476
976
411
622
536
457
357
703
945
981
920
69
622
247
54
108
337
22
719
608
867
360
676
305
444
449
954
790
848
93
924
649
222
942
626
870
597
762
989
203
145
464
391
213
407
480
472
974
933
515
669
303
265
286
418
272
899
688
260
