0183
921
669
293
151
163
644
837
70
849
138
359
805
798
882
836
851
514
463
649
355
84
415
55
59
739
561
43
629
754
297
292
332
56
885
899
557
430
277
5
724
752
426
838
855
704
887
926
341
502
181
58
813
445
362
166
259
779
748
249
859
90
635
236
433
296
388
753
33
322
934
30
568
870
29
590
816
956
923
943
250
866
946
547
680
993
594
471
272
954
824
875
957
95
797
862
950
299
158
667
19
997
522
178
203
40
606
140
206
290
801
174
626
332
146
104
202
386
832
758
379
929
809
162
462
535
850
281
918
599
815
542
946
426
537
910
160
506
62
387
831
454
302
843
898
752
205
693
227
488
509
1000
366
414
683
649
433
10
330
703
601
399
453
673
474
992
542
427
803
112
646
624
651
