0184
930
437
994
672
312
499
315
995
298
378
792
176
55
747
850
305
466
556
667
405
662
770
251
176
946
390
483
68
206
47
757
846
646
431
528
252
613
430
544
154
427
325
876
952
762
285
108
630
860
527
13
77
383
23
666
430
12
897
353
660
439
929
118
518
339
996
480
910
501
68
563
472
577
544
937
99
683
277
482
980
203
80
39
980
1
255
906
470
809
823
229
801
646
530
971
548
256
306
139
343
158
485
9
972
23
721
584
84
410
649
13
554
619
367
114
372
592
900
213
789
311
120
816
856
328
11
290
433
591
359
428
921
94
172
267
26
