0185
192
803
897
379
98
784
854
19
67
262
342
672
144
939
889
60
978
844
143
888
891
652
911
644
435
519
157
563
929
160
333
609
291
116
281
307
212
285
652
298
64
310
28
917
867
787
126
860
988
8
690
899
511
382
82
649
174
900
611
153
261
349
656
115
317
327
7
96
792
209
597
699
520
781
504
778
635
32
77
659
338
789
325
482
832
397
888
324
807
421
589
714
988
720
649
428
55
871
724
955
857
706
786
349
175
279
567
814
335
690
683
702
886
338
987
863
970
970
468
113
256
291
845
524
279
810
119
72
143
548
931
203
449
212
632
199
208
486
121
487
534
776
332
596
929
548
281
350
384
351
974
743
148
145
956
773
157
821
743
244
27
403
29
422
777
534
911
849
373
811
879
872
229
880
240
365
939
370
64
112
257
949
592
317
913
87
564
272
533
688
552
897
811
807
149
914
272
402
74
820
510
541
542
282
369
859
661
323
884
337
129
613
738
129
857
457
586
127
296
230
97
325
521
496
577
112
883
702
903
989
805
173
806
614
824
766
250
832
462
623
146
630
53
145
439
522
930
179
59
960
317
120
890
149
505
887
773
780
492
265
166
752
396
82
402
494
225
167
500
930
740
630
112
758
265
797
649
866
260
671
919
364
952
950
37
256
879
223
500
191
475
199
121
904
299
213
208
8
955
878
829
602
576
639
87
849
181
373
502
905
287
911
483
160
410
311
717
749
672
265
699
709
54
620
564
867
674
382
468
468
669
193
780
551
172
416
81
114
473
233
942
772
282
974
222
184
168
905
850
924
297
535
158
784
149
164
468
742
444
861
886
764
498
325
169
254
661
954
298
17
173
946
467
212
593
332
742
202
872
982
233
642
677
868
540
509
184
639
424
615
547
154
307
461
691
141
838
147
298
264
626
97
582
889
983
783
419
941
753
610
467
179
296
698
234
495
382
74
746
360
601
509
929
45
135
847
336
926
684
111
311
589
812
178
14
105
21
570
24
922
