0186
97
455
201
107
86
256
801
728
218
675
57
211
292
246
711
526
526
329
84
989
616
108
885
280
171
37
911
94
247
33
90
223
162
518
140
49
594
675
1
866
665
141
889
53
753
615
512
131
267
618
527
472
689
897
863
1
992
696
390
9
157
450
307
196
676
41
757
416
439
970
384
899
948
551
916
768
96
883
668
484
399
878
892
679
477
90
625
821
495
957
391
693
460
967
325
556
179
870
242
185
588
266
853
589
583
326
47
682
331
771
544
670
559
64
936
759
21
130
451
870
735
808
825
978
551
72
616
526
12
557
945
278
707
370
300
582
31
287
802
951
154
192
50
31
186
908
740
57
263
796
831
192
994
488
100
597
322
813
496
755
253
235
148
311
203
845
642
322
218
52
254
919
72
45
151
773
843
296
147
834
352
759
530
928
594
65
936
968
857
915
459
517
273
457
720
499
901
728
268
247
115
110
385
576
161
506
657
751
681
624
856
689
945
506
315
55
644
101
1
421
625
811
184
922
908
765
827
343
888
988
326
525
208
813
788
808
691
869
571
421
624
928
360
8
402
162
624
369
999
158
318
669
826
442
279
607
902
683
167
53
9
895
273
90
708
825
689
605
891
984
908
928
263
194
377
652
137
136
967
253
741
705
789
292
739
572
657
769
91
73
829
541
674
743
284
