0187
972
199
596
917
415
948
336
707
517
124
106
638
596
272
438
56
156
860
274
961
14
688
407
398
226
361
260
508
131
88
759
24
412
773
204
973
890
194
45
287
549
60
265
172
985
499
110
530
110
700
113
878
477
256
210
976
964
674
641
950
797
846
138
996
30
458
73
33
741
344
192
767
655
986
219
878
724
343
785
977
550
599
127
364
80
629
988
932
148
737
378
505
668
668
988
536
233
617
273
22
640
666
343
998
781
210
578
510
326
278
177
636
424
892
370
406
752
472
450
877
714
206
142
802
374
201
566
783
32
376
879
857
234
47
767
59
222
821
815
819
803
734
206
12
465
466
416
377
226
710
691
108
164
393
64
948
842
259
589
51
227
22
193
533
36
659
356
748
551
672
977
620
245
32
160
338
1
565
144
291
250
338
557
732
567
150
518
554
677
714
710
869
240
851
486
759
190
174
599
127
571
219
959
758
61
664
630
471
649
241
181
749
526
308
456
875
571
245
650
519
158
85
722
796
593
783
133
489
659
627
791
145
217
869
71
948
596
3
791
963
752
159
401
630
141
951
184
694
500
263
663
314
632
349
600
350
737
606
555
729
221
268
322
887
692
792
12
163
490
119
613
378
230
448
434
236
223
588
464
963
629
278
322
8
221
589
658
663
580
487
941
739
637
109
597
641
404
120
362
903
625
833
471
692
902
101
270
880
778
153
605
588
658
120
741
983
539
674
608
370
681
621
182
548
226
333
120
533
733
802
639
460
911
606
240
599
248
725
857
530
561
613
303
623
795
1
90
898
422
40
78
5
865
503
582
801
610
21
80
164
958
974
100
676
220
168
78
486
483
573
