0188
582
263
255
631
313
696
425
106
134
984
195
438
115
461
459
82
807
276
985
238
937
647
803
374
985
955
456
938
987
356
163
481
95
264
130
144
829
258
88
259
648
615
662
152
990
537
126
692
910
756
673
305
66
403
1000
974
388
909
35
486
235
785
476
255
102
999
266
468
368
546
566
462
823
797
652
308
959
321
248
779
227
277
366
680
982
683
287
459
911
292
652
881
793
126
203
472
942
721
571
913
421
140
315
232
65
873
14
655
652
217
601
208
816
490
173
33
721
34
522
843
547
662
346
333
270
904
105
70
