0189
678
564
986
147
516
233
534
719
939
47
51
310
963
712
298
926
861
376
347
178
499
729
495
704
248
570
432
679
846
66
250
40
741
893
63
534
979
259
540
304
419
527
743
80
209
525
844
814
828
219
739
756
491
566
608
721
95
988
404
605
516
918
459
778
154
359
214
337
683
661
510
380
76
608
334
126
258
175
187
247
709
867
652
797
146
59
74
667
297
653
112
119
811
822
618
800
619
95
687
710
376
103
237
704
620
898
783
85
59
357
723
644
290
627
787
593
907
414
415
75
167
537
377
58
895
598
482
809
29
852
437
346
806
985
350
749
915
24
518
570
959
628
606
65
340
753
768
486
917
240
455
259
9
279
239
658
877
317
495
111
375
