0190
242
653
599
502
563
489
916
49
263
285
871
853
805
243
600
564
56
124
580
817
936
952
446
520
188
692
933
188
60
11
397
397
718
197
687
39
445
922
748
589
966
911
401
990
179
9
248
951
515
312
755
763
531
176
107
156
763
939
637
793
285
23
736
687
393
507
175
928
768
858
836
638
653
714
646
919
583
488
551
190
126
644
932
212
775
811
15
749
109
809
785
779
607
4
882
683
235
394
600
803
765
931
19
976
438
766
24
82
277
17
894
340
245
710
413
71
898
111
316
894
409
248
73
482
369
58
202
766
988
438
105
808
486
801
880
398
596
474
129
877
