0191
547
604
129
885
215
526
212
589
634
585
218
966
683
988
846
823
520
353
361
783
217
32
390
129
876
39
282
857
126
661
358
853
923
282
820
901
519
285
620
336
775
492
944
424
626
609
534
506
804
806
1000
320
958
484
615
626
568
42
639
131
619
278
31
907
652
397
301
779
754
883
374
718
868
91
563
319
158
816
548
239
410
372
729
162
901
551
749
326
619
232
484
877
871
686
118
196
314
309
406
88
32
461
3
651
159
752
716
168
531
246
33
306
185
603
676
266
337
526
567
871
321
386
545
939
608
570
737
763
821
299
983
743
68
128
114
923
291
583
131
350
845
452
656
88
384
718
128
65
829
1
241
196
27
159
937
396
421
599
221
51
828
254
761
454
864
836
158
420
315
707
291
388
138
104
772
757
595
388
142
845
310
497
101
430
737
680
169
619
720
624
188
349
189
852
752
554
836
320
816
409
310
79
434
819
516
21
798
804
422
799
299
591
583
441
627
422
798
63
157
662
110
161
606
102
768
690
869
944
16
710
886
790
604
245
97
159
904
326
98
296
239
153
989
233
307
38
157
217
817
481
138
986
156
101
796
15
833
789
386
979
326
797
573
507
570
661
653
941
589
379
446
164
185
461
446
486
624
386
276
658
638
847
28
941
225
286
929
281
870
610
928
810
365
323
94
832
913
818
228
814
324
35
427
182
542
241
976
237
984
21
123
106
305
553
80
775
563
696
283
188
930
795
128
472
981
140
685
896
898
891
667
308
52
480
508
507
178
175
13
