0192
28
448
858
135
196
99
236
179
611
558
549
186
830
180
642
742
382
109
296
17
116
755
639
420
738
603
788
355
6
163
73
461
943
535
756
706
912
874
943
510
920
486
413
126
947
58
571
127
403
145
80
427
794
124
826
33
122
695
893
863
394
41
569
863
379
538
689
884
590
94
957
563
869
479
836
865
901
377
248
598
755
426
489
571
32
436
231
154
820
70
467
908
728
591
253
694
885
161
202
351
957
208
181
448
499
841
615
185
502
399
265
457
189
555
707
282
875
703
401
507
258
242
898
738
830
726
53
526
334
402
628
264
225
429
975
526
275
826
973
980
274
247
934
937
461
111
168
135
954
420
920
876
515
71
691
438
259
987
144
632
798
934
122
952
502
739
170
408
524
509
751
75
764
525
358
199
898
333
343
689
57
926
854
675
800
160
973
573
885
941
338
512
37
303
618
403
409
728
347
821
770
242
268
446
397
128
238
774
266
438
210
845
554
299
926
43
47
539
254
677
996
410
933
771
784
584
168
183
848
382
165
875
635
454
110
691
549
300
705
349
595
736
942
400
469
939
972
984
468
844
862
279
651
14
787
592
386
76
387
577
248
472
93
582
252
837
281
175
701
543
144
710
698
672
107
505
710
998
946
391
519
628
483
145
975
477
665
47
362
668
279
906
109
592
490
603
237
494
438
74
908
357
809
892
28
181
714
577
420
188
419
753
235
811
643
875
658
342
204
656
274
256
731
313
54
658
455
380
11
557
284
922
557
182
273
210
60
279
