0193
770
508
448
340
122
657
770
979
174
924
883
933
271
743
710
263
127
989
846
199
314
849
345
495
753
403
629
791
152
589
583
630
133
106
8
862
405
729
59
832
44
385
366
404
18
148
842
346
251
570
720
222
141
807
534
71
770
640
328
379
321
975
647
514
777
687
331
929
102
3
134
588
888
791
22
950
469
800
746
321
641
616
167
381
203
895
668
61
15
460
753
863
10
213
889
957
330
539
880
576
751
107
523
627
665
856
192
210
960
829
199
378
703
777
17
938
653
456
39
286
33
801
971
64
237
679
238
216
795
176
154
952
159
830
366
982
43
812
74
142
223
64
74
366
995
777
314
406
177
317
739
855
953
176
589
509
470
693
28
442
70
792
851
965
750
736
526
249
821
648
406
318
551
390
309
201
516
327
681
130
758
56
463
559
175
506
701
817
252
119
386
479
336
620
802
676
981
82
582
350
124
315
322
431
15
593
346
84
166
796
751
13
958
907
504
688
381
813
603
829
844
935
159
805
896
191
723
137
279
85
712
332
753
664
536
697
745
291
535
134
19
264
678
44
214
840
566
773
970
649
400
819
614
24
603
331
302
725
527
