0194
262
409
467
781
774
2
310
660
350
927
919
553
776
366
659
990
257
284
903
266
453
349
417
291
583
432
501
505
655
773
815
402
650
959
291
301
212
661
480
381
1000
127
188
521
405
806
340
966
258
335
339
227
733
749
977
729
944
395
703
647
207
562
310
675
549
739
97
270
501
97
142
262
149
413
642
21
967
979
35
299
39
632
226
218
708
495
648
148
512
583
156
909
67
614
608
721
661
664
979
905
723
20
321
880
325
750
303
991
710
735
347
881
430
877
977
146
664
532
336
994
657
337
797
315
909
879
760
637
468
672
829
613
281
129
191
352
832
741
125
553
757
429
808
170
717
368
573
227
607
57
236
349
822
865
922
909
500
419
978
770
201
520
314
701
297
954
863
54
966
471
997
498
421
461
51
407
214
141
788
483
116
355
181
755
863
465
319
98
509
44
30
785
655
624
846
409
223
294
769
762
354
880
943
427
493
438
273
753
341
595
59
807
872
256
15
472
971
118
366
592
900
869
442
791
138
841
63
555
904
290
508
757
861
975
175
96
961
949
423
135
53
303
150
202
639
791
743
510
470
411
354
72
202
213
997
309
751
492
95
209
480
514
253
41
798
382
940
110
674
569
151
206
707
755
420
883
976
166
555
617
194
306
887
554
711
795
413
162
766
798
164
122
514
456
357
494
355
848
336
537
26
677
614
336
511
900
618
506
871
89
575
888
708
150
514
577
898
88
13
536
539
197
786
933
844
459
205
114
318
498
622
479
732
81
284
32
792
698
46
75
784
884
264
372
679
830
685
747
89
570
934
869
969
587
376
95
125
695
938
238
674
607
163
74
536
340
904
739
575
647
507
270
757
556
47
750
936
847
874
212
740
557
316
824
276
544
950
593
216
147
349
134
475
149
128
492
987
627
118
735
63
125
567
356
765
156
317
337
650
378
848
