0195
87
393
473
322
772
135
718
639
70
810
949
558
423
240
591
529
983
330
444
593
271
136
959
150
456
982
97
268
291
250
849
392
730
291
734
749
947
371
760
230
595
562
227
124
267
298
996
680
446
691
77
210
117
717
647
153
518
675
476
57
588
962
134
729
728
679
876
448
739
698
917
534
506
999
140
662
29
834
114
594
30
796
481
609
356
62
421
431
997
12
33
976
71
500
513
87
193
638
563
792
142
516
442
688
349
645
779
408
782
741
507
260
183
245
868
622
745
887
436
13
289
911
361
610
435
860
371
81
336
428
85
436
199
304
562
32
158
566
550
998
63
143
864
526
859
729
753
633
222
165
144
104
663
180
173
663
462
911
954
855
559
486
751
231
91
539
162
733
498
