0196
767
792
570
623
112
840
301
601
646
386
322
938
597
423
276
66
504
788
791
999
708
694
41
445
451
309
844
424
676
330
737
217
499
404
484
301
411
864
773
550
41
751
16
440
353
328
174
73
151
77
401
907
744
121
575
379
368
611
733
435
257
718
193
544
940
123
250
349
727
478
364
719
510
904
883
307
70
182
522
492
24
965
114
375
681
475
954
278
6
19
868
303
37
778
672
518
909
346
703
536
940
374
317
330
431
540
439
971
835
639
677
951
153
670
595
66
851
618
544
914
130
508
646
537
893
433
586
491
989
270
867
136
164
706
39
869
499
957
285
237
666
178
204
337
177
