0197
471
484
906
557
37
715
991
915
851
392
674
379
86
551
977
754
992
945
158
430
318
283
420
293
107
716
283
148
25
401
428
940
993
143
196
903
666
425
339
286
7
506
871
422
785
765
854
717
240
761
67
518
674
392
544
765
298
96
155
532
168
774
603
457
612
68
791
379
686
471
878
438
725
490
804
456
488
160
620
654
456
874
863
403
94
5
26
676
254
29
729
396
156
351
589
971
158
971
3
116
785
420
931
904
27
767
139
687
609
182
659
157
352
711
272
598
503
305
412
582
982
384
781
413
345
69
303
702
794
770
480
742
654
810
523
100
534
467
416
882
671
841
395
717
389
944
221
299
18
396
201
602
722
814
