0198
169
648
346
595
451
708
38
808
215
976
758
810
691
671
443
271
719
731
688
484
865
324
471
365
972
899
747
51
324
110
637
853
899
707
8
68
771
399
259
538
30
774
656
209
141
151
595
340
868
330
335
19
918
61
783
218
587
397
269
222
71
766
48
212
553
881
447
629
948
529
569
111
914
905
836
536
709
516
937
683
894
439
458
200
132
791
772
243
855
742
369
931
574
878
275
479
87
49
636
319
269
301
729
344
595
803
199
917
56
901
956
610
454
932
155
459
594
965
553
920
632
686
46
764
882
73
34
875
181
598
637
468
771
154
68
171
989
832
312
682
977
724
401
149
675
216
285
21
204
847
867
31
857
998
217
526
882
898
646
957
204
667
104
477
515
652
109
485
536
730
638
