0199
883
277
589
496
900
95
744
385
899
162
572
670
752
557
394
520
241
247
555
25
335
782
840
814
427
819
438
247
195
84
743
28
838
655
727
533
548
867
13
768
465
74
689
479
419
561
602
644
60
2
191
822
510
666
891
285
634
661
98
835
49
33
740
852
682
49
836
1
901
519
25
377
267
640
334
559
495
428
903
786
934
497
312
552
923
451
331
426
354
129
451
651
838
121
387
229
10
578
844
146
502
925
772
381
901
546
96
929
69
388
152
188
97
438
667
898
462
963
758
688
236
335
178
731
466
582
293
826
190
931
62
512
431
719
196
187
850
485
853
282
215
330
691
223
664
980
302
578
678
950
75
93
747
612
802
398
874
758
632
976
58
482
703
745
266
575
105
815
988
576
566
880
14
122
384
630
217
377
598
956
871
535
62
957
534
876
19
178
596
344
568
81
782
865
403
455
258
571
964
956
419
674
214
629
534
334
995
212
797
648
340
55
693
789
884
48
51
625
510
829
441
78
979
10
98
851
107
627
281
816
473
295
883
827
244
485
787
790
691
910
347
400
936
105
805
684
326
186
468
17
240
209
607
92
150
861
213
727
510
864
530
549
219
637
484
543
693
238
615
164
430
860
552
557
83
731
876
774
660
478
488
719
560
920
767
965
75
834
640
368
54
450
959
37
513
1000
310
144
879
553
103
842
374
193
793
858
99
146
766
912
307
171
723
168
563
643
582
479
382
444
382
749
820
735
602
500
751
709
587
741
894
760
520
228
797
19
603
896
364
939
690
582
111
245
243
954
852
538
591
310
480
383
332
674
829
40
826
239
83
99
874
271
756
542
364
225
428
219
444
888
792
316
912
975
663
566
577
149
133
94
775
555
969
37
877
123
375
153
798
659
894
601
912
739
354
834
620
63
937
545
953
956
968
235
400
359
102
134
29
754
962
674
343
548
766
179
459
714
592
578
941
71
644
78
295
347
972
13
233
363
617
631
107
18
781
490
744
605
516
