0200
269
590
364
510
295
887
868
584
419
721
6
948
713
401
735
632
183
94
365
706
80
996
672
505
950
855
702
100
752
181
442
951
699
660
134
92
844
86
560
174
419
728
684
873
847
676
420
740
244
769
550
796
845
513
19
640
305
494
303
155
523
681
765
757
836
866
196
368
304
874
923
642
627
219
268
436
1
868
763
397
484
466
420
865
189
858
450
887
579
621
154
881
93
182
456
10
786
936
628
384
595
583
155
457
121
943
291
853
490
471
559
503
901
334
329
102
973
120
961
539
644
495
270
234
398
680
672
976
806
504
595
209
359
260
316
588
277
705
174
8
653
815
703
594
818
377
915
66
260
746
115
235
650
870
266
85
640
684
381
896
227
227
646
389
124
59
104
491
327
270
818
584
71
398
836
103
476
227
192
199
79
323
118
8
377
790
302
364
157
137
880
147
334
729
489
669
893
890
859
585
1000
523
472
519
215
292
127
419
242
236
731
501
536
530
73
315
655
112
603
712
886
118
480
143
192
667
202
186
648
53
927
968
448
573
929
59
224
299
752
886
183
207
413
708
57
790
721
275
591
276
502
970
793
364
122
374
382
639
688
15
135
477
241
793
600
173
89
344
848
560
46
598
841
906
529
780
553
860
53
373
198
777
195
569
25
130
817
557
6
744
976
920
164
491
175
310
254
973
766
256
350
19
134
873
906
877
769
99
404
696
861
480
490
619
337
38
564
77
802
390
318
662
542
783
923
984
888
503
493
408
769
8
43
291
230
416
213
304
485
453
707
291
67
586
983
745
718
371
743
86
591
730
808
822
832
395
893
428
606
204
534
70
504
648
119
109
329
213
516
926
698
167
604
735
852
942
988
34
735
989
445
36
555
930
756
728
777
712
195
341
172
841
903
571
493
48
988
334
645
701
563
383
746
629
619
629
324
307
38
971
777
374
551
402
605
48
861
522
53
243
785
851
837
80
535
590
133
243
460
626
870
893
411
363
531
78
188
452
197
742
318
158
838
984
199
494
133
714
781
605
755
451
557
650
344
735
18
505
401
245
813
418
381
503
471
759
940
544
441
688
745
156
332
349
444
612
187
129
645
115
902
278
594
