0201
750
555
44
413
97
137
584
34
776
716
865
395
745
55
415
231
22
900
178
143
986
203
270
18
802
453
160
324
935
390
474
148
272
136
270
373
802
590
628
242
759
373
512
605
158
452
242
455
587
367
44
48
308
750
770
95
974
795
682
373
743
477
641
467
975
246
313
63
280
259
41
865
276
256
262
950
84
518
787
884
822
385
523
701
410
1
186
182
735
483
280
899
366
552
325
999
908
577
533
310
930
308
491
926
553
963
616
579
243
261
263
825
275
563
888
331
293
768
736
222
79
577
233
577
246
152
255
962
401
282
330
934
932
919
318
941
919
646
940
417
539
599
968
407
87
903
393
602
179
515
850
118
969
491
92
820
108
349
511
561
420
113
500
820
218
215
962
675
161
673
806
642
752
527
484
752
524
594
895
902
725
344
333
948
391
550
6
291
792
349
474
756
445
71
802
822
271
215
308
306
615
745
176
925
559
709
523
234
706
877
42
208
439
256
183
372
910
147
721
397
50
950
673
78
904
898
320
387
124
923
696
83
510
131
405
