0202
808
547
335
605
971
645
630
245
741
528
492
413
84
194
853
134
740
641
282
46
666
66
544
619
349
668
212
53
639
71
107
28
903
644
220
779
515
187
810
677
639
855
11
330
535
277
251
302
688
165
565
755
56
945
372
561
168
419
28
42
496
795
243
20
82
711
354
296
52
554
537
541
641
746
700
58
943
766
411
120
70
828
686
65
938
763
764
903
815
313
618
625
17
40
910
61
40
618
396
687
253
471
634
42
287
883
599
795
169
464
376
216
27
141
29
875
870
710
832
36
64
362
15
409
18
155
23
476
82
371
671
335
943
584
846
842
241
712
463
789
77
399
167
645
63
979
254
935
812
625
336
762
21
892
844
245
538
189
51
883
616
980
966
639
33
898
391
947
646
347
996
294
431
767
391
648
978
639
268
399
229
609
699
451
49
653
723
699
503
413
243
924
127
541
578
450
370
500
918
897
903
203
467
428
649
908
564
611
524
983
504
477
486
70
483
30
194
645
408
114
319
762
471
583
418
251
425
321
766
778
728
377
172
817
264
407
452
233
505
694
156
48
647
127
201
37
719
346
770
827
156
664
508
927
649
177
100
164
976
252
683
467
126
192
606
744
205
987
227
586
565
58
91
141
864
911
596
282
568
829
839
206
931
104
849
536
763
102
559
85
21
365
834
975
633
914
116
512
748
950
600
771
331
762
214
749
329
696
825
647
427
736
286
543
162
401
622
418
136
298
637
743
359
78
311
956
448
286
173
566
531
740
668
546
17
793
456
714
481
353
786
642
308
297
286
991
934
363
443
233
372
249
619
85
16
186
837
932
728
848
454
854
57
99
904
554
23
323
952
477
63
85
466
763
141
878
861
918
577
654
317
137
282
642
830
1000
881
810
961
844
555
419
325
499
448
370
314
491
802
411
565
340
126
884
855
906
766
681
988
939
821
646
839
385
537
152
65
770
799
648
727
378
777
914
144
504
96
935
250
870
847
940
669
758
18
679
871
209
636
967
51
47
975
204
476
22
151
778
696
