0203
984
889
396
536
109
611
456
209
188
487
700
720
776
253
320
16
344
158
37
654
349
324
311
665
482
849
760
905
898
339
497
550
240
922
725
601
696
834
519
168
174
41
217
286
415
310
293
784
401
904
784
231
530
745
194
367
158
664
232
230
393
872
433
192
239
574
284
539
398
559
83
161
202
726
211
654
461
445
647
439
971
833
989
649
946
841
455
121
248
400
241
116
27
391
76
237
325
283
52
336
32
252
382
632
976
472
760
719
774
322
340
757
947
112
74
841
341
512
41
416
15
448
825
483
609
153
13
197
348
49
199
507
216
398
807
96
274
830
503
138
467
35
4
355
164
238
537
905
956
556
74
456
622
922
314
274
210
987
837
983
190
477
988
409
282
788
170
964
722
377
145
277
771
189
558
967
843
740
100
157
970
795
142
327
813
84
511
35
665
670
