0204
940
740
46
750
495
992
437
166
595
445
88
684
90
619
430
758
486
976
410
630
160
557
359
496
709
727
781
851
437
278
474
503
490
823
121
258
703
958
862
138
227
738
369
714
331
909
920
922
215
851
23
996
436
177
478
867
182
247
215
531
852
89
403
632
863
525
20
648
702
733
207
790
456
385
590
385
748
470
345
941
108
581
229
942
785
262
400
137
414
993
399
13
93
899
498
63
877
68
894
155
80
56
383
761
108
33
917
719
577
362
83
78
557
231
16
819
895
784
480
672
56
941
36
201
417
566
627
336
599
254
230
854
541
670
815
399
155
147
174
35
861
116
999
638
128
161
678
327
956
656
222
38
850
120
288
433
833
684
220
713
667
95
806
559
593
411
934
271
446
41
835
9
462
901
800
699
520
560
620
186
29
716
79
598
199
165
337
313
97
99
608
393
908
940
742
636
947
657
170
396
893
806
889
519
29
425
538
7
727
725
796
210
420
679
726
415
280
807
491
307
263
430
539
489
527
696
558
228
652
266
404
946
125
856
674
533
253
869
46
936
305
424
918
192
98
945
695
187
141
925
516
305
332
775
38
683
286
196
569
798
523
109
761
974
502
680
557
333
948
240
83
713
178
710
724
926
328
138
496
715
797
152
620
934
780
490
760
135
780
972
144
633
703
861
641
113
69
70
390
360
38
899
264
626
865
279
387
822
447
845
647
487
798
674
280
524
109
148
1000
590
393
884
117
617
949
770
430
381
200
85
980
378
741
875
663
646
629
211
685
254
98
567
582
670
83
692
530
946
162
367
349
425
524
999
509
542
833
218
656
713
775
601
540
365
245
922
192
15
601
153
577
377
221
518
268
250
90
343
674
403
267
578
803
540
562
780
828
552
885
863
592
805
130
397
370
817
170
556
986
259
148
81
142
38
521
793
381
822
722
320
754
255
710
671
635
952
530
840
339
413
485
64
646
7
206
298
198
387
522
169
791
351
504
836
439
948
768
716
333
359
813
721
678
758
423
114
242
350
290
52
970
263
364
687
762
724
101
676
767
59
365
764
485
846
162
189
84
690
999
634
709
