0205
468
527
314
174
133
190
668
485
39
827
462
629
21
792
653
728
229
278
564
840
308
747
456
763
951
780
77
445
519
134
347
705
9
947
347
734
440
866
832
475
720
724
501
742
924
195
589
686
727
761
833
61
39
921
729
575
745
378
415
621
541
114
881
91
592
97
437
163
320
650
819
805
821
855
121
156
664
27
486
503
460
654
764
189
581
293
835
820
149
88
915
58
938
685
266
542
629
474
674
149
950
154
709
629
360
294
512
347
583
403
729
617
597
535
142
394
554
575
527
642
309
937
487
521
377
275
50
565
252
291
284
745
85
500
585
843
771
853
487
218
63
917
735
624
358
207
31
315
578
534
186
972
480
191
47
829
228
969
962
661
423
555
104
36
211
581
233
339
520
920
450
578
452
423
568
712
877
384
784
977
623
450
804
58
99
210
93
581
164
710
212
331
500
932
976
362
228
242
51
829
203
6
837
836
78
993
784
625
192
832
390
63
240
199
641
244
658
690
446
145
703
555
428
601
