0206
249
835
691
643
210
9
93
236
351
353
212
545
270
433
733
429
347
149
534
213
359
736
671
163
921
263
326
240
926
917
179
247
338
133
17
975
893
667
986
149
110
615
999
133
875
985
691
323
219
966
543
2
673
639
904
217
715
799
226
122
568
841
564
597
799
393
624
325
379
798
312
880
974
734
311
603
210
917
984
659
855
54
547
925
572
792
656
899
669
30
673
508
978
411
744
281
412
779
703
408
59
838
687
715
8
422
706
213
701
624
171
239
610
356
178
703
312
518
650
821
756
516
941
593
537
2
635
203
984
374
165
278
292
992
808
269
510
867
139
480
933
679
255
963
679
423
407
17
497
562
948
965
791
801
261
98
178
347
686
196
172
369
429
617
971
218
940
755
935
41
728
596
372
503
699
120
624
740
586
694
232
738
977
708
828
456
266
77
443
413
785
946
304
676
246
158
470
716
803
723
950
167
940
911
926
510
16
674
554
604
501
515
163
380
211
67
714
142
631
505
659
402
678
422
933
408
706
720
631
573
932
511
863
432
263
904
297
615
754
251
157
681
166
235
166
929
341
647
64
232
268
230
25
283
900
444
938
135
367
269
958
192
1000
224
630
895
557
90
706
936
760
121
680
202
640
596
578
743
455
737
242
653
166
707
596
386
885
149
640
815
153
680
967
124
186
18
300
177
1000
91
343
469
595
503
921
423
833
117
672
809
442
70
540
981
76
655
837
253
625
234
222
790
955
131
258
382
823
786
949
183
927
417
279
472
157
986
394
36
270
479
739
717
937
115
418
873
434
62
216
32
988
807
171
712
818
740
576
760
191
116
710
998
731
474
409
202
423
635
687
365
24
893
789
455
676
701
279
940
823
691
352
117
203
392
332
618
645
644
615
220
362
139
