0207
492
681
757
642
642
613
117
345
906
27
113
530
993
128
837
566
760
289
235
794
134
563
346
339
547
670
965
564
465
736
999
82
731
522
820
858
636
393
346
630
477
34
865
839
545
479
951
284
716
734
285
24
311
205
971
662
468
554
488
503
315
480
55
143
62
228
267
675
241
613
774
861
191
196
926
42
286
667
906
624
79
463
614
490
653
273
775
756
687
293
878
926
794
471
265
4
450
464
733
104
448
517
943
971
172
122
855
733
127
127
200
890
574
861
753
984
731
832
241
593
209
336
66
275
913
962
153
989
533
26
501
30
112
710
239
11
685
42
50
998
733
294
21
336
157
74
206
472
707
652
775
81
208
462
849
614
730
347
767
275
844
834
686
527
241
343
537
980
185
405
686
186
746
94
749
8
875
700
172
891
617
108
695
594
586
524
99
672
159
327
869
976
691
985
503
773
865
426
78
2
363
634
337
638
20
443
115
885
934
407
106
316
718
710
59
756
12
957
147
293
96
664
256
495
142
588
492
206
537
637
512
512
468
222
386
146
723
680
206
571
344
480
78
832
459
393
493
622
979
753
394
958
63
727
450
753
142
412
849
313
980
808
159
50
795
696
396
23
135
146
544
168
449
98
642
280
775
33
244
701
609
796
81
176
859
476
353
763
165
215
541
159
825
252
837
943
893
132
583
187
402
755
478
220
124
829
346
747
529
22
853
242
563
488
892
106
474
418
168
528
435
703
180
188
718
305
282
88
667
894
468
413
824
435
805
578
822
690
359
407
434
570
195
156
594
311
858
515
45
125
593
830
778
300
463
961
503
541
943
261
306
559
679
1000
106
699
751
135
794
613
80
91
918
931
750
96
118
581
555
468
696
393
587
858
652
436
106
506
534
136
816
357
501
450
239
470
463
23
814
829
79
600
885
62
449
444
338
740
932
465
256
598
128
956
845
116
202
146
875
504
276
782
715
229
18
619
58
215
606
243
658
244
521
318
686
539
723
111
318
845
108
800
139
637
683
659
532
226
147
286
465
373
289
606
716
646
82
950
889
763
480
613
82
275
632
332
524
202
878
554
235
43
748
745
6
