0208
695
930
508
480
822
81
867
414
361
466
551
751
112
721
2
130
762
62
405
534
818
320
222
27
829
888
677
455
557
319
751
220
409
801
304
592
999
257
757
14
919
44
352
449
62
297
661
824
982
453
595
454
969
541
53
657
926
919
857
259
759
69
7
497
45
490
41
576
532
804
778
158
278
916
399
784
469
61
823
330
392
300
159
771
929
435
53
254
725
795
719
998
861
376
518
959
265
24
762
589
616
862
435
133
128
999
867
136
632
284
766
879
378
661
941
104
108
333
474
24
672
165
84
789
619
325
744
567
586
572
768
708
457
108
813
866
458
613
396
937
521
133
772
366
867
105
366
797
289
656
484
878
592
626
802
523
903
343
488
602
144
117
717
967
409
815
37
951
780
456
667
357
862
