0209
259
847
460
729
382
718
51
67
225
685
977
787
303
817
287
396
90
753
337
485
424
367
269
545
956
470
38
677
620
730
804
684
660
227
897
802
297
527
44
288
207
305
231
245
90
326
394
79
263
974
472
423
875
391
683
476
382
344
402
309
626
699
966
864
843
891
815
464
230
423
299
134
215
897
361
628
210
776
884
151
562
530
48
488
245
165
206
954
671
362
769
445
712
23
723
736
102
67
244
106
144
743
777
519
58
62
660
720
199
257
364
433
49
980
891
762
964
21
88
372
799
865
824
275
250
113
774
426
367
733
465
30
584
496
423
825
687
74
832
760
749
852
811
3
778
967
855
122
209
541
335
551
740
988
75
995
339
411
213
340
214
324
