0210
983
655
390
716
440
400
325
702
523
22
823
635
245
615
450
642
313
916
577
445
393
972
354
581
127
188
494
876
985
686
543
196
806
687
214
906
160
129
506
118
553
618
946
590
811
91
691
612
384
360
602
325
244
696
923
851
343
254
40
69
13
698
571
181
887
172
899
962
801
222
744
399
544
168
392
829
211
997
301
805
429
14
379
929
1000
918
444
424
100
506
753
1000
486
710
178
860
28
403
836
622
295
990
514
440
66
21
276
458
503
504
258
160
390
480
236
129
142
593
671
961
767
362
926
576
62
701
617
855
201
193
334
684
611
415
185
115
900
413
332
853
357
706
701
445
892
809
133
719
414
402
759
48
358
204
611
970
645
624
773
989
620
368
447
863
160
