0211
919
421
572
136
554
118
137
505
844
79
573
11
719
614
757
547
129
297
232
685
159
910
712
744
655
549
415
127
795
944
505
33
553
180
808
515
596
385
123
986
141
176
53
286
21
357
262
862
239
21
780
321
340
587
604
218
664
954
319
480
25
385
942
957
498
325
412
700
242
59
110
812
807
562
10
456
813
303
104
215
653
758
752
191
174
80
554
955
753
518
498
959
120
124
437
707
26
519
286
348
141
810
239
1000
945
375
322
193
435
232
508
568
798
944
803
511
685
191
59
993
611
653
710
828
260
978
359
471
45
319
263
382
653
221
319
38
993
338
94
118
28
534
669
111
639
25
507
557
821
40
474
648
596
9
127
679
245
505
200
56
68
671
531
36
275
779
999
894
229
781
16
872
677
140
281
198
26
613
118
625
986
861
634
784
298
66
609
196
223
764
370
174
958
655
169
297
253
579
697
340
801
509
513
390
496
942
210
193
848
485
766
755
478
393
753
727
846
414
504
620
214
881
496
215
379
124
431
693
294
983
306
925
528
688
563
216
207
865
900
638
520
166
220
927
902
558
844
955
95
939
903
419
402
306
26
571
741
840
865
532
642
947
601
52
993
735
537
365
227
830
767
86
991
176
779
943
971
831
489
175
21
595
426
256
887
196
926
333
268
204
889
478
613
469
72
916
558
651
393
308
272
702
827
570
790
508
687
414
769
843
49
714
303
681
523
119
363
406
976
879
810
824
840
732
6
822
754
73
69
662
410
728
245
986
482
852
122
445
274
849
930
735
634
578
561
821
201
94
516
687
646
685
452
763
326
32
775
88
975
324
165
716
562
254
40
82
488
990
48
884
993
898
