0212
875
55
170
395
746
168
714
62
168
416
586
619
503
837
799
730
698
477
262
236
870
743
184
354
427
914
41
469
278
344
934
75
575
777
735
21
539
523
548
666
485
652
986
594
306
218
821
299
514
968
545
143
939
190
780
199
508
360
435
836
867
85
785
513
472
371
907
455
456
141
553
476
910
518
871
719
876
135
514
245
758
604
189
989
376
861
584
852
684
461
874
390
338
755
517
105
645
922
165
252
835
45
60
756
541
100
310
98
897
561
130
552
708
906
39
54
21
337
652
195
229
463
709
623
544
806
163
802
932
209
637
821
280
578
639
314
789
512
230
816
596
247
655
440
910
747
141
805
473
89
265
240
919
870
247
37
720
668
463
187
446
372
506
372
366
258
915
692
943
430
500
895
963
352
276
871
303
941
595
58
168
914
931
320
864
790
576
247
581
