0213
28
192
434
611
171
908
67
137
55
996
560
365
760
306
833
911
379
653
45
571
406
796
570
878
230
193
822
949
493
909
841
252
877
760
927
134
272
850
492
365
410
939
232
639
296
95
698
617
371
362
590
25
98
830
798
914
235
116
322
428
471
534
557
263
462
807
119
357
850
122
156
944
740
561
816
914
957
75
572
252
880
114
651
427
111
763
945
140
914
849
33
981
648
720
873
847
761
793
172
81
142
614
370
826
446
437
707
317
171
780
591
919
386
511
461
517
452
517
278
165
421
527
670
210
363
773
758
637
435
556
22
510
410
355
721
396
999
467
478
535
149
438
824
627
311
212
920
155
634
839
174
497
925
726
175
61
109
413
56
907
346
880
202
99
992
870
165
158
756
800
487
391
193
913
973
622
31
48
950
524
406
87
71
660
117
132
234
75
612
437
279
415
226
569
932
899
202
719
25
550
474
322
203
288
848
941
516
631
828
292
179
86
89
643
294
370
406
400
986
730
830
996
896
247
897
853
877
910
344
367
449
911
250
864
182
794
100
308
164
686
89
187
84
550
48
520
368
78
147
209
837
520
680
632
822
981
261
985
937
561
301
815
249
694
552
672
380
438
142
462
408
697
407
347
747
118
252
757
884
117
12
195
128
159
283
390
542
677
440
410
603
937
695
852
653
16
883
733
930
516
42
723
797
376
177
47
632
130
985
622
906
964
966
579
281
933
638
350
677
696
360
532
681
492
829
671
423
837
653
429
429
286
254
263
211
916
150
633
332
327
527
912
712
829
198
843
333
559
22
925
659
850
387
169
359
579
635
24
929
19
422
22
585
557
377
677
62
189
172
412
663
338
585
2
149
243
103
559
631
546
490
999
792
489
291
613
211
428
842
769
323
415
950
475
777
613
609
322
756
916
530
43
116
134
868
255
510
633
602
256
588
252
849
107
198
192
895
111
267
257
792
679
632
313
204
816
47
548
154
698
79
800
