0214
435
459
261
605
846
209
201
725
89
792
316
400
373
837
438
544
125
887
216
38
757
862
294
935
834
721
28
331
928
261
710
8
179
507
166
570
769
32
635
95
584
95
187
201
386
823
965
756
485
838
226
974
803
522
536
359
600
49
157
311
249
984
644
69
304
223
668
642
929
217
228
194
212
374
186
295
290
866
439
438
138
463
11
973
964
130
187
390
986
295
710
398
518
472
271
826
590
738
571
577
511
34
896
437
941
37
992
462
816
26
809
613
155
968
478
35
254
243
249
191
59
692
478
552
868
851
743
239
98
879
256
858
54
585
206
210
158
876
32
65
557
986
22
130
404
916
557
172
907
271
625
584
698
471
940
671
868
640
234
144
422
723
450
535
359
964
643
642
694
801
904
711
497
172
12
925
713
504
549
906
353
441
853
613
388
158
19
806
763
352
2
577
971
88
46
640
590
273
629
277
411
466
619
268
787
232
584
864
555
407
475
157
517
811
745
362
80
410
823
813
640
73
542
477
16
50
63
703
294
126
907
429
283
890
281
638
15
491
209
463
371
86
699
228
962
703
808
968
247
574
973
133
635
727
774
191
558
285
530
593
725
85
880
48
710
995
366
843
850
510
542
196
534
386
992
418
803
730
914
624
906
213
1
305
166
864
738
737
715
648
306
38
913
440
136
268
60
63
840
248
656
175
429
917
832
562
523
187
144
517
896
939
177
788
30
124
553
729
541
633
657
336
361
321
768
333
674
620
163
930
625
185
795
853
632
424
500
514
696
846
88
559
151
594
838
954
469
549
405
849
999
482
344
748
532
