0215
318
355
262
663
628
462
428
163
128
903
116
69
46
992
933
124
439
675
88
980
6
723
834
164
279
536
320
826
331
837
960
337
168
448
414
919
323
141
850
697
715
472
58
687
949
871
225
117
43
324
439
340
437
266
754
777
548
327
39
744
337
153
231
785
659
310
515
443
127
51
813
291
273
1
842
947
904
475
132
633
948
492
357
426
887
786
720
994
740
685
60
166
154
190
680
490
310
701
541
542
566
47
244
446
406
46
335
599
152
617
968
389
957
53
729
483
151
372
274
188
73
106
563
304
838
136
526
266
316
636
594
210
848
507
514
114
32
70
338
593
350
274
469
751
816
584
997
753
848
640
717
409
416
57
813
126
217
29
583
395
871
797
779
446
444
909
355
956
971
557
856
745
25
799
554
402
673
790
831
86
53
529
509
651
350
196
959
254
501
466
309
677
302
618
714
647
129
195
576
219
966
429
260
122
441
681
147
269
693
761
639
385
252
95
52
692
525
707
251
856
174
357
997
852
254
722
427
695
849
365
790
310
973
175
756
313
347
825
903
178
626
396
151
290
678
339
35
423
550
51
746
647
228
317
185
300
746
887
414
659
986
909
281
533
174
41
162
441
421
33
968
868
947
849
529
398
965
963
708
392
270
783
65
364
367
680
847
25
827
863
990
98
858
704
575
571
789
253
652
448
166
738
984
847
846
705
209
495
220
140
789
544
654
261
812
630
570
203
739
22
172
42
62
66
284
157
396
459
151
307
854
445
592
792
37
795
788
976
208
800
785
780
350
445
235
325
749
639
815
339
621
736
113
251
5
271
262
763
533
883
380
619
635
861
290
785
908
763
370
530
491
326
177
496
708
976
237
735
224
543
15
180
961
213
610
271
290
744
286
465
937
82
311
576
569
583
815
988
