0216
854
205
848
163
592
61
136
378
977
154
226
616
377
557
220
848
711
678
621
899
577
728
538
368
807
971
695
370
736
850
261
763
544
900
98
608
153
965
224
300
39
451
564
708
258
934
251
922
921
943
477
462
331
574
728
794
42
153
225
432
1000
681
174
620
229
150
246
994
676
679
560
196
867
399
729
203
571
348
523
847
817
616
530
912
995
381
573
690
936
462
809
340
7
655
802
979
7
815
528
503
116
428
603
623
582
186
110
478
651
571
304
132
496
486
579
884
108
511
922
203
880
411
132
365
621
152
842
509
820
609
998
903
675
139
699
584
29
934
541
524
714
12
499
212
647
351
249
179
955
462
295
997
801
646
762
986
611
579
323
471
537
323
105
387
861
974
886
451
363
358
415
212
363
12
808
583
906
806
846
707
600
877
526
511
382
189
246
807
826
821
871
539
159
541
664
538
570
759
547
13
415
671
590
857
74
522
102
104
389
16
704
630
246
178
24
257
709
163
132
129
514
101
436
276
469
8
274
313
106
802
337
940
803
377
401
242
77
208
971
796
186
860
472
818
655
271
268
911
14
958
734
530
417
92
159
744
233
151
549
142
47
837
785
388
771
929
597
802
783
257
511
253
933
872
969
386
530
280
927
954
832
659
349
906
793
587
836
80
674
516
487
430
342
17
136
948
360
104
65
217
861
298
202
383
735
259
989
795
314
444
556
44
379
399
490
807
102
859
888
242
298
663
980
965
11
467
801
913
608
734
579
673
846
203
236
101
704
429
559
664
644
298
345
706
502
671
620
953
976
452
862
755
347
311
916
343
648
565
772
380
188
230
945
83
783
423
310
223
142
463
547
748
932
300
