0217
118
647
891
694
873
938
775
103
817
560
402
684
735
967
385
312
411
219
151
903
671
177
625
199
318
141
605
505
177
310
261
523
166
4
305
904
628
944
486
177
236
489
508
285
765
775
775
183
571
789
634
350
294
854
211
213
364
329
144
518
684
336
962
802
52
79
757
999
640
703
595
399
227
571
742
199
57
501
669
113
288
64
522
559
435
882
190
538
921
118
359
579
601
953
933
133
266
110
665
107
717
176
665
847
727
197
393
916
194
649
874
915
665
957
589
31
167
714
291
427
155
769
526
716
595
620
109
780
308
946
539
883
415
575
549
505
773
394
871
531
611
1000
738
559
35
993
639
336
372
886
820
596
457
439
879
922
421
806
369
721
541
118
386
746
619
333
311
844
158
446
900
611
372
282
234
813
519
816
798
592
720
267
390
603
295
6
326
961
180
690
18
229
330
271
359
27
815
983
747
151
544
708
617
274
710
249
112
138
1000
431
886
190
272
576
871
933
807
317
610
502
388
826
949
927
838
557
685
652
124
450
466
226
110
337
433
853
859
680
229
740
392
6
266
80
427
74
660
380
516
212
930
476
685
844
973
87
980
697
446
631
533
577
945
914
16
546
577
874
546
888
749
970
172
837
64
519
467
65
33
658
788
378
81
104
299
623
303
4
966
926
805
944
718
114
200
878
989
664
452
413
968
264
473
671
74
191
436
499
917
125
716
906
196
444
47
358
15
485
785
341
106
457
367
962
378
852
701
518
283
455
487
743
740
594
207
330
934
518
988
418
341
727
868
673
906
318
301
561
691
377
112
298
955
464
998
392
340
819
340
326
472
970
243
396
341
441
575
720
694
629
969
653
558
580
343
839
237
654
714
727
707
87
642
226
346
860
644
483
909
642
596
