0218
218
454
538
630
586
626
264
588
48
545
171
524
337
620
933
350
404
600
212
226
21
560
835
213
314
490
539
72
15
506
213
505
818
790
903
216
249
932
713
108
694
583
789
917
595
279
233
915
453
917
60
161
842
194
434
96
698
445
908
533
467
261
39
86
324
848
490
980
776
149
516
120
451
691
967
618
955
191
480
187
53
656
540
603
868
790
995
943
131
43
292
500
355
564
279
178
24
366
840
321
851
293
736
281
552
479
990
580
610
571
848
64
193
505
875
978
213
140
960
175
654
610
146
707
858
552
861
299
478
416
925
696
401
450
706
68
545
