0219
485
647
17
989
663
504
63
371
341
521
708
918
787
370
430
363
424
838
495
126
85
786
822
671
489
713
961
868
261
347
196
19
76
900
315
796
814
126
346
811
871
835
951
113
411
119
945
434
953
709
248
693
563
178
489
155
558
105
857
23
584
273
209
891
318
266
395
851
846
141
132
744
451
419
641
799
802
567
991
965
441
647
372
505
554
427
2
748
687
997
116
28
225
210
642
477
550
574
133
486
603
382
965
814
424
182
587
315
209
891
518
344
186
985
600
242
21
622
347
318
934
284
874
693
716
804
439
316
366
590
161
148
157
763
793
785
804
133
762
518
653
356
914
439
94
250
399
131
563
17
194
259
845
97
58
803
746
798
668
455
159
342
99
961
785
500
691
973
622
318
781
133
870
429
71
749
1
637
933
22
802
147
981
637
774
781
840
505
858
276
492
572
240
833
999
573
623
358
798
360
901
307
581
466
715
512
666
820
1000
197
485
502
315
736
401
350
181
570
304
184
369
138
566
726
583
369
772
729
405
73
859
526
905
525
581
514
799
596
229
374
676
836
128
659
131
836
872
15
845
484
299
290
497
247
566
702
412
979
309
487
264
582
346
869
223
647
409
452
913
72
746
387
891
910
816
342
781
935
674
415
629
903
681
939
616
698
608
818
301
213
409
994
51
606
192
620
766
872
133
159
223
364
618
993
300
394
151
936
773
680
911
472
787
463
619
285
62
334
373
306
156
110
475
463
579
230
485
282
339
3
11
661
766
186
22
765
86
856
509
967
219
106
176
382
305
873
17
116
576
270
538
275
511
246
53
422
589
656
918
169
751
350
424
