0220
66
102
617
470
720
879
78
162
440
470
599
620
548
549
435
374
190
522
291
315
175
216
886
278
166
363
99
816
402
963
32
932
632
154
174
846
874
72
805
503
836
855
776
789
315
697
349
745
869
970
382
604
955
421
441
729
701
14
671
64
24
757
561
721
332
382
915
392
307
530
877
413
541
786
691
613
635
953
942
641
882
506
136
464
163
656
486
335
251
313
742
133
638
645
457
790
790
893
896
60
804
589
996
296
140
949
159
940
412
398
676
826
336
783
399
621
23
490
199
698
741
309
782
915
849
842
813
359
438
725
919
648
980
751
883
245
454
99
141
377
914
681
490
877
87
22
438
970
800
816
710
366
634
150
184
745
992
681
903
330
592
849
525
303
992
593
524
2
683
623
10
231
166
165
885
904
381
11
288
842
992
708
690
570
735
305
91
