0221
318
644
922
304
744
902
528
171
504
806
732
476
638
234
203
145
175
914
440
688
533
541
96
568
143
582
409
550
77
573
640
510
842
906
267
646
26
612
917
711
746
662
718
630
679
581
994
43
294
298
808
414
932
442
747
831
448
23
682
763
113
509
918
380
895
901
217
137
377
806
245
306
122
423
348
666
409
349
451
517
655
555
770
886
952
760
637
436
731
271
614
831
438
754
644
932
915
765
482
474
526
444
526
179
507
428
561
201
952
666
485
885
765
756
661
294
798
102
495
723
754
344
285
644
44
222
933
635
59
703
974
298
647
701
86
509
614
901
612
757
8
115
24
314
221
421
196
817
159
153
54
781
503
846
859
931
85
487
294
896
559
231
784
108
820
829
576
137
791
495
560
659
222
386
218
950
222
653
500
33
904
608
775
942
886
852
142
689
110
277
334
110
71
828
534
562
75
819
7
193
381
651
613
475
254
308
631
80
687
598
517
737
908
762
793
748
646
385
951
227
85
633
52
692
454
826
847
877
827
921
505
380
458
561
106
428
944
140
692
638
402
576
731
59
951
379
610
872
679
502
962
909
96
806
639
141
923
394
650
648
761
398
707
562
304
786
899
337
131
27
547
179
154
636
371
604
455
503
934
65
979
840
316
137
643
416
451
422
945
574
444
464
904
482
494
607
85
76
638
81
158
541
258
533
702
592
