0222
415
64
493
813
785
311
233
426
697
56
803
854
643
754
748
492
405
268
364
926
234
293
436
634
3
948
897
119
333
586
941
74
475
310
572
854
202
380
440
203
563
399
631
985
594
168
148
659
29
37
835
415
783
723
820
119
160
410
19
758
16
578
223
808
440
704
244
652
980
316
997
129
419
823
938
252
535
614
632
757
523
313
795
826
690
410
960
363
413
405
994
91
74
441
461
181
941
118
675
841
947
851
292
905
686
879
506
112
419
188
739
418
165
153
660
549
704
920
971
622
538
368
206
414
708
374
686
845
921
572
495
513
626
84
84
206
18
635
997
452
311
399
397
8
118
703
527
349
958
375
203
242
160
583
830
172
109
328
313
9
102
262
655
84
955
449
955
814
601
930
386
193
341
822
749
426
703
454
163
345
135
215
821
47
180
944
168
426
102
833
616
363
313
373
496
262
30
626
504
471
514
101
379
432
176
363
412
602
273
545
67
540
468
150
67
296
381
349
860
466
233
140
124
252
24
457
565
139
896
943
634
416
911
914
822
593
4
463
474
676
245
292
667
418
176
211
480
545
470
9
670
636
514
832
692
251
62
462
545
203
296
426
246
191
766
383
208
87
742
383
32
479
487
613
432
668
58
278
762
244
906
451
796
706
331
