0223
965
25
962
865
199
96
805
767
176
82
723
471
570
78
198
185
136
214
435
567
942
257
706
966
786
892
970
341
375
531
513
866
787
657
162
78
458
651
851
200
426
550
775
157
49
721
759
184
352
49
3
478
393
228
509
696
124
610
185
45
615
200
539
980
945
353
914
215
176
177
155
70
78
626
807
125
808
721
35
585
408
851
488
876
874
707
757
976
66
951
365
55
297
767
170
709
228
530
687
805
826
218
922
550
691
280
768
613
212
117
716
759
579
180
898
788
462
620
263
870
904
743
933
641
33
246
176
507
325
457
995
973
656
59
206
425
425
741
965
153
165
926
190
670
734
636
787
375
581
938
769
826
229
41
216
826
473
590
436
405
264
612
830
542
762
995
204
240
353
109
529
308
395
309
665
744
934
777
949
68
924
159
2
375
290
387
821
731
626
414
20
569
110
34
719
181
284
521
727
430
992
617
287
272
288
994
409
166
154
768
320
515
931
365
717
842
978
239
175
301
738
754
257
832
587
319
834
749
