0224
757
201
293
639
873
964
204
924
672
954
88
894
86
628
729
870
2
77
253
938
311
277
380
59
391
957
104
674
125
895
864
941
971
349
19
822
733
740
514
480
242
300
783
485
549
470
654
672
585
722
993
846
657
49
639
16
92
403
568
251
768
633
196
782
96
803
702
808
675
36
987
304
635
423
517
172
444
38
552
475
102
191
491
692
78
27
914
753
902
621
66
506
751
206
883
478
317
815
549
679
92
729
916
943
205
608
170
145
14
181
877
810
109
443
416
23
698
967
717
34
873
355
105
268
276
98
567
456
48
790
735
107
480
691
511
758
697
978
143
163
275
594
882
787
817
128
474
677
798
321
333
520
76
435
525
844
26
789
342
766
83
224
317
347
