0225
137
750
726
730
817
489
803
507
372
809
399
428
947
299
459
119
173
116
700
132
248
128
458
649
159
99
365
656
790
381
667
441
295
505
434
493
290
775
334
651
694
434
549
883
920
355
460
952
982
879
389
631
517
612
325
318
81
958
54
884
766
560
275
425
442
157
570
279
958
428
739
137
106
514
322
942
383
654
124
562
249
856
34
812
203
245
958
219
661
149
871
120
89
569
689
208
35
478
300
857
115
68
738
50
309
400
579
321
663
716
876
409
358
566
511
141
75
939
43
292
417
607
376
388
701
506
451
493
401
355
48
156
169
243
584
331
189
250
113
181
710
117
653
447
79
675
766
317
714
787
275
419
291
805
730
771
918
592
211
751
760
641
965
650
865
379
703
801
999
918
613
274
96
797
765
833
338
722
327
40
301
173
91
732
497
144
839
11
840
716
571
776
775
410
751
734
166
131
339
628
176
499
217
143
171
425
127
426
33
270
28
602
1
409
94
100
60
741
493
884
869
464
927
769
15
409
681
797
125
609
653
411
509
189
95
205
691
71
24
68
11
950
149
226
853
375
818
367
668
91
987
792
352
887
206
951
801
881
823
269
94
173
481
218
901
806
104
255
646
852
545
434
868
945
211
961
479
883
532
453
648
159
545
791
273
326
370
938
224
348
432
63
713
301
760
20
522
959
244
287
478
911
576
968
327
580
910
737
982
359
215
178
331
802
860
700
776
253
987
919
300
843
467
728
963
654
160
294
297
133
632
679
794
994
464
381
634
752
475
920
627
557
899
130
810
888
778
961
474
450
61
10
887
676
773
786
271
637
97
225
678
502
324
856
764
29
546
794
158
718
73
452
190
119
481
50
400
993
380
775
926
768
392
291
864
355
312
491
190
383
717
929
916
351
814
6
809
368
670
660
890
434
484
784
339
162
798
294
299
549
674
870
288
306
828
823
582
983
962
990
260
688
314
818
823
488
219
266
644
893
838
833
115
729
449
537
556
86
273
50
796
930
890
754
270
260
662
866
172
362
203
893
293
452
924
927
135
636
432
802
861
414
11
567
296
549
191
485
184
