0226
717
404
116
459
825
173
358
653
365
114
424
618
953
365
226
453
860
780
266
735
131
880
146
535
917
347
68
796
619
861
101
749
395
243
805
986
927
901
80
5
254
964
649
356
719
580
428
295
864
713
507
199
861
851
215
470
250
715
382
16
70
775
959
681
311
706
700
945
165
369
613
309
158
666
742
9
354
438
85
583
998
453
97
592
160
479
348
774
806
206
310
588
71
493
321
290
111
110
229
567
572
875
782
662
18
263
217
266
371
90
549
506
565
777
996
774
692
662
827
770
553
849
406
843
376
251
767
603
261
583
385
876
352
73
947
991
551
202
58
