0227
48
823
495
617
975
861
963
735
586
687
462
151
15
730
310
193
609
602
634
972
607
62
144
308
290
799
104
475
199
901
801
896
54
724
669
785
938
549
63
833
6
709
928
49
256
282
784
142
250
905
796
14
81
146
41
769
854
306
12
31
749
37
770
426
605
829
625
124
907
412
6
216
865
671
41
2
939
869
903
735
888
885
515
211
588
341
873
531
638
490
581
443
289
954
113
776
496
159
140
453
628
994
226
526
74
33
251
587
215
395
826
416
358
743
434
582
801
253
423
85
913
892
53
24
477
46
549
457
676
412
791
886
332
975
982
423
616
450
249
783
366
855
698
197
177
999
1000
771
508
4
470
390
20
638
788
852
573
558
629
370
277
93
638
658
146
374
843
173
390
284
766
