0228
498
958
800
66
903
258
820
885
195
418
671
19
883
950
226
879
616
941
3
602
69
144
235
492
886
181
607
428
964
253
373
711
385
481
746
947
735
167
538
593
240
385
768
613
171
545
317
700
712
790
250
459
129
722
360
573
23
104
996
757
463
570
676
499
372
579
667
296
730
230
685
161
214
830
185
501
245
75
788
835
119
176
411
834
43
631
486
173
653
536
818
755
626
882
937
994
247
504
29
70
44
880
790
85
567
264
7
194
860
584
428
430
437
36
667
418
422
388
816
88
411
761
234
92
294
416
865
431
876
692
824
650
581
171
728
980
933
953
631
326
593
242
59
839
228
494
385
217
48
245
295
643
906
894
438
136
630
463
479
37
612
122
207
413
58
686
853
635
567
