0229
948
182
877
320
175
151
846
626
137
552
835
78
58
368
786
109
8
447
170
449
285
946
435
474
600
202
850
17
601
74
967
66
703
943
872
624
72
144
368
456
982
838
529
65
588
469
109
907
673
282
132
898
249
534
267
805
62
83
951
228
189
997
666
995
874
678
60
363
782
89
987
385
473
264
693
360
971
192
561
863
932
238
54
823
270
265
428
411
171
481
50
384
702
60
730
151
623
323
226
344
152
277
714
315
271
183
583
768
388
574
206
33
327
652
329
537
236
656
104
310
764
997
335
135
101
179
404
733
797
300
371
7
206
119
766
395
364
988
512
535
309
419
341
692
197
618
670
707
970
315
716
254
957
336
625
108
153
612
994
871
874
919
828
127
176
107
122
944
356
634
843
963
730
1
284
247
77
440
685
808
246
858
414
981
835
897
700
298
840
174
31
596
697
49
239
342
634
999
481
431
141
643
812
431
932
395
320
402
879
194
979
55
684
857
505
526
68
967
705
955
880
277
178
57
832
781
198
914
450
373
171
541
32
432
394
630
32
274
677
997
591
409
875
682
650
724
293
75
488
181
82
788
595
116
210
275
460
981
770
764
347
106
429
512
524
539
457
190
609
929
332
609
849
319
11
198
474
857
674
428
970
219
225
743
866
863
241
283
807
420
863
326
903
796
418
884
691
24
153
270
938
507
979
573
361
90
67
780
404
293
791
176
774
632
315
143
950
308
819
660
634
116
870
526
229
461
288
483
446
380
284
642
853
343
292
441
352
388
325
822
193
866
968
436
622
152
410
115
313
175
241
514
66
270
845
165
86
883
478
