0230
638
496
307
819
119
798
316
190
624
323
210
197
947
88
768
154
718
846
833
374
560
943
402
700
149
504
38
660
3
181
31
64
939
673
639
605
30
178
166
282
399
954
722
334
108
128
309
967
243
382
754
972
306
226
318
630
485
784
35
958
511
802
173
704
743
537
13
538
280
629
393
837
449
984
334
507
752
750
864
842
569
863
617
593
558
541
723
617
535
318
372
900
561
300
329
207
285
268
19
619
569
841
816
975
242
707
608
74
569
53
96
961
391
647
490
665
944
145
225
538
497
586
835
16
581
665
422
457
308
54
544
762
779
623
816
570
210
531
71
14
428
444
298
779
851
198
311
635
271
984
754
560
555
478
869
649
650
120
12
762
646
935
73
631
276
98
526
6
979
143
84
188
331
442
157
221
725
976
610
139
883
980
282
476
678
851
903
295
845
585
719
502
298
530
382
177
825
735
951
153
133
15
43
44
19
724
406
82
131
794
66
195
48
7
472
953
98
257
367
836
451
993
833
605
