0231
441
286
690
455
117
436
230
740
192
327
702
299
646
663
292
976
732
645
689
933
97
152
15
482
929
688
700
911
921
2
807
102
15
56
609
469
844
520
100
644
145
886
485
285
326
342
220
641
700
484
506
121
696
149
94
868
503
918
535
116
959
419
265
344
467
247
297
200
195
412
234
640
960
669
615
130
471
880
842
423
863
727
151
720
751
551
725
599
412
796
548
517
942
748
376
410
434
827
831
3
294
729
343
849
322
698
932
919
670
340
438
989
518
466
371
722
212
288
910
712
887
884
641
715
455
856
832
269
758
732
780
383
75
43
878
619
417
142
420
688
210
890
80
696
998
360
472
602
373
403
525
646
144
22
661
420
644
870
841
64
594
605
516
325
3
422
367
495
126
86
88
940
627
598
609
319
24
650
329
281
528
959
247
919
283
470
915
779
214
671
936
93
794
872
504
20
568
263
603
417
123
658
407
624
972
908
920
927
214
618
901
114
306
613
762
456
713
861
711
743
773
254
622
670
685
232
129
267
35
337
986
289
491
745
708
495
318
436
943
152
693
869
159
335
209
886
516
916
58
193
496
580
442
415
85
53
313
831
98
879
738
89
478
650
629
567
40
768
19
390
975
910
822
67
238
831
422
359
438
829
830
828
604
464
551
944
170
59
784
138
149
775
530
781
180
738
935
681
971
791
28
52
100
202
32
494
693
969
961
857
117
303
384
472
471
750
727
70
174
840
717
472
591
167
875
86
536
392
521
992
164
380
1000
1
843
137
372
786
221
620
113
430
632
369
205
183
80
249
801
256
523
346
352
314
606
422
363
818
66
601
244
