0232
724
334
556
159
210
457
279
211
941
694
174
163
971
371
433
308
118
66
286
752
317
870
537
386
508
737
362
774
353
617
476
665
629
82
664
266
518
421
437
579
721
88
282
33
654
175
898
49
482
619
442
924
934
470
710
656
4
985
760
806
713
859
699
67
953
562
180
110
841
278
376
781
736
983
378
2
502
824
641
379
982
228
513
359
271
367
196
394
636
324
233
936
217
416
124
209
393
550
183
707
241
58
425
152
735
540
591
96
719
223
804
218
200
859
611
966
529
659
494
509
51
842
593
438
525
96
325
808
805
354
943
595
704
701
782
251
451
128
495
286
768
786
853
569
430
15
796
145
392
503
84
107
125
385
128
636
93
523
700
76
685
377
692
272
754
452
617
295
473
610
159
331
191
370
22
966
507
930
457
561
320
984
598
970
9
692
845
198
157
742
446
920
338
297
594
571
150
310
278
932
990
410
847
325
