0233
622
936
166
481
333
530
894
262
594
739
22
317
853
972
752
386
302
422
815
162
245
101
294
945
818
802
414
699
406
940
216
899
722
341
939
828
497
409
296
405
5
988
452
539
330
546
983
694
618
17
651
432
452
380
993
706
462
522
145
816
858
655
71
818
711
912
767
515
925
242
266
502
603
438
656
851
828
277
489
86
859
953
408
732
559
251
275
246
332
995
135
768
114
800
135
822
26
263
183
655
202
36
255
519
851
572
38
827
122
180
639
858
944
565
806
23
904
944
929
633
819
11
349
735
991
431
693
207
539
691
373
686
411
459
746
860
241
57
624
546
68
813
647
215
402
897
162
13
748
571
554
811
226
934
728
468
986
21
297
510
234
298
235
228
961
962
751
160
535
71
261
111
279
72
744
431
761
766
212
763
316
167
631
393
417
907
756
394
372
290
110
818
25
574
878
467
987
249
582
991
874
766
988
700
573
726
605
536
223
344
264
385
419
785
150
687
266
451
354
187
810
946
847
864
936
120
595
603
310
751
599
88
86
778
911
724
780
979
283
37
209
857
441
898
888
346
600
1
216
451
459
18
560
468
66
860
1000
695
60
115
344
67
508
88
954
355
448
747
441
594
783
281
195
682
407
576
369
933
707
931
157
401
812
276
40
294
620
15
7
883
776
676
235
192
286
886
181
211
162
102
743
91
920
356
110
271
98
474
785
353
782
358
874
145
758
192
242
257
171
104
243
665
105
54
411
734
926
349
714
338
812
432
937
589
86
906
805
329
784
753
556
868
363
911
192
395
860
279
864
570
319
159
86
121
77
658
162
720
29
927
638
54
74
947
79
293
571
557
451
713
105
46
2
379
804
29
816
901
562
248
898
398
30
178
148
760
904
613
673
535
86
104
476
640
56
505
704
382
858
90
526
407
967
507
500
623
912
687
825
984
867
90
501
706
765
765
708
80
720
786
439
615
478
259
507
247
880
364
73
809
