0234
825
309
172
516
725
125
227
994
586
405
734
639
662
809
115
414
837
65
534
681
579
57
4
951
968
85
217
143
60
77
346
598
549
814
199
437
137
977
420
504
787
257
312
955
45
965
503
365
404
576
290
477
943
530
159
151
318
616
854
891
418
452
464
731
867
851
434
859
546
590
698
655
800
718
673
72
684
636
546
385
68
36
842
710
987
13
904
477
322
344
466
166
290
123
217
83
40
654
474
13
398
406
859
280
434
582
103
103
157
149
404
392
162
802
544
859
461
880
120
863
150
928
561
363
792
699
978
877
336
586
386
47
680
892
331
381
234
847
280
464
926
606
881
966
247
341
552
350
503
235
743
920
935
669
993
214
547
122
361
967
701
873
947
522
629
744
76
660
779
216
362
590
189
361
868
96
974
233
570
720
158
746
265
966
949
215
690
80
298
356
989
335
389
59
90
536
676
178
837
699
706
392
449
102
971
509
710
994
422
396
234
138
621
491
70
896
49
824
227
894
622
570
528
537
270
10
116
594
390
602
505
663
500
599
174
782
124
269
15
149
896
630
617
846
145
388
289
234
4
317
607
903
766
216
935
827
230
961
390
44
430
142
464
52
83
784
197
59
462
683
530
124
605
454
832
107
293
439
548
700
160
230
520
725
795
335
522
153
806
164
552
772
322
178
735
95
873
663
767
112
422
705
404
584
772
749
798
269
845
736
767
44
227
874
629
860
974
503
802
487
64
306
350
212
612
802
587
730
541
267
199
103
50
87
216
364
236
896
258
644
382
906
940
511
799
471
922
103
515
114
883
601
468
845
639
879
703
974
778
676
547
794
150
117
883
431
92
974
619
132
135
612
145
681
319
593
221
561
579
799
617
198
594
562
82
696
403
374
614
220
787
592
227
331
736
660
465
246
514
139
129
458
638
508
79
491
713
532
902
583
612
536
800
869
849
447
509
181
739
708
84
846
439
237
999
794
810
26
