0235
513
22
432
423
739
461
112
708
319
519
135
978
465
668
546
553
690
616
381
913
821
370
724
795
258
236
869
21
695
568
417
633
502
787
819
213
739
733
505
76
710
58
592
37
568
619
862
567
29
731
562
696
419
478
306
91
937
950
890
878
737
792
150
233
833
444
374
480
18
819
778
954
705
220
946
94
796
441
446
103
305
705
987
89
596
310
874
214
587
818
574
798
251
263
162
669
5
883
33
444
528
546
642
173
617
515
510
697
59
416
465
478
854
364
474
57
68
967
214
739
112
488
500
599
115
697
674
472
337
172
165
577
289
651
822
541
569
449
858
297
934
632
185
964
764
897
782
759
503
583
493
291
524
880
66
727
685
34
37
602
773
813
380
141
289
923
288
405
56
767
514
90
718
533
411
238
402
696
640
185
862
215
715
1000
900
976
630
872
354
813
541
386
251
506
233
825
649
771
616
753
894
677
599
651
449
95
206
793
533
58
652
80
222
767
953
268
153
839
918
506
482
644
182
973
759
183
734
873
313
448
221
655
905
293
620
327
420
266
990
452
559
596
304
660
610
273
600
884
671
731
891
849
735
840
389
808
608
366
674
494
679
876
950
40
221
663
538
268
114
