0236
97
402
686
792
305
485
599
816
786
52
190
377
133
96
335
91
472
976
86
917
167
935
220
928
853
90
273
505
534
98
931
241
18
728
107
20
330
943
47
903
782
641
677
192
867
172
664
92
67
148
145
739
953
505
424
893
777
32
13
593
705
336
66
50
917
185
313
655
616
737
845
641
190
164
437
18
613
590
303
342
990
69
836
442
201
363
257
654
161
718
51
960
192
861
52
146
898
293
146
796
190
587
591
373
235
407
771
867
31
892
430
505
428
578
535
866
402
593
806
659
333
380
381
991
127
431
407
435
405
943
584
126
445
36
52
