0237
141
931
220
309
986
416
902
842
910
143
297
952
555
418
293
573
264
92
283
878
201
136
961
889
930
350
499
20
861
137
796
891
945
540
629
164
149
269
375
600
498
886
888
427
228
52
868
422
332
998
906
152
383
325
662
238
303
450
196
967
540
728
723
533
79
744
380
129
749
369
870
914
727
844
85
628
807
964
628
815
822
292
299
238
816
933
18
89
678
668
29
555
195
327
90
800
887
754
920
125
480
528
551
676
671
25
856
221
202
753
93
750
378
391
208
95
687
736
794
568
279
125
130
378
457
270
78
53
192
472
856
967
153
985
665
261
300
879
463
879
25
457
976
434
350
111
457
544
445
724
236
31
74
315
696
182
116
409
125
334
738
711
74
465
769
615
328
261
328
