0238
918
882
194
859
686
467
174
354
247
406
241
709
372
997
263
216
864
693
2
940
558
224
20
341
357
7
359
904
123
44
207
839
741
251
943
177
57
36
206
883
904
577
694
813
994
849
213
470
652
10
68
15
48
893
964
859
246
184
132
608
270
618
715
87
433
331
607
995
999
19
350
395
645
747
165
377
341
378
869
586
677
392
638
10
748
896
6
860
243
812
28
707
328
641
424
884
802
162
834
295
675
631
303
914
71
308
351
554
91
674
800
971
376
712
748
867
917
502
90
412
538
873
534
835
234
846
486
563
28
658
755
474
484
949
431
221
302
619
250
846
454
785
274
135
439
438
978
613
310
894
621
978
594
850
31
227
472
193
211
742
522
970
713
582
304
475
447
179
309
829
187
363
658
689
178
990
927
612
489
55
224
797
835
933
868
576
715
582
116
421
782
271
788
280
311
483
92
463
941
8
453
315
601
66
279
221
38
353
663
607
113
419
378
233
395
705
646
636
983
210
166
801
693
771
970
809
350
899
399
331
972
518
320
307
813
714
661
625
934
540
376
825
621
722
211
546
261
335
124
170
368
832
151
789
654
950
293
126
464
866
899
379
177
148
631
143
390
494
964
72
634
404
824
364
288
546
539
193
627
416
979
888
13
224
176
47
915
488
528
424
483
268
217
475
315
101
856
935
358
882
896
482
901
931
325
463
859
617
412
131
984
1000
255
894
652
818
824
431
57
631
130
104
918
829
109
338
467
663
608
437
553
399
904
584
461
291
77
288
796
535
541
856
545
155
208
358
397
210
760
741
375
787
720
541
786
638
231
26
626
427
1000
274
724
769
998
637
539
307
861
605
114
80
663
298
814
429
875
928
190
418
22
439
344
354
44
398
452
606
807
528
672
462
865
41
865
931
626
475
846
477
644
400
532
990
615
478
566
996
921
104
164
330
790
854
412
565
557
25
826
117
115
51
606
27
272
506
777
639
386
229
194
989
488
485
257
530
558
511
941
801
335
73
944
26
147
470
398
151
731
119
502
286
407
481
855
157
261
18
403
260
557
604
842
51
291
862
56
415
261
862
677
61
865
286
273
182
472
364
486
730
421
482
643
569
122
