0239
560
225
909
310
307
448
854
373
906
261
772
19
550
646
164
73
448
783
507
243
762
204
863
185
692
11
136
214
362
108
128
763
372
890
794
657
811
7
388
457
58
30
799
129
991
949
216
466
447
981
606
710
851
648
164
546
461
868
78
562
965
896
433
746
685
669
161
682
757
929
140
446
211
611
507
265
507
817
832
958
378
970
955
281
227
433
743
525
964
246
824
956
585
851
680
792
12
298
572
172
976
360
771
829
213
758
730
932
794
442
486
478
812
734
986
276
321
607
262
816
277
974
595
515
69
157
934
546
548
479
601
524
177
60
98
270
713
960
784
420
943
577
991
690
101
511
750
812
829
742
478
190
232
802
142
749
994
867
560
133
24
689
316
223
454
424
530
361
349
31
506
378
705
270
417
162
8
741
106
562
584
971
484
702
563
987
997
500
