0240
537
41
393
850
524
665
914
717
1
346
974
374
467
679
543
502
345
433
402
978
163
752
738
525
670
651
110
37
896
237
623
434
843
6
891
98
491
543
377
563
465
75
161
14
16
477
98
102
36
252
551
119
97
402
963
668
319
385
576
449
921
143
498
515
30
174
894
398
118
732
335
153
297
993
655
742
400
727
197
564
338
358
554
562
664
732
268
900
627
989
421
12
537
469
297
165
743
537
175
974
774
87
686
594
56
477
45
682
935
35
436
738
958
482
404
867
900
913
838
687
148
558
900
72
763
1000
48
582
45
831
484
225
928
308
113
313
716
491
856
164
948
93
361
503
15
827
253
152
714
963
689
221
950
494
139
77
935
757
151
846
