0241
338
853
739
129
350
255
319
45
207
855
382
224
930
642
586
161
710
231
348
481
198
256
119
467
450
892
68
853
268
792
254
130
319
408
869
618
792
975
678
1
522
31
759
674
132
395
759
814
137
150
295
745
699
462
745
248
148
218
784
589
234
150
13
497
638
137
273
99
536
576
30
840
289
860
430
332
241
28
625
291
901
98
629
82
39
514
121
925
177
351
947
583
310
660
337
128
491
587
673
985
929
775
781
341
576
454
300
369
476
338
903
60
86
566
243
108
868
304
337
336
673
963
326
351
840
270
369
367
719
780
785
169
839
120
838
302
760
64
754
150
350
777
334
420
175
847
100
18
112
997
202
500
