0242
978
962
780
357
352
431
123
54
529
933
135
939
870
93
913
103
399
52
872
622
917
562
386
233
136
179
785
737
165
323
553
877
53
613
152
246
2
968
328
659
227
784
630
842
74
701
760
359
615
252
986
852
2
764
72
769
330
742
971
212
622
188
356
419
636
551
639
186
592
866
248
157
377
460
263
806
954
431
896
311
936
303
713
144
707
353
688
318
32
282
547
898
534
27
18
837
759
56
989
344
171
404
473
184
253
134
353
158
142
955
792
692
760
308
432
917
721
331
765
861
976
925
263
351
526
746
336
336
688
902
263
750
982
954
529
729
130
368
434
654
840
658
187
167
314
743
107
22
527
459
917
520
43
624
701
785
838
294
442
603
334
142
75
363
934
463
173
356
443
400
432
293
829
638
535
182
819
557
796
47
915
483
255
215
551
362
475
915
289
350
498
303
497
7
314
242
723
150
843
760
8
870
369
919
761
673
74
443
286
506
468
945
962
958
768
318
708
242
378
188
686
37
831
677
161
625
96
734
249
29
710
388
576
422
220
303
91
948
215
