0243
689
320
873
350
722
160
41
940
459
254
372
72
216
978
401
439
298
222
175
127
692
749
236
980
642
619
815
305
479
54
682
843
820
366
202
66
163
600
339
652
913
471
571
551
810
282
733
419
511
271
527
417
398
417
314
771
205
274
268
748
8
947
440
81
245
799
189
790
298
10
654
971
392
519
562
161
785
966
178
41
247
220
385
936
344
673
506
424
867
713
684
724
646
924
519
636
886
524
383
272
831
768
606
237
90
176
255
584
795
445
354
288
359
386
394
530
800
442
428
742
372
951
657
318
541
163
710
924
713
595
508
131
594
330
647
541
27
162
793
892
631
290
189
466
574
326
550
539
361
247
987
188
721
222
669
475
320
660
732
729
726
369
471
180
595
37
420
327
242
