0244
458
87
881
215
872
673
495
912
419
474
250
749
966
858
267
917
582
955
110
784
450
561
721
21
359
192
886
986
25
654
245
407
129
411
672
796
839
701
824
172
307
473
913
384
603
16
949
380
596
342
17
209
689
768
560
275
661
481
467
829
51
406
14
746
529
579
623
411
850
905
71
668
390
327
529
673
596
60
164
268
934
305
693
665
752
646
980
763
318
689
727
693
774
673
324
228
492
974
734
932
14
771
898
981
751
22
275
651
568
406
91
544
500
44
618
27
566
176
761
554
767
5
898
795
289
3
676
721
629
606
365
649
997
717
362
972
927
843
855
776
401
276
255
954
857
27
305
304
626
186
981
646
696
177
907
653
584
519
859
745
872
896
261
999
70
999
54
736
350
74
766
230
923
683
81
555
359
639
241
146
77
521
15
246
106
794
112
83
471
814
493
880
579
306
884
334
303
351
46
562
499
273
82
2
757
