0245
10
436
396
820
594
29
143
492
645
696
390
723
231
394
911
987
198
641
178
690
327
213
823
196
919
523
10
410
748
298
978
337
926
223
506
555
535
791
155
292
727
867
858
208
83
768
618
52
838
251
974
239
245
388
741
383
111
436
40
528
806
460
950
883
754
779
982
103
423
365
771
554
632
638
422
271
677
413
359
340
499
141
508
104
602
837
746
991
332
483
820
28
308
666
793
636
668
409
315
828
264
292
49
471
498
433
806
488
783
106
298
453
462
905
82
719
645
30
948
728
937
69
443
946
553
918
249
160
423
107
754
422
372
907
659
445
826
883
950
847
327
809
512
756
754
542
368
471
185
48
742
48
440
680
190
11
517
210
833
987
908
836
839
701
718
660
687
920
988
585
727
372
23
424
12
577
958
366
862
453
184
629
495
145
487
787
543
132
233
135
33
499
113
128
493
706
114
802
372
112
343
691
457
8
631
985
753
396
722
953
417
332
58
185
663
431
42
643
443
544
740
377
695
523
