0246
853
153
307
651
6
79
836
793
228
834
144
492
938
933
795
480
890
581
318
898
415
339
148
748
542
678
566
648
577
252
466
330
335
736
761
102
711
824
666
492
886
234
857
868
322
187
547
279
674
971
556
278
408
850
928
779
395
371
343
387
892
464
397
925
568
99
201
656
163
357
152
55
823
48
211
34
47
354
600
685
343
13
195
313
575
450
201
933
563
510
545
80
877
943
219
812
697
198
141
759
663
145
136
649
935
335
90
212
259
513
897
285
596
754
661
475
314
972
968
729
947
935
150
612
269
148
197
11
572
224
162
144
808
444
87
528
402
53
879
715
326
140
593
827
16
589
78
929
584
225
936
214
61
259
519
683
853
809
860
428
864
193
318
111
584
564
627
685
972
794
826
984
979
257
459
390
152
716
762
655
938
486
765
706
335
263
739
448
360
293
854
308
589
975
529
347
209
808
100
223
656
827
551
