0247
169
603
235
737
810
557
249
759
541
14
680
972
232
777
502
438
525
301
603
372
557
162
121
755
998
272
1000
859
606
59
220
26
539
818
779
658
4
244
656
224
185
341
122
904
705
888
565
179
105
851
123
47
136
117
712
500
240
582
998
555
498
936
700
700
986
455
174
578
919
669
414
75
954
57
967
432
768
510
87
440
822
603
230
663
404
423
471
265
93
410
892
972
326
492
479
438
882
533
726
596
631
375
583
276
186
672
354
643
110
120
678
25
431
443
565
366
128
118
728
914
21
302
129
338
856
98
421
248
458
950
982
329
738
483
261
951
319
886
516
881
547
636
956
809
67
697
630
792
635
14
967
310
127
329
217
709
171
982
946
103
798
373
670
460
566
794
813
666
366
146
230
237
17
859
944
117
774
499
847
846
923
45
980
763
255
712
888
860
368
134
2
468
932
685
899
439
42
231
436
441
694
690
885
747
422
213
434
352
230
517
624
226
789
726
428
543
696
100
313
837
121
593
96
497
728
995
252
974
456
616
585
629
810
384
808
656
224
475
60
621
137
273
289
227
892
15
150
546
407
478
253
97
213
367
135
402
514
85
733
785
201
589
996
497
537
220
80
48
