0248
566
709
45
585
544
170
255
406
342
869
104
357
517
258
915
846
431
664
95
839
99
792
83
288
472
966
548
442
875
438
409
987
832
584
845
980
885
201
574
94
963
560
569
366
752
211
694
8
394
478
124
247
891
249
935
973
102
76
485
41
27
977
804
696
149
137
411
718
535
951
919
475
905
557
126
48
660
319
701
113
839
148
123
644
693
304
792
539
669
267
601
732
89
203
433
929
668
631
288
931
890
143
817
990
863
435
321
634
913
916
506
426
991
342
728
824
934
95
468
239
814
657
163
604
727
412
323
827
761
768
434
97
290
853
482
91
139
749
35
412
266
273
584
484
807
137
89
657
400
583
106
507
336
944
802
921
349
465
697
897
184
462
279
837
383
257
70
844
822
462
303
485
469
861
62
64
370
168
514
217
659
685
424
935
301
947
908
901
349
113
766
427
49
314
421
129
167
877
127
818
28
415
579
651
926
352
886
129
641
62
