0249
479
891
997
330
54
360
292
306
72
348
153
850
741
907
336
181
920
179
994
369
981
347
288
240
308
319
743
137
718
585
871
408
725
704
786
484
176
703
284
385
676
111
438
748
540
993
509
146
115
369
202
672
905
544
807
317
390
28
988
23
271
808
515
36
889
191
54
336
859
414
665
873
226
546
64
813
134
97
994
672
383
486
283
241
702
491
287
650
569
314
493
574
571
83
748
746
215
832
524
514
659
563
470
477
386
728
675
602
988
241
724
891
640
434
578
6
167
348
940
433
370
45
882
798
25
274
706
72
395
251
720
147
69
799
262
645
3
809
377
266
547
881
768
631
688
14
799
689
869
984
75
76
347
904
707
218
603
513
532
359
937
374
530
317
460
744
396
624
557
963
382
363
10
412
725
475
965
821
265
380
905
510
358
920
82
720
879
945
727
915
601
177
650
331
495
733
408
207
836
719
596
537
161
963
516
874
416
173
5
462
883
746
66
755
249
625
674
731
402
980
358
210
956
645
892
786
678
298
587
286
168
40
491
783
172
71
582
746
488
361
490
682
971
585
976
113
953
636
487
986
243
255
796
106
246
63
322
706
666
172
443
169
859
771
217
861
215
714
888
951
745
553
373
757
170
382
469
722
422
906
595
485
728
201
527
522
243
328
131
524
674
645
887
982
490
57
814
571
15
216
107
88
577
307
331
343
930
790
109
274
819
936
199
253
963
869
501
872
643
570
485
373
413
749
974
808
378
100
438
750
273
363
154
296
118
980
82
933
818
325
996
100
649
56
359
453
803
297
642
971
695
427
508
566
411
192
602
272
650
574
898
432
614
479
538
801
655
220
175
115
306
461
19
881
731
975
674
15
536
927
330
334
688
235
482
143
100
993
504
127
108
305
680
565
705
689
35
996
129
818
826
26
701
345
293
644
946
824
453
365
733
768
698
128
560
523
911
498
126
464
403
161
597
207
665
358
493
380
95
595
412
404
