0250
538
274
808
121
571
867
490
481
883
305
135
3
247
725
577
658
157
784
662
386
203
275
197
430
193
474
637
974
884
541
460
642
765
914
131
579
902
976
949
429
689
652
754
620
323
489
369
830
311
337
776
773
787
351
463
551
189
665
754
626
826
846
891
935
354
669
265
897
48
575
476
766
940
204
110
973
542
774
999
20
635
566
172
432
258
851
804
967
796
641
817
214
862
101
617
700
396
375
122
257
785
962
167
110
940
831
459
538
235
325
602
840
945
288
11
336
420
607
362
859
621
483
993
373
391
681
579
704
187
951
599
408
630
391
14
538
20
147
961
878
785
856
756
950
208
107
107
739
894
909
860
697
717
197
57
153
491
627
727
869
467
409
487
363
954
906
388
853
196
817
466
876
631
468
150
144
232
432
41
102
986
129
45
952
772
529
95
682
671
920
145
865
43
176
859
467
35
598
290
696
663
187
758
427
586
222
324
257
366
64
693
799
528
682
561
625
462
290
567
759
618
566
627
657
437
364
925
142
54
956
368
740
254
138
225
740
794
303
992
866
9
491
679
890
799
405
181
219
590
107
666
891
49
521
265
528
380
686
294
441
557
889
298
535
463
919
771
530
668
779
345
209
702
134
374
956
133
405
250
268
8
531
200
766
325
173
182
123
505
851
684
149
603
734
953
535
531
221
75
582
241
398
789
613
522
565
480
735
95
7
855
948
49
486
103
796
633
898
997
299
603
239
214
609
221
87
133
446
29
516
244
548
325
736
470
595
689
301
781
458
818
415
627
255
716
300
907
128
219
262
620
595
883
827
736
156
490
823
135
811
766
688
543
892
529
601
822
842
167
849
29
895
55
58
216
61
356
405
837
797
448
649
324
425
721
176
627
541
59
437
323
328
205
374
231
981
634
555
330
683
182
331
456
688
