0251
286
609
738
821
741
604
329
232
951
147
960
266
240
261
923
786
10
412
856
821
1
660
633
276
522
137
978
133
770
826
864
234
627
675
435
212
874
326
286
228
125
432
56
313
98
510
795
994
243
936
971
761
846
343
821
414
830
835
977
79
326
173
431
462
336
191
681
671
545
217
679
329
27
932
501
250
563
442
815
934
113
234
524
246
984
975
384
909
314
115
217
857
695
60
655
170
785
542
186
475
187
217
994
842
325
112
477
527
139
673
687
363
855
918
382
292
784
916
829
477
499
783
87
868
411
596
992
929
465
654
182
634
95
156
525
739
158
873
448
288
710
829
954
597
734
366
585
152
716
789
823
647
269
509
801
14
902
452
571
892
379
573
849
905
774
985
254
866
686
685
861
694
415
640
430
735
44
149
540
687
