0252
19
429
47
298
298
942
27
672
916
904
606
388
359
918
231
532
184
498
619
563
20
605
402
697
454
129
966
567
801
817
528
937
508
823
158
234
400
479
665
233
496
184
71
45
437
319
450
167
842
125
421
914
893
869
306
695
133
641
128
848
22
353
321
65
320
625
169
771
678
456
386
620
910
869
947
324
51
142
199
691
446
912
558
539
357
51
33
253
688
350
420
129
141
745
262
892
817
368
230
41
494
742
859
618
338
136
742
681
821
904
74
302
290
51
537
403
495
253
143
460
135
16
873
216
551
403
640
490
672
898
50
662
231
299
891
389
231
846
393
498
764
66
709
210
954
311
330
617
887
728
1000
215
12
164
739
841
504
7
684
328
877
136
470
976
179
563
400
361
767
96
432
444
395
711
543
355
247
453
462
246
617
325
633
821
465
940
486
