0253
199
390
954
762
651
196
652
925
552
587
238
200
514
757
223
908
568
298
220
276
619
125
4
425
176
941
996
946
518
88
25
595
430
521
968
901
137
379
112
296
855
133
202
507
466
129
265
76
224
610
272
750
315
463
768
699
109
484
644
630
90
747
721
345
815
115
753
356
818
507
643
11
516
977
336
898
270
875
302
125
578
992
168
659
592
671
860
835
471
99
586
108
91
450
107
628
667
474
177
349
248
553
513
853
205
50
880
247
524
396
997
309
621
56
872
401
231
237
453
327
33
804
366
470
840
848
796
940
525
879
855
386
761
735
939
169
530
732
595
20
727
797
799
791
653
304
988
636
779
683
98
679
384
323
892
946
739
86
720
508
877
58
258
26
206
47
791
427
6
997
738
931
538
200
637
244
756
11
379
20
847
259
664
183
761
694
957
666
739
867
