0254
839
408
433
58
839
875
245
733
3
258
405
670
9
795
237
236
477
638
908
374
353
716
883
888
41
446
413
318
406
796
714
263
743
181
220
822
547
750
994
80
148
217
81
118
286
182
990
205
180
100
298
954
789
645
499
140
302
936
206
587
156
751
882
291
371
566
634
421
833
12
57
171
287
943
131
296
346
494
909
499
911
609
574
147
144
849
744
524
17
866
306
288
808
867
641
98
23
489
238
264
450
77
487
734
939
102
460
614
480
690
293
482
407
989
484
217
775
954
874
463
734
720
176
617
227
154
650
976
305
368
821
622
777
485
730
596
893
557
651
490
881
399
757
910
693
67
786
486
705
796
898
872
863
709
15
69
549
174
25
815
793
572
369
911
502
316
833
741
404
364
753
98
71
254
14
541
37
830
179
63
370
908
885
818
198
922
905
32
37
833
883
982
995
211
796
965
442
730
616
451
600
462
280
103
407
799
367
153
415
460
415
983
976
327
899
601
23
40
316
852
301
791
757
248
629
698
421
527
953
213
359
702
758
949
960
426
386
831
943
255
419
851
252
309
441
571
142
181
42
745
294
958
630
638
288
811
839
809
736
57
826
833
788
67
265
56
235
619
728
878
66
82
902
28
411
566
885
154
291
954
329
337
265
263
876
841
393
738
688
843
104
431
626
639
287
402
606
192
717
751
439
115
607
825
873
920
99
137
380
402
406
500
763
140
432
950
7
669
555
331
869
11
352
672
385
202
240
979
905
475
820
687
503
451
64
840
904
267
216
32
104
902
914
59
457
953
335
630
607
243
49
747
708
581
933
943
530
248
737
705
941
229
313
486
22
663
389
630
709
68
63
847
45
192
958
324
288
118
323
744
133
822
756
726
16
523
316
427
146
816
331
393
489
856
889
343
117
227
610
11
741
488
170
19
133
535
681
507
204
445
376
547
289
452
825
85
199
325
