0255
566
98
906
383
234
180
292
547
730
229
209
940
786
28
405
613
658
45
305
348
977
698
487
483
908
802
317
890
936
719
351
412
685
335
819
217
893
495
512
619
90
320
127
236
200
950
605
452
523
873
248
761
362
876
742
326
278
937
602
658
21
843
383
738
135
181
110
720
849
106
524
671
198
183
126
955
211
994
149
863
565
376
962
99
979
426
249
206
872
121
348
671
349
803
164
570
862
864
492
457
463
601
535
556
871
919
606
641
735
951
727
847
12
6
544
580
591
410
649
328
518
72
535
228
767
841
293
34
792
735
374
39
490
960
285
30
742
157
989
643
887
901
578
40
713
810
57
310
539
566
303
271
907
865
812
50
504
357
853
255
154
792
719
676
858
683
383
271
560
12
392
746
879
310
329
480
972
695
585
737
85
61
129
997
450
761
8
795
894
956
672
196
252
394
598
811
487
559
680
194
430
936
278
93
205
37
690
763
585
581
104
255
241
761
154
719
199
564
426
772
828
138
72
644
561
372
879
638
867
213
801
890
754
431
145
872
484
949
961
164
520
658
234
173
493
633
4
866
432
244
721
620
173
770
127
570
715
227
943
319
750
522
590
387
786
111
908
825
662
700
4
881
409
863
253
399
264
466
552
30
264
601
448
548
96
587
309
289
467
743
389
987
196
872
689
576
675
175
810
436
174
61
960
840
428
364
45
685
201
238
910
12
900
918
259
774
819
2
266
410
688
799
240
372
562
881
716
152
503
979
728
630
819
981
697
780
940
706
328
211
92
824
588
337
195
776
113
871
244
100
872
871
80
625
435
363
