0256
414
196
871
567
786
832
880
323
651
778
711
138
972
409
486
13
809
315
399
115
171
345
492
564
771
890
241
566
193
368
952
14
884
974
60
733
622
170
538
445
487
256
748
360
254
25
154
180
775
300
7
913
496
718
562
313
83
536
623
198
891
248
520
565
497
911
707
883
798
518
531
562
450
897
359
960
822
833
733
396
810
780
486
766
856
235
992
682
10
75
621
198
935
977
415
510
708
580
729
283
349
421
375
157
771
232
873
711
225
24
584
49
63
953
206
338
85
152
565
555
310
512
173
784
733
469
96
488
722
365
838
372
584
559
428
24
597
802
364
149
964
104
421
533
956
434
772
33
110
186
54
192
645
498
24
691
551
2
610
332
133
165
692
621
459
634
59
147
97
81
469
361
278
930
739
941
581
772
348
116
124
444
699
199
389
373
565
544
676
174
520
32
944
457
574
318
741
75
622
690
405
343
301
491
772
76
