0257
577
429
184
316
617
60
395
679
636
684
111
28
421
103
972
714
903
489
476
615
837
733
815
726
448
302
672
399
193
590
192
484
64
99
994
919
55
496
598
929
508
389
439
782
658
57
594
416
530
26
215
631
637
21
68
212
749
851
158
491
758
976
604
988
572
648
431
739
7
863
846
737
143
585
104
694
304
654
259
814
353
464
572
520
625
601
543
290
375
67
195
23
666
243
951
73
13
783
166
279
879
612
940
335
643
184
95
284
370
581
187
797
668
686
388
715
845
235
226
215
25
150
440
745
38
853
342
15
578
40
411
702
884
780
193
275
645
370
204
780
632
580
966
96
132
635
906
489
104
847
98
552
207
329
876
41
733
945
361
632
629
529
156
864
574
559
257
413
609
92
319
276
692
866
326
116
736
318
540
473
439
791
999
809
