0258
341
665
149
281
683
110
77
969
27
569
201
695
802
100
905
671
780
378
82
693
709
411
79
383
796
166
106
438
917
759
719
209
629
481
114
977
444
443
330
36
524
106
952
264
173
551
912
108
688
500
158
337
401
444
318
876
216
736
850
223
798
224
294
932
203
991
136
518
999
111
291
290
787
725
971
881
39
918
412
387
948
126
68
943
535
519
985
518
843
801
644
552
267
121
207
363
977
735
80
157
627
670
344
474
937
755
618
84
509
388
101
125
189
284
304
666
975
854
447
194
564
545
575
142
534
422
984
796
651
160
208
513
454
547
57
414
505
179
758
977
663
516
481
275
40
84
947
526
779
478
353
715
591
263
541
32
282
648
508
580
115
673
670
365
865
929
546
991
845
113
798
952
387
930
253
946
278
62
974
673
176
185
105
785
906
674
278
802
118
703
563
248
63
93
260
33
4
625
751
815
856
752
98
526
938
918
341
673
874
175
440
240
986
317
816
386
374
744
825
891
460
124
455
702
469
749
795
337
968
899
692
866
485
890
360
388
235
104
532
485
463
820
799
170
612
10
343
555
776
771
869
726
65
165
22
456
604
76
793
973
996
116
958
574
615
275
277
668
271
76
74
782
199
812
181
759
420
229
296
570
680
131
943
760
732
748
689
733
576
320
375
681
547
388
926
455
2
550
440
218
6
158
159
87
869
82
531
688
530
63
75
372
401
327
692
931
117
321
72
647
310
636
619
474
893
2
832
656
50
311
584
490
390
745
353
302
445
111
965
264
106
116
773
179
766
359
994
542
4
234
289
832
278
632
205
28
542
394
472
362
495
74
2
625
62
996
202
625
28
452
551
725
181
275
400
137
577
742
528
412
151
47
740
498
377
506
873
342
630
19
277
561
898
252
621
318
916
112
75
883
243
98
842
740
553
948
374
227
812
283
810
334
874
962
176
645
141
986
264
593
571
65
6
746
432
964
404
359
512
907
437
824
78
654
42
525
949
27
155
33
913
611
333
495
58
350
12
175
819
104
427
52
751
918
279
504
846
262
741
432
210
424
881
321
746
895
363
754
818
38
978
471
422
674
561
632
771
279
251
270
