0259
763
182
302
981
705
262
558
241
975
415
988
466
716
247
603
448
462
256
4
330
114
779
743
593
774
854
656
129
733
564
308
188
878
691
87
823
139
906
945
540
969
957
851
857
849
200
29
803
278
935
760
581
617
787
912
195
193
273
127
517
2
644
915
677
839
797
683
478
441
699
208
923
391
815
866
108
526
902
274
956
866
526
895
113
656
515
501
170
964
413
987
1
460
820
225
41
136
656
915
71
350
424
223
942
780
875
951
473
296
576
61
955
460
238
283
873
19
361
544
893
737
752
163
158
849
668
638
361
543
832
723
715
608
383
144
624
579
612
927
122
492
336
945
209
528
721
547
255
654
830
203
33
433
573
535
466
451
385
228
117
642
602
3
79
695
540
353
321
631
893
85
202
237
484
603
412
225
644
104
578
824
849
534
104
334
215
286
246
601
958
432
480
698
110
794
994
24
365
819
851
562
633
835
677
630
39
652
191
949
37
277
241
111
278
808
267
273
317
553
40
766
190
299
165
726
931
33
929
38
947
27
960
311
762
690
965
775
84
36
112
922
721
874
521
735
726
360
731
504
327
839
282
191
502
208
990
991
513
547
411
810
554
756
281
672
860
341
678
380
807
777
775
514
266
185
454
518
461
566
180
215
528
84
93
920
362
168
945
200
508
493
149
953
45
895
178
968
850
922
10
163
585
857
183
773
365
981
735
44
555
894
515
1
187
515
879
245
944
314
525
866
558
750
86
660
853
648
995
131
509
15
868
19
644
120
822
265
717
378
25
373
630
444
828
24
769
684
40
223
152
959
561
179
486
693
819
608
89
728
309
163
866
138
645
63
470
130
38
314
458
978
404
133
204
487
11
526
96
659
779
549
317
467
223
270
458
89
938
799
855
64
174
919
11
251
255
641
413
972
787
53
597
902
982
524
873
433
563
960
692
419
201
826
475
381
535
832
687
713
603
134
428
350
678
