0260
740
297
936
433
857
599
289
133
139
162
63
621
485
988
799
239
513
675
955
10
265
423
326
162
676
569
24
235
495
99
574
856
349
390
975
105
965
346
452
623
602
964
268
773
550
283
642
994
882
379
439
772
618
594
630
289
340
473
346
189
517
191
380
553
270
849
963
969
845
397
530
539
273
150
671
96
370
847
5
390
401
921
793
434
90
100
805
528
443
844
830
716
451
867
835
739
179
946
535
798
251
458
2
674
738
875
341
900
415
725
108
294
619
720
202
931
423
17
301
710
242
525
978
677
277
90
983
691
374
736
399
355
935
782
