0261
76
494
783
804
445
86
82
365
708
19
139
206
262
891
471
648
265
642
119
746
512
48
370
778
804
408
319
666
897
551
106
774
463
982
21
930
73
163
143
74
178
612
883
570
359
248
399
96
321
394
261
842
1
902
676
1
126
339
992
896
851
644
219
615
256
452
86
405
85
332
165
996
851
932
278
651
141
769
165
870
528
308
769
277
906
906
163
229
134
696
687
537
877
302
226
322
189
501
750
39
793
585
635
879
55
165
522
854
819
587
254
829
489
1000
921
107
271
945
946
179
545
109
865
41
810
803
48
39
970
523
411
904
27
269
855
939
755
126
877
412
639
549
501
345
321
698
748
409
490
562
657
36
932
437
754
465
481
789
321
812
300
632
18
170
475
180
458
133
11
422
683
259
963
279
168
401
238
324
495
676
864
922
76
711
634
720
105
135
303
49
875
680
155
931
857
442
538
324
100
910
59
770
724
587
279
11
119
626
425
712
576
844
970
748
750
134
289
472
819
305
475
530
452
788
813
992
676
453
840
657
845
875
37
449
219
588
19
437
21
850
714
479
253
442
352
780
920
295
808
160
794
157
281
483
900
664
464
194
906
331
1
907
394
750
758
389
747
159
933
61
438
29
903
139
637
47
849
231
137
463
979
680
193
513
843
365
772
869
945
147
150
252
830
174
11
714
918
349
840
366
214
750
365
931
937
72
805
589
803
737
583
797
358
108
61
656
112
634
108
263
503
281
548
369
710
879
287
146
657
890
182
158
44
770
835
968
303
213
328
582
138
465
656
879
464
570
364
603
572
399
451
475
650
126
347
807
198
550
626
449
855
912
355
429
906
859
278
655
636
193
49
455
175
13
880
422
419
14
34
744
742
643
891
511
296
249
547
315
70
933
837
67
537
76
845
837
421
15
663
420
363
361
544
677
386
141
149
616
448
297
708
284
841
442
901
868
95
897
381
308
184
321
742
195
557
642
281
574
918
632
598
329
287
733
711
535
465
318
132
724
901
140
964
829
601
524
628
115
727
393
479
567
