0262
98
124
364
213
630
553
117
550
485
416
861
518
972
382
488
704
656
349
226
878
442
875
152
700
288
90
585
859
367
147
801
821
691
967
443
513
761
412
476
331
982
890
987
741
391
192
583
723
111
967
820
919
76
883
471
77
492
750
346
325
795
528
682
510
581
96
392
107
373
183
983
664
672
282
82
865
280
328
160
269
383
478
573
489
673
94
74
562
458
140
534
205
629
655
956
180
351
731
603
968
330
333
734
490
881
197
605
207
54
995
374
769
103
396
18
145
711
92
582
488
108
684
881
401
899
878
472
600
132
916
37
948
463
209
386
240
629
905
216
687
449
113
110
710
544
156
575
164
594
195
507
623
117
727
984
13
214
863
933
357
329
968
828
547
857
162
86
720
732
223
86
137
703
944
454
803
814
10
292
618
223
677
917
635
256
835
365
659
807
329
980
792
912
227
485
780
360
907
659
837
641
381
968
969
200
985
65
121
428
470
985
589
584
134
256
773
29
921
516
984
978
