0263
612
16
468
250
551
326
239
128
171
968
291
998
845
385
354
163
13
674
121
464
881
567
612
279
9
567
256
915
691
707
629
237
284
167
54
293
703
56
577
576
150
970
653
190
23
739
516
635
214
157
437
725
38
79
324
270
154
490
106
717
356
638
463
58
265
94
519
996
974
928
551
626
598
809
197
682
397
127
516
127
626
333
49
774
961
666
747
654
117
552
797
737
412
91
902
590
177
220
203
305
112
460
919
823
38
369
326
735
87
415
51
221
481
3
9
773
335
561
477
72
599
368
818
594
473
446
5
488
74
43
767
254
82
973
709
45
496
817
325
261
159
384
222
106
595
998
590
936
374
719
622
121
518
237
325
720
176
984
622
423
549
14
322
855
846
315
198
523
412
463
503
621
956
528
338
988
81
265
770
526
723
22
44
56
503
623
642
116
439
325
594
837
327
789
171
124
