0264
813
814
37
277
149
182
667
578
346
911
59
423
547
393
115
105
720
781
590
58
838
903
502
666
996
357
601
539
723
720
679
754
788
104
432
253
301
805
542
454
626
252
199
611
331
221
369
631
507
686
527
567
863
383
119
666
283
813
871
532
266
922
722
608
642
517
71
887
634
165
933
722
138
430
38
7
962
769
42
457
530
217
815
567
709
519
202
421
93
950
189
930
60
678
438
942
242
629
410
643
533
227
758
513
532
319
179
730
27
790
960
887
287
468
420
113
136
842
937
617
806
588
187
941
650
747
370
112
22
565
216
756
767
180
456
102
153
