0265
406
30
995
628
696
886
314
398
576
133
332
662
726
979
574
428
7
953
874
85
43
406
363
592
629
120
4
567
415
192
127
651
730
903
425
305
532
713
26
794
248
269
301
44
789
865
270
183
782
321
926
287
109
64
884
928
289
912
469
926
531
542
318
11
444
417
527
671
738
841
122
302
157
945
98
352
380
136
106
626
797
238
137
340
663
492
970
149
53
997
954
115
817
402
853
615
472
501
877
598
929
225
678
621
842
708
569
653
458
872
263
450
279
175
820
979
49
177
54
827
219
27
470
985
422
709
679
150
320
73
141
425
514
444
542
653
786
500
879
151
835
495
655
396
795
558
706
424
650
556
400
779
385
651
504
420
548
818
657
18
194
808
529
891
309
66
250
376
458
895
922
282
671
713
879
832
813
19
669
470
33
492
204
196
742
342
716
395
421
606
872
860
512
639
965
168
555
204
887
639
435
664
835
282
811
663
479
974
88
556
274
28
632
750
866
186
853
232
401
924
48
800
207
866
233
764
593
458
126
775
810
811
769
16
850
151
825
109
819
794
746
334
810
759
974
439
147
