0266
729
802
448
438
192
321
320
581
266
825
366
674
813
737
613
784
669
202
466
561
883
710
77
732
582
815
586
424
37
165
549
204
210
960
929
297
860
596
452
886
686
2
726
865
792
670
214
247
359
186
931
49
646
221
403
250
578
508
887
366
807
14
51
116
918
95
438
102
606
966
890
694
65
923
369
369
202
849
368
372
431
706
152
541
615
39
804
642
791
109
71
743
484
599
626
953
914
955
260
480
265
371
122
200
623
826
364
517
47
958
758
648
720
63
101
818
343
566
996
892
749
802
147
78
324
118
436
922
45
611
413
459
185
458
881
550
602
752
906
464
685
91
30
598
107
356
523
352
923
542
947
697
504
467
97
61
538
951
