0267
326
7
925
469
52
939
658
996
511
176
358
751
958
770
382
11
179
334
858
565
276
578
622
956
623
25
517
726
88
100
363
275
153
826
123
149
940
29
927
3
167
361
747
175
473
464
211
978
971
879
170
262
445
109
998
188
139
154
871
596
228
56
800
601
363
509
465
422
983
351
143
729
637
485
754
361
191
909
932
140
283
694
298
357
831
557
588
563
685
254
914
933
69
125
606
957
862
205
17
565
65
592
705
703
448
213
280
106
120
116
424
862
905
917
905
227
463
534
162
875
380
627
794
933
336
337
255
971
928
74
612
406
167
700
260
995
288
615
904
782
950
797
919
125
329
25
698
10
790
661
766
106
589
