0268
59
305
531
892
385
745
928
42
747
973
942
303
820
602
574
790
505
460
169
219
593
624
807
723
25
876
479
550
731
823
535
711
266
614
724
439
726
625
830
598
229
581
83
527
683
820
180
966
289
886
576
885
607
336
417
319
845
908
139
140
951
285
592
123
691
242
62
264
460
273
824
51
656
982
645
61
123
630
506
521
45
614
340
197
646
285
793
23
330
206
356
755
987
47
135
982
314
482
684
121
246
411
354
895
6
788
998
305
882
964
195
104
858
896
463
734
433
33
964
288
183
929
15
176
603
506
502
443
482
436
601
948
860
152
949
796
363
579
856
31
612
29
10
979
804
538
581
507
951
