0269
250
646
640
715
673
530
966
318
628
567
262
303
802
586
972
70
756
664
964
387
263
304
603
326
670
774
42
316
311
42
199
95
812
26
63
886
409
299
145
737
176
912
672
310
730
522
244
991
659
173
636
673
441
851
260
222
934
859
575
459
211
636
96
731
494
453
298
104
856
87
151
918
862
104
4
270
140
895
775
248
417
646
820
231
974
284
109
922
178
218
369
117
167
330
138
248
711
981
184
796
226
784
26
552
393
334
189
166
62
397
952
80
961
953
479
172
581
657
550
865
462
826
650
497
903
762
77
869
42
258
205
704
578
64
756
54
959
495
