0270
384
544
171
103
569
637
192
723
891
505
820
932
334
73
897
936
238
656
825
372
724
407
255
191
726
347
385
855
590
134
989
985
881
6
141
729
774
98
865
862
535
198
762
529
30
137
212
833
829
281
735
648
723
34
612
390
717
79
820
92
540
612
397
145
545
302
931
974
384
590
97
239
102
84
173
903
900
928
847
281
737
531
924
760
758
747
66
75
242
137
257
111
400
385
178
818
593
884
650
511
997
302
514
977
84
919
416
489
834
571
792
817
856
832
20
233
993
370
143
500
479
342
448
258
144
650
167
644
659
362
549
600
238
402
283
421
937
872
792
632
416
828
673
327
462
372
65
128
264
622
964
456
291
992
554
109
426
742
395
101
923
100
107
526
113
504
121
564
239
178
688
488
760
230
435
