0271
266
148
345
87
510
492
288
132
218
869
369
139
786
960
838
676
859
590
625
527
674
453
360
739
957
436
554
72
615
171
290
342
932
648
804
440
117
498
176
250
994
554
320
499
446
323
848
385
270
403
307
281
500
818
212
390
295
370
525
670
936
723
193
414
273
694
706
532
322
531
91
890
901
491
641
620
79
494
454
434
199
939
659
503
266
745
315
908
596
694
323
384
268
643
586
19
974
501
164
485
411
486
797
734
987
813
757
344
820
446
102
750
999
56
269
7
794
571
805
451
824
135
478
91
694
959
551
661
633
32
924
124
776
828
7
503
675
902
900
785
670
576
