0272
243
467
523
61
159
102
720
633
915
415
255
179
582
203
100
624
268
146
549
611
460
490
696
462
57
235
376
150
685
322
556
198
549
488
326
959
253
450
849
954
771
315
404
899
688
549
168
178
780
978
988
330
789
189
79
701
457
893
663
63
912
195
821
831
841
93
863
145
6
993
604
883
752
900
833
713
957
606
113
112
169
696
264
601
760
619
78
47
594
208
981
511
622
364
129
101
625
924
506
41
706
290
529
805
529
182
495
744
866
690
961
466
308
749
950
849
734
689
696
372
759
447
388
34
727
121
76
622
471
794
221
39
745
266
533
970
539
306
95
110
31
719
876
460
15
856
118
61
339
814
139
652
208
948
