0273
621
507
953
117
29
125
6
66
436
578
308
223
277
199
245
495
828
301
137
717
58
579
975
472
625
921
897
536
322
725
374
111
7
725
680
850
533
796
528
938
224
989
423
981
623
375
944
446
461
56
557
647
174
713
893
622
397
197
470
988
872
965
922
598
294
665
517
539
141
770
850
757
46
267
667
997
353
978
28
297
386
99
414
901
872
397
302
979
756
187
853
617
294
358
802
986
687
206
389
56
91
436
522
567
851
759
194
510
411
259
884
451
4
997
189
18
695
489
269
148
361
96
913
197
657
731
840
551
610
591
