0274
950
570
962
84
575
705
453
313
836
387
571
447
639
649
147
194
476
912
211
242
289
128
211
900
66
893
52
926
452
817
462
952
380
127
575
236
719
406
950
461
398
222
369
419
318
232
796
380
890
352
373
886
188
631
604
878
897
504
381
230
853
929
765
665
107
838
181
479
705
10
12
816
479
183
172
116
883
205
208
633
71
853
874
549
135
81
881
972
78
202
202
667
813
399
454
729
244
613
451
394
418
214
25
47
469
726
947
876
515
264
401
867
99
722
258
245
377
517
280
899
738
702
670
641
241
225
905
