0275
784
520
611
25
593
178
606
290
589
343
211
48
217
354
713
424
17
438
528
293
150
742
778
746
947
980
96
144
53
220
611
640
821
906
767
457
86
274
836
970
218
412
309
712
802
687
868
155
696
981
848
199
556
573
927
326
878
424
457
410
264
654
257
734
950
653
884
789
280
3
358
287
909
8
849
62
765
273
561
688
87
542
900
380
486
881
714
148
90
156
384
46
686
632
867
828
732
379
100
268
987
275
583
670
367
183
319
937
88
414
14
336
300
957
36
366
461
589
255
451
983
534
869
213
498
90
343
902
260
582
142
465
54
540
391
551
446
284
857
251
509
930
880
634
843
611
411
137
765
982
345
498
356
41
617
354
648
289
866
497
988
517
910
49
69
987
707
538
69
492
217
569
352
21
310
668
201
121
392
420
320
664
664
143
395
832
511
113
491
43
695
708
51
860
954
19
916
478
62
828
381
465
50
777
149
884
348
485
138
129
272
617
452
782
703
918
926
787
707
510
674
286
502
369
497
28
628
841
629
534
67
688
556
561
910
967
609
329
984
665
336
515
576
561
876
653
884
599
563
689
174
27
208
583
908
331
55
193
264
144
278
280
441
772
453
57
944
859
781
134
865
359
115
271
189
679
563
639
99
976
790
656
324
342
281
238
921
310
956
953
93
636
801
700
