0276
360
302
880
903
657
374
119
559
656
441
431
804
155
523
439
35
318
83
166
558
664
318
629
25
100
496
46
10
556
548
456
611
359
46
426
533
696
905
626
548
671
819
795
49
24
637
505
207
218
585
872
837
384
485
463
498
467
57
574
611
637
911
274
257
816
870
370
608
175
456
305
382
376
588
567
959
127
719
440
481
438
845
312
639
614
646
818
453
470
666
219
286
71
91
863
200
590
946
446
912
171
881
393
314
251
987
666
191
115
150
927
839
671
163
274
793
61
91
489
738
537
342
18
653
444
361
650
750
628
4
226
301
592
992
374
488
74
69
879
25
762
120
644
410
767
142
807
377
747
345
247
979
732
913
690
387
2
248
194
878
466
834
641
811
652
124
237
312
360
145
650
877
850
808
649
783
582
332
8
36
987
878
385
52
388
471
393
548
37
815
980
555
413
978
300
54
104
729
696
474
238
191
962
791
10
671
229
899
402
881
726
585
574
939
106
72
1
952
494
899
882
172
404
503
491
621
381
404
954
877
568
46
334
615
792
497
184
517
755
283
976
33
58
471
505
659
668
492
541
963
177
120
991
184
560
719
247
87
300
910
502
772
157
709
451
559
955
950
4
124
653
596
519
627
565
866
173
62
65
851
826
723
892
680
519
961
48
343
452
27
273
283
880
296
97
23
240
457
527
451
347
886
12
949
992
899
681
715
153
31
458
949
605
990
249
954
794
368
549
622
557
209
18
779
139
198
62
369
415
198
175
890
696
771
740
923
526
739
45
995
746
377
829
617
146
163
338
301
734
94
583
293
732
553
811
778
948
655
111
870
323
877
33
295
426
118
570
382
574
471
672
642
429
836
139
794
599
755
608
200
854
617
335
805
473
138
768
253
6
314
656
513
549
190
17
605
102
286
282
379
878
574
745
697
990
349
260
860
