0277
51
935
202
924
397
340
739
362
822
714
446
693
990
34
319
107
126
363
823
448
49
892
124
67
258
547
980
985
706
431
331
952
679
732
122
966
929
67
567
458
264
946
698
126
702
224
534
429
832
201
109
487
129
256
331
217
654
412
296
391
198
728
743
190
166
657
135
243
730
281
156
680
251
781
410
782
410
779
429
133
487
492
974
907
274
11
295
740
400
733
824
357
85
595
10
989
375
487
252
582
901
14
710
131
942
684
872
818
429
581
168
576
644
37
531
92
967
704
939
594
926
953
75
469
758
596
875
704
346
120
764
19
48
787
721
459
182
852
165
841
961
754
71
554
674
3
418
771
601
167
690
41
758
81
847
808
39
421
476
621
713
992
484
730
793
617
687
201
88
257
768
373
880
558
744
921
823
199
779
931
894
173
676
416
959
329
100
33
64
458
188
546
585
767
63
464
517
344
43
944
283
655
590
976
620
462
902
21
293
169
578
423
577
29
860
153
796
16
889
660
257
297
180
517
227
569
416
730
694
242
357
561
260
771
388
244
12
325
341
227
793
21
995
660
419
24
699
860
497
789
790
913
858
820
370
294
79
627
749
227
513
857
386
840
452
797
697
990
465
973
22
69
961
497
687
727
521
336
189
480
488
425
857
126
960
271
42
94
335
925
794
561
717
619
669
257
500
268
413
448
17
569
690
839
721
506
921
671
310
745
438
750
485
311
860
205
871
452
205
237
230
833
708
989
248
852
252
124
116
25
939
184
393
928
699
210
396
614
443
804
570
456
723
15
550
808
91
635
183
622
204
495
841
619
955
748
68
228
133
354
835
964
526
423
615
468
58
803
396
608
530
947
112
879
656
278
406
550
836
609
343
975
501
658
544
739
296
255
826
33
853
27
670
7
307
84
261
138
332
707
609
211
803
980
61
152
529
64
681
42
999
640
371
198
952
101
513
221
144
