0278
244
15
294
584
727
886
133
315
634
216
515
517
824
95
555
439
290
333
743
880
13
3
281
340
860
577
975
416
81
645
964
734
45
466
975
95
814
29
5
455
64
429
611
499
723
992
79
711
252
26
592
154
505
486
731
206
288
708
466
927
490
959
166
929
289
221
944
254
60
448
334
545
108
56
982
400
394
467
644
344
761
592
517
213
999
330
451
240
460
374
183
35
943
88
604
982
988
406
217
844
8
624
204
108
418
859
323
935
968
319
317
954
522
795
469
962
502
341
268
13
921
231
996
198
720
137
156
873
681
307
470
506
966
450
851
353
696
67
9
174
299
941
555
77
970
215
874
22
520
571
226
906
648
275
542
507
247
673
252
365
407
740
305
970
893
343
112
355
65
948
747
147
372
376
750
179
68
992
267
428
864
654
18
834
747
258
624
39
185
417
233
930
103
471
998
447
808
301
625
291
194
752
291
77
852
238
552
482
328
122
447
784
719
816
264
238
755
240
97
162
223
712
211
637
589
132
173
955
