0279
89
93
218
414
565
386
801
441
130
804
92
766
481
176
112
723
10
750
980
479
787
356
112
509
286
577
546
48
83
591
504
40
976
674
614
274
143
105
537
477
184
603
32
453
961
186
624
119
858
64
914
649
336
669
427
636
543
678
615
233
376
845
673
262
249
79
20
339
813
354
489
636
442
182
920
295
303
937
617
41
348
865
762
156
462
629
929
74
577
770
265
751
964
394
895
40
552
107
803
419
804
282
556
534
412
379
365
756
409
273
972
391
489
154
209
113
221
565
880
881
214
474
339
112
583
566
877
50
676
55
582
229
175
398
656
292
655
745
434
464
914
201
913
134
800
872
880
395
148
963
716
998
843
192
591
172
237
8
355
391
941
652
681
283
477
335
672
118
792
662
496
571
644
71
340
888
819
652
648
18
602
25
81
911
515
616
228
391
348
412
100
660
98
401
694
662
892
306
744
657
980
789
772
398
305
700
558
737
878
671
295
115
406
421
203
318
13
723
614
682
362
191
576
998
158
