0280
566
276
105
882
389
11
954
927
637
750
664
395
774
151
228
827
930
657
224
367
208
156
1000
487
178
530
38
261
553
281
800
119
888
660
28
888
559
303
184
392
840
322
482
345
620
260
412
211
784
929
155
622
72
339
276
181
61
464
638
781
663
5
521
172
645
389
930
545
746
952
660
799
775
714
355
713
758
867
977
462
910
204
606
686
643
791
837
266
19
175
499
437
754
652
161
679
940
480
592
974
421
862
846
374
362
283
11
139
722
257
582
161
21
737
244
486
779
666
251
794
245
867
635
156
131
318
981
301
263
159
330
373
129
872
287
864
708
648
812
661
573
842
869
240
242
551
17
377
3
824
876
662
580
5
956
681
