0281
645
689
69
184
293
972
287
636
465
130
61
427
998
121
795
754
993
513
317
26
270
235
824
500
916
670
848
379
79
581
59
672
78
981
95
381
555
62
346
818
512
974
615
676
225
126
597
298
322
621
117
489
388
130
609
297
163
277
651
876
694
426
288
197
637
368
742
385
451
567
574
531
57
156
643
879
153
692
69
380
924
983
299
712
901
685
728
296
474
366
164
77
529
330
675
240
690
755
941
511
724
916
368
929
100
239
549
169
755
231
929
574
775
423
423
721
49
592
663
953
385
608
226
197
862
37
928
221
928
49
301
363
377
627
897
563
250
418
602
513
889
33
899
261
863
614
35
260
480
33
158
165
2
1
431
490
515
537
696
172
62
944
440
665
844
679
707
810
101
297
935
767
235
460
964
840
53
977
114
265
524
254
81
924
499
131
109
500
806
582
604
290
367
899
588
270
330
400
385
583
477
548
871
326
763
709
159
744
172
886
192
779
92
770
746
71
610
742
608
830
524
339
116
269
600
470
141
787
675
928
479
127
963
959
930
71
97
567
676
452
269
751
323
688
984
834
540
593
605
960
192
135
498
141
794
238
484
793
710
398
811
18
117
426
388
325
702
485
906
839
668
703
981
908
419
716
712
348
568
466
859
597
924
369
39
362
239
519
518
912
518
149
811
279
76
669
819
292
343
490
932
212
608
589
423
977
57
525
841
576
