0282
652
454
644
357
475
848
240
771
973
964
726
597
557
43
371
455
217
758
21
14
323
855
321
90
230
356
473
726
690
556
938
991
132
932
311
624
492
670
924
868
801
883
570
687
313
305
654
111
611
702
126
340
639
756
807
791
938
166
417
821
236
693
503
765
450
149
633
78
872
770
486
395
632
328
740
598
994
568
715
246
430
541
289
834
511
17
374
484
409
615
487
232
339
589
359
850
622
905
151
50
162
390
915
350
461
682
767
250
149
438
484
629
893
351
847
901
104
79
417
601
881
328
640
93
198
584
480
462
707
154
559
598
981
41
985
38
536
446
14
791
772
357
816
658
116
198
647
217
436
263
1
476
487
508
689
497
460
956
101
267
411
352
768
62
425
948
922
801
406
671
253
642
614
581
256
676
478
640
680
142
125
904
210
682
565
62
291
921
827
15
738
546
592
51
825
700
176
144
696
750
978
254
429
394
756
56
219
257
418
668
498
697
620
405
860
584
278
925
573
407
527
930
88
430
866
857
617
60
115
367
907
600
126
233
776
418
857
479
499
323
559
837
408
918
409
359
544
160
146
890
284
596
289
310
949
685
768
441
359
147
508
445
230
172
268
780
587
26
616
188
131
199
871
721
240
969
983
579
737
117
182
123
949
466
687
676
536
672
530
901
406
866
39
340
154
660
86
631
455
268
503
176
324
695
597
182
292
120
153
152
271
928
300
454
258
796
763
664
704
335
616
55
508
400
385
477
685
703
110
721
190
47
7
446
562
386
450
157
377
370
497
782
947
772
237
425
320
414
381
484
935
997
901
404
412
86
471
550
18
601
615
372
478
194
550
445
556
742
584
209
157
349
6
224
603
272
415
327
398
36
778
599
616
173
463
812
505
941
98
509
687
236
719
543
459
215
939
360
338
943
796
551
108
282
461
707
369
819
388
865
20
733
16
126
413
534
453
5
876
796
387
1000
720
198
508
976
799
999
871
723
994
175
223
748
276
236
93
237
952
