0283
438
324
540
960
662
505
16
644
245
768
444
26
637
510
526
580
433
179
710
782
309
240
938
673
564
452
435
490
456
606
57
196
736
795
137
97
493
394
531
165
14
788
663
749
856
160
380
48
339
336
747
776
110
228
249
451
605
757
263
947
857
874
424
284
935
832
538
283
569
634
210
60
576
267
55
193
259
507
598
575
510
219
572
468
16
74
227
616
173
9
494
801
835
431
696
610
402
833
310
573
598
841
689
82
986
508
371
511
681
123
52
717
833
183
587
407
696
437
462
402
962
82
296
545
611
428
510
543
546
502
933
350
949
828
29
377
364
755
412
114
780
355
337
559
213
68
793
711
189
996
802
648
387
612
770
252
268
613
702
137
