0284
2
706
131
734
551
885
131
470
596
239
387
997
974
328
70
943
746
971
196
573
575
625
477
512
317
654
493
599
685
215
179
300
256
147
581
999
497
990
679
28
552
611
663
549
560
140
403
74
899
382
28
22
691
929
854
379
822
547
679
692
799
898
4
165
772
813
567
1
872
511
970
891
102
336
789
458
249
562
270
161
539
5
422
438
635
219
919
377
994
452
651
909
742
526
832
264
661
450
122
714
144
721
118
661
552
985
540
934
703
389
208
897
290
461
50
94
463
496
400
511
440
769
310
36
668
196
153
99
610
946
440
229
18
759
748
405
97
118
778
371
955
678
425
775
35
198
455
248
10
812
101
264
583
799
943
597
725
160
741
858
284
404
847
304
132
725
976
430
175
642
358
117
855
156
295
852
237
769
11
828
744
891
375
7
6
689
511
870
423
571
317
740
280
65
685
91
460
671
980
275
751
35
287
776
162
597
156
869
608
776
807
491
163
129
929
346
133
360
885
97
978
104
345
323
78
618
413
603
161
6
829
446
114
69
919
896
164
559
484
759
549
619
17
