0285
381
412
351
853
861
59
438
595
749
186
314
629
908
110
771
481
976
711
656
571
367
310
570
550
477
600
172
531
475
290
344
862
343
133
527
992
854
216
248
622
408
663
409
759
601
928
264
757
833
336
172
545
854
592
130
971
588
179
46
209
13
599
581
486
436
261
473
880
534
820
345
208
88
889
675
694
349
779
204
634
479
20
659
768
160
324
18
964
223
542
628
70
919
130
372
102
284
179
360
728
378
271
618
768
883
450
756
253
837
76
865
461
276
850
713
192
872
401
162
791
121
805
764
74
678
581
947
619
256
959
976
313
999
48
137
758
338
807
236
819
361
314
511
596
766
132
395
178
49
872
54
178
189
407
154
854
850
476
197
976
637
945
482
867
306
215
855
528
59
632
656
926
373
1
609
231
608
279
498
218
940
64
84
687
761
942
331
129
888
603
560
65
100
443
661
366
