0286
435
795
726
71
687
366
337
800
103
183
319
921
699
116
517
116
308
266
507
936
756
968
463
529
489
258
726
195
550
588
419
535
893
996
962
815
411
608
272
100
449
837
291
57
751
948
422
515
998
586
274
743
93
627
841
690
244
571
493
176
962
977
675
50
725
264
986
415
758
806
804
68
990
804
443
983
224
247
630
135
213
92
997
895
685
493
912
639
53
134
329
413
998
183
100
65
590
440
561
506
498
470
603
118
701
742
698
874
440
902
734
364
773
151
332
478
148
378
483
791
679
934
130
105
292
671
630
36
995
787
857
356
921
921
228
397
28
584
445
903
754
355
340
351
335
261
331
610
852
327
494
209
93
391
678
806
656
975
439
791
382
287
993
746
481
500
75
531
301
598
440
349
834
327
937
651
674
440
604
115
510
461
203
68
474
71
723
389
559
646
827
329
899
836
