0287
648
663
856
63
54
85
780
208
63
564
705
103
111
465
223
677
517
491
779
392
45
802
525
896
297
234
80
528
165
713
38
465
832
468
605
840
258
275
489
100
150
741
668
947
873
110
754
39
171
553
507
143
26
493
444
37
384
927
770
182
585
468
839
540
274
459
74
689
203
606
923
146
404
672
119
651
104
885
554
766
382
296
141
211
265
53
796
57
588
270
500
162
656
602
614
560
448
856
295
125
380
278
147
733
347
885
374
663
595
907
617
119
33
408
764
101
371
511
780
559
727
516
5
885
679
864
49
775
241
10
246
