0288
686
553
550
773
68
7
780
953
127
435
532
966
699
447
668
379
41
940
23
502
951
152
53
43
492
959
84
99
159
998
345
469
411
420
796
82
9
149
543
14
558
64
130
433
105
901
70
832
656
658
733
248
537
222
875
842
231
526
280
219
338
216
649
86
105
486
794
435
609
391
942
485
87
337
771
583
585
38
648
236
349
788
105
89
709
383
852
101
925
900
648
352
947
480
708
672
184
457
248
869
54
153
128
40
11
762
415
266
928
937
128
787
249
457
721
113
663
908
284
196
604
651
896
423
575
862
874
763
845
481
334
792
981
198
464
311
81
192
242
525
959
709
277
407
820
511
636
50
48
371
533
387
912
777
145
628
351
744
207
640
525
149
885
62
941
204
755
702
318
291
746
862
735
714
627
274
265
21
486
897
150
130
19
544
390
556
351
935
98
282
189
441
29
19
186
906
20
367
334
526
525
923
747
632
595
907
513
751
364
484
663
746
232
762
386
85
20
284
975
955
74
390
546
935
294
47
761
737
32
992
223
646
786
367
755
895
539
984
111
577
620
25
221
501
668
825
602
432
797
344
41
667
833
2
288
481
867
223
851
95
726
221
81
154
150
66
800
939
24
765
502
868
778
372
230
976
666
130
382
170
710
188
24
688
166
215
530
619
676
470
447
321
190
944
63
553
363
216
838
610
653
248
195
707
158
581
817
635
496
339
246
395
8
503
982
235
754
896
537
605
730
656
841
501
136
411
466
575
574
617
63
293
152
239
329
380
11
305
862
340
922
31
13
220
722
864
904
674
622
882
704
646
546
266
786
38
551
669
316
79
883
565
692
513
160
381
352
542
967
22
534
24
983
892
476
835
16
516
50
425
791
214
712
508
885
116
569
829
20
664
335
854
328
36
766
159
752
223
956
760
192
262
204
202
367
145
840
372
180
152
979
914
799
391
959
948
616
148
419
55
11
291
868
266
466
276
233
91
7
246
656
212
916
520
777
665
554
