0289
196
713
125
575
964
45
202
959
172
626
827
26
68
87
362
458
723
840
688
985
986
471
145
65
720
656
313
726
354
886
412
139
38
339
140
743
210
651
691
223
534
999
202
420
778
681
701
226
792
574
35
43
264
792
434
518
593
339
26
171
645
869
376
668
451
598
220
769
728
340
329
793
273
422
991
978
542
620
812
847
252
42
35
710
735
445
891
934
589
502
767
811
419
741
266
882
618
632
704
354
436
746
679
10
960
673
927
476
254
900
349
979
867
668
890
45
320
283
84
690
206
922
269
922
271
575
648
991
796
163
150
249
159
608
280
545
687
775
