0290
526
667
191
729
730
487
585
758
711
607
98
465
180
876
705
679
356
702
467
976
471
220
168
174
340
5
63
210
237
489
37
71
467
173
190
51
865
601
453
379
347
518
674
481
924
518
405
572
512
655
236
526
92
636
707
331
523
820
670
436
617
415
186
844
445
31
258
132
994
39
136
916
480
143
624
59
466
371
517
149
983
151
751
204
594
536
319
325
273
448
406
878
75
659
453
233
553
395
975
188
99
572
507
988
385
342
513
63
611
569
593
802
68
931
331
951
235
91
562
956
871
55
238
459
198
433
359
234
966
185
445
247
378
255
616
341
115
381
85
182
593
783
854
611
628
295
810
461
245
772
330
479
410
653
149
899
789
991
640
368
468
383
624
692
990
394
181
635
422
467
329
542
299
502
289
208
221
752
545
997
240
460
327
40
207
420
445
47
986
277
237
93
77
648
778
602
403
738
88
995
680
142
94
461
781
571
966
871
913
936
417
721
527
421
57
412
882
769
658
302
644
320
801
428
726
471
534
679
463
511
303
324
16
525
320
486
35
196
192
105
649
825
586
840
379
228
889
164
680
798
135
26
657
233
800
287
802
265
99
895
24
749
733
748
942
133
857
750
163
475
517
43
861
273
152
145
206
555
352
526
813
90
489
50
699
546
688
644
336
875
267
4
602
268
523
608
562
730
716
838
812
931
125
358
87
733
516
203
107
660
535
4
808
193
762
277
403
168
246
692
40
715
415
835
636
375
22
399
394
127
42
880
597
174
477
383
559
887
577
219
849
502
814
994
353
180
734
98
902
859
710
822
331
653
596
861
122
709
973
321
26
826
547
267
590
986
602
710
655
389
320
892
297
810
830
415
490
888
245
766
222
707
500
435
880
331
571
512
142
605
855
528
78
971
457
927
111
889
75
133
950
565
729
631
475
772
80
563
