0291
850
216
133
726
393
51
393
106
713
230
467
951
445
114
81
364
618
344
52
637
628
989
282
884
960
387
217
517
181
418
180
765
117
877
175
146
884
755
50
617
880
859
609
584
967
870
196
552
78
400
567
803
21
978
324
452
183
951
174
936
898
721
85
855
130
757
72
629
41
47
602
492
27
418
788
765
920
629
317
364
450
88
647
428
683
875
252
400
778
53
419
211
851
300
830
676
679
810
439
197
786
174
300
776
431
91
469
556
374
711
86
513
301
313
223
241
651
28
591
637
971
592
448
896
511
804
383
764
410
147
180
682
570
892
868
56
913
282
579
85
103
888
408
333
480
563
924
679
769
702
593
166
787
123
909
605
14
498
219
64
893
347
275
226
350
51
422
317
330
124
592
855
726
509
162
527
591
799
391
356
167
249
9
458
798
252
780
758
696
249
490
529
675
235
269
328
513
278
716
723
871
659
220
667
678
629
827
331
416
16
913
240
69
119
680
626
75
327
604
412
216
397
901
655
255
175
540
323
81
97
882
343
100
985
140
738
700
424
458
813
637
832
472
980
453
376
512
672
274
289
765
901
192
395
261
838
840
106
633
280
335
766
533
511
605
93
131
680
491
424
173
206
393
552
308
823
326
95
294
512
215
538
497
757
638
208
728
83
866
660
913
408
171
538
109
185
539
267
907
904
462
525
803
642
545
261
629
224
831
420
320
831
327
450
677
232
561
861
451
60
475
339
711
202
626
790
324
259
101
809
957
699
124
729
714
311
591
159
461
219
998
143
629
731
47
473
916
963
929
68
919
734
656
173
463
160
182
540
72
95
272
46
293
755
791
562
30
331
176
899
135
587
525
280
183
121
757
42
968
377
412
434
711
265
992
64
799
194
2
58
769
328
511
466
323
109
41
653
762
885
388
626
391
133
321
403
218
187
890
816
266
363
77
529
70
536
199
78
266
973
304
428
566
354
709
82
773
314
145
416
958
309
55
344
851
122
810
825
362
872
94
630
229
525
916
11
637
872
916
317
241
162
986
895
10
333
313
815
811
669
409
464
879
1
269
981
958
84
804
34
240
977
389
591
422
941
412
572
337
350
643
259
718
368
900
712
433
922
951
867
