0292
376
374
511
159
274
778
101
712
825
730
567
108
230
695
12
82
564
492
75
184
781
514
493
735
764
247
371
902
467
54
919
602
158
605
49
309
603
572
393
997
810
112
852
185
752
525
582
623
888
576
742
788
607
908
19
851
579
595
235
512
812
19
862
376
183
700
607
8
971
762
319
60
617
795
563
457
9
13
181
755
192
96
686
845
732
306
66
476
995
435
235
624
348
92
522
536
991
990
332
269
647
32
303
395
71
193
255
467
333
843
3
463
130
619
786
951
319
887
822
700
514
985
692
671
607
435
733
571
973
238
565
321
206
904
506
943
677
339
879
218
