0293
347
117
570
233
371
37
35
757
63
492
342
647
283
615
274
228
12
325
343
598
385
565
762
406
603
308
855
861
126
48
603
182
311
381
118
543
860
487
846
945
508
374
206
178
667
979
288
358
568
688
623
963
43
814
978
31
371
851
911
420
580
705
704
174
454
202
987
838
514
539
780
605
598
754
751
680
86
869
313
701
556
664
271
284
564
696
440
994
677
971
992
44
927
544
63
903
343
437
816
95
548
100
307
17
295
729
292
545
754
606
359
650
58
806
664
339
38
877
247
415
526
98
267
893
377
914
928
531
480
245
878
974
788
246
958
487
497
421
212
596
92
852
397
828
883
292
491
530
283
499
880
830
957
561
529
633
384
561
407
931
69
793
948
599
288
854
763
572
614
405
52
489
720
147
816
234
548
944
537
127
886
759
763
447
98
486
740
149
816
139
679
326
332
796
724
888
426
189
205
155
538
438
434
504
604
316
227
477
9
723
136
497
755
361
85
505
916
782
550
410
541
646
582
38
739
641
872
402
457
647
210
140
61
672
900
166
558
820
351
76
906
338
646
121
821
175
764
762
896
764
880
409
283
274
669
3
855
925
24
275
313
556
998
991
783
345
584
96
122
604
369
992
480
68
343
275
394
943
663
648
355
621
114
126
686
494
60
742
244
530
166
274
648
439
403
455
557
397
553
613
244
622
101
824
344
287
90
619
818
642
615
207
851
356
351
222
14
525
78
554
289
604
638
11
976
505
672
731
171
125
675
829
901
603
878
392
465
815
141
365
754
107
287
971
929
631
452
892
983
452
754
366
594
372
607
536
371
211
848
281
621
610
746
478
7
669
613
517
77
195
989
854
869
406
918
725
540
109
218
43
853
613
436
101
909
8
105
247
704
730
602
445
103
430
89
152
944
235
314
152
995
527
986
797
80
631
88
53
746
392
864
930
567
651
850
396
182
