0294
636
450
913
217
741
409
595
393
368
620
465
143
563
914
109
125
603
143
361
851
679
4
906
683
491
363
409
462
771
880
830
268
538
665
699
513
735
43
522
53
404
586
643
645
594
706
624
822
919
665
977
773
678
281
167
689
818
440
952
802
899
219
286
343
875
736
981
518
263
255
869
218
867
859
321
693
79
178
553
613
420
753
435
663
393
729
790
278
157
293
169
425
598
569
802
872
419
105
777
580
981
566
889
534
372
990
455
160
965
671
230
432
720
840
629
95
759
419
560
68
802
816
285
680
662
95
310
455
857
688
520
292
389
989
34
686
594
372
385
277
453
99
119
303
976
461
927
709
656
541
435
558
649
755
1
42
917
137
804
315
126
500
54
348
56
235
318
531
576
258
846
110
739
976
106
285
239
146
814
782
266
162
668
1000
604
212
574
418
269
872
94
17
273
352
949
863
846
910
403
128
662
862
849
444
963
12
167
388
421
340
818
251
237
378
