0295
173
51
255
368
179
645
197
414
920
525
447
403
787
254
199
474
757
419
151
479
783
285
130
526
353
641
783
409
374
978
233
425
853
128
550
222
832
136
626
170
134
951
911
422
479
986
438
179
180
775
997
508
297
833
565
2
790
742
420
536
175
47
465
1000
327
779
34
763
246
309
535
929
466
956
747
147
167
487
123
715
738
911
446
491
92
588
97
538
405
205
770
740
754
205
270
886
684
222
197
396
842
579
246
699
232
903
97
591
61
645
77
290
546
828
729
644
452
191
656
157
984
989
579
528
453
842
374
58
523
590
203
859
533
765
500
165
478
333
139
347
816
316
31
692
402
476
656
811
491
