0296
80
307
771
812
530
655
451
371
389
516
56
519
346
209
416
286
7
719
46
36
629
159
623
70
447
980
85
361
271
977
31
579
577
552
978
278
240
935
623
290
403
243
532
920
434
351
402
690
487
225
319
759
371
271
212
464
715
968
103
6
488
220
237
835
174
620
998
583
669
110
505
398
939
963
637
773
906
908
411
439
15
475
849
252
988
365
558
447
423
76
336
302
80
575
799
343
808
23
232
621
594
671
933
966
818
500
358
537
5
797
719
441
422
187
97
961
890
764
142
500
678
72
489
22
879
793
307
854
416
