0297
989
646
438
685
789
144
662
25
38
209
319
963
351
874
910
970
219
245
417
560
797
749
635
797
253
940
459
381
907
845
511
792
241
366
418
687
88
847
501
769
445
699
9
127
647
18
329
327
304
652
229
238
99
894
974
575
749
218
50
770
168
75
25
413
351
346
467
870
532
151
185
642
9
374
7
728
273
937
853
267
745
441
349
746
682
809
696
711
797
742
709
481
174
546
390
823
888
880
970
920
325
189
47
701
30
597
890
695
283
283
127
315
628
583
882
288
56
600
985
189
620
159
923
360
368
817
65
861
463
864
590
54
324
566
255
266
562
472
483
469
659
1000
968
485
152
292
796
395
621
652
432
909
276
667
952
181
874
117
796
524
979
750
42
609
3
537
319
298
305
186
259
591
38
583
276
107
755
956
260
654
962
448
281
388
947
932
691
617
279
105
866
811
942
717
433
911
66
340
916
589
231
664
774
344
307
254
331
220
760
520
652
569
344
4
81
579
95
855
800
370
126
120
960
385
966
768
364
110
524
883
851
49
426
498
400
699
837
626
796
905
815
97
950
180
112
798
527
472
253
567
360
454
940
781
29
524
192
268
269
333
196
423
648
786
875
510
177
555
50
878
383
752
603
122
405
728
873
252
922
839
793
227
41
918
160
849
1000
652
566
161
573
222
880
656
67
400
312
229
528
86
423
17
281
379
778
789
839
576
182
882
352
792
719
663
783
19
912
210
966
978
379
903
352
436
471
101
233
794
810
627
560
152
8
343
514
169
314
918
253
893
58
671
527
652
427
28
299
844
333
37
464
907
136
619
824
182
115
281
728
300
711
367
475
969
894
632
879
279
898
801
16
721
345
563
525
374
284
825
654
332
291
599
465
144
457
900
85
26
659
668
971
810
426
236
52
307
201
774
333
858
338
594
569
709
832
197
137
17
322
500
278
783
774
959
902
604
390
831
856
133
526
482
200
910
223
76
219
521
15
480
381
391
258
414
995
346
749
330
280
389
314
623
188
525
948
