0298
426
429
985
193
888
101
278
285
668
26
326
422
157
429
825
767
15
369
114
950
161
75
669
124
583
398
537
928
52
261
502
213
275
959
434
422
117
781
913
393
452
225
462
389
543
317
283
330
495
690
884
380
255
315
269
465
198
508
87
184
705
964
662
389
134
604
827
737
98
720
670
107
369
53
516
987
395
915
821
138
623
943
805
731
414
729
766
119
146
600
110
530
92
232
351
535
630
337
3
669
308
526
460
751
123
624
905
991
499
317
20
457
463
592
241
348
889
484
378
671
303
743
669
759
464
37
205
404
825
732
495
687
213
884
777
657
680
336
531
525
857
495
17
365
905
64
443
208
678
212
954
613
594
890
57
205
951
741
462
297
772
701
697
489
409
401
273
155
207
103
568
666
937
124
773
46
128
14
275
459
245
807
869
927
649
477
664
659
381
340
819
828
525
78
992
974
594
447
573
858
107
681
917
816
350
493
22
111
466
922
722
27
271
352
445
142
122
892
393
213
19
303
800
182
747
228
740
789
293
171
556
867
950
113
398
483
