0299
515
692
887
574
977
859
605
548
813
769
377
560
722
460
636
824
596
119
334
572
678
539
278
902
682
330
495
489
531
48
5
836
627
938
137
687
699
793
725
25
784
808
649
818
99
279
909
976
420
935
313
766
61
943
498
878
603
986
252
266
386
576
931
495
672
87
484
969
165
634
549
605
868
662
693
438
851
260
930
970
40
242
752
884
91
821
695
908
827
11
638
824
126
265
862
140
162
852
117
473
359
186
674
197
952
788
108
434
419
692
712
414
708
329
937
486
618
99
161
3
818
691
109
62
697
86
116
52
592
964
797
69
445
331
766
329
247
545
933
51
332
227
190
107
246
156
67
559
471
563
846
274
31
376
787
852
127
586
426
413
837
693
54
735
588
403
213
667
668
278
358
411
792
985
317
307
610
568
292
534
585
132
629
36
702
114
727
296
77
596
939
820
969
680
650
109
410
597
773
172
908
466
948
361
43
229
214
365
358
310
