0300
482
368
890
470
745
326
573
681
869
85
116
787
786
178
523
740
98
449
842
222
115
824
413
10
31
281
971
634
932
704
71
773
558
918
616
718
171
459
337
954
870
374
405
424
774
453
339
604
939
643
440
834
569
984
397
626
758
327
420
886
735
427
228
991
452
45
370
285
538
51
331
542
200
699
615
118
739
231
909
735
479
688
384
478
473
567
857
525
980
213
359
279
536
212
89
491
279
970
106
268
797
730
53
917
253
423
342
570
271
95
887
851
638
484
251
188
192
796
593
973
813
999
515
351
415
219
419
197
743
671
188
533
31
343
772
503
198
178
433
764
203
547
603
819
62
31
648
976
599
749
668
53
263
864
52
332
209
527
303
797
509
924
534
504
105
948
221
751
476
729
840
598
872
452
107
940
883
991
546
811
966
897
706
369
569
285
541
251
297
