0301
970
853
47
987
21
210
648
123
359
703
229
830
853
380
863
69
271
270
25
324
424
508
720
792
396
744
140
585
211
164
418
882
663
38
579
883
507
20
670
19
90
499
197
140
19
545
248
29
77
237
589
897
154
634
720
711
37
967
792
937
339
321
213
413
54
935
44
237
95
572
530
346
318
589
606
625
578
65
195
645
790
287
229
847
709
688
484
476
137
623
9
639
494
803
474
196
923
649
662
254
710
65
332
603
275
365
625
194
523
379
756
204
579
256
446
850
294
168
153
161
956
62
524
402
83
503
733
146
726
480
462
338
433
850
210
213
486
577
425
94
404
118
102
791
501
10
794
599
438
