0302
629
674
481
834
612
545
9
524
830
152
64
628
153
571
837
430
243
683
819
82
726
743
948
388
546
551
407
754
741
556
412
486
418
731
899
835
819
148
927
794
207
556
120
65
316
543
778
955
744
20
360
555
882
3
719
319
650
73
741
210
409
365
928
563
799
867
45
194
456
952
889
855
922
659
814
823
541
992
720
817
191
331
937
476
227
938
414
884
116
667
742
114
84
250
330
150
297
467
358
636
544
839
237
195
632
256
774
603
710
380
853
592
982
577
904
44
698
469
979
398
750
427
864
486
80
423
790
846
131
516
965
33
228
866
320
300
42
638
144
772
866
156
940
903
483
188
147
977
159
953
975
606
674
902
500
490
407
550
244
254
79
863
594
41
351
39
728
663
487
587
147
820
525
502
423
820
559
343
45
