0303
608
256
881
492
746
65
944
742
232
391
806
839
116
868
868
454
803
328
542
159
676
414
869
525
813
429
243
626
634
468
109
553
867
952
339
511
169
355
166
303
785
470
241
782
320
480
823
527
644
371
319
376
369
477
636
491
693
658
374
471
476
289
853
210
641
156
653
74
404
401
619
961
665
923
809
205
635
882
748
580
769
440
19
590
410
108
716
647
19
989
804
26
630
198
618
798
435
928
591
534
937
77
393
61
991
878
706
741
454
23
388
778
667
882
344
604
92
575
96
244
653
890
301
922
846
450
278
350
557
342
649
645
749
401
102
338
492
407
373
841
556
367
45
896
327
271
769
272
931
214
933
499
350
290
121
955
825
7
923
488
267
962
520
311
395
941
876
62
147
577
305
597
748
230
511
549
746
634
464
812
951
84
857
221
548
918
117
445
789
624
790
765
277
53
80
881
692
865
806
45
798
993
230
130
442
521
715
722
188
138
533
786
717
787
166
280
32
462
665
432
451
48
115
861
452
991
924
289
88
692
262
876
133
894
177
70
247
628
754
989
857
968
150
332
549
819
305
835
914
438
120
264
21
881
670
128
371
647
130
560
472
134
812
968
824
234
528
220
523
597
960
951
520
50
802
848
865
115
326
15
234
556
193
567
582
419
386
311
385
185
760
979
188
583
449
597
253
774
918
386
556
290
308
640
532
486
291
847
51
862
68
661
698
104
741
385
526
667
72
267
381
605
69
893
555
166
975
408
946
526
95
296
281
831
101
183
863
545
516
244
270
57
505
307
491
70
93
190
967
461
996
679
878
553
214
500
835
294
717
959
491
176
242
43
578
70
266
267
178
856
145
380
60
274
157
966
168
152
879
803
913
830
40
677
562
441
758
155
402
19
947
701
989
77
860
197
465
159
244
933
374
491
672
729
911
291
766
712
591
