0304
707
751
613
164
176
140
290
786
730
26
998
952
920
942
955
283
886
313
495
216
905
185
408
466
953
683
901
56
832
748
309
142
830
823
302
444
876
844
337
129
632
997
367
908
981
189
44
865
818
951
583
643
748
296
582
851
529
187
315
857
454
775
282
582
363
46
658
982
354
625
524
794
270
948
52
804
567
948
704
982
612
557
912
773
201
107
141
553
558
722
892
215
196
857
744
344
419
625
355
688
560
869
646
524
766
973
164
465
878
88
2
581
910
14
657
402
308
652
591
30
871
740
944
616
370
231
567
263
604
591
957
232
652
990
297
593
835
46
477
816
690
167
216
180
746
528
273
46
495
753
900
895
146
399
860
901
750
261
152
320
505
262
183
296
6
33
554
697
344
281
211
13
35
619
777
151
58
466
357
393
965
472
90
690
493
356
143
882
441
67
485
15
197
496
772
