0305
992
139
9
103
383
446
149
721
108
768
131
486
643
130
391
625
61
635
521
761
454
52
181
789
156
388
800
257
979
461
568
172
520
660
151
578
858
670
751
947
935
331
947
35
987
223
280
332
33
678
605
295
910
417
666
644
484
857
152
376
99
867
173
561
356
234
202
502
798
562
657
332
931
107
256
392
604
461
854
467
612
78
346
691
83
594
733
760
117
500
329
247
463
828
71
415
574
648
10
744
307
248
633
337
610
376
840
393
149
940
310
395
269
681
301
59
547
668
223
551
12
275
373
467
592
433
823
726
715
1
655
118
212
328
725
306
522
416
456
237
348
695
