0306
861
632
130
198
568
717
119
14
730
535
553
765
921
311
112
885
559
816
795
310
549
897
931
879
224
904
174
185
109
505
700
234
775
79
524
898
178
87
405
101
70
721
621
501
295
165
300
432
668
94
796
92
762
50
617
369
85
333
987
163
315
473
256
729
4
577
265
864
278
934
699
145
451
961
951
443
22
262
558
857
525
620
471
194
274
246
715
569
513
671
938
745
896
295
898
2
3
810
536
790
82
369
363
424
105
182
941
632
277
247
53
20
13
369
184
639
454
396
511
360
199
600
817
140
331
122
667
898
47
587
274
693
94
618
823
18
392
707
83
840
62
646
772
848
785
257
978
63
677
923
99
317
313
976
750
92
745
750
240
49
649
386
460
118
340
650
246
913
270
482
976
371
47
55
187
425
541
136
346
188
537
884
53
356
755
72
876
859
404
661
393
451
103
313
426
998
321
643
661
539
792
70
364
441
409
525
734
739
736
380
426
703
777
684
390
357
628
236
762
855
477
986
799
616
710
222
478
358
176
398
599
398
551
723
552
385
52
29
955
193
705
511
727
984
376
747
756
86
175
867
576
358
995
795
480
423
309
698
366
307
625
7
218
184
277
945
504
578
75
12
6
81
892
877
424
304
473
983
258
221
618
827
605
327
573
118
965
561
542
337
345
153
763
177
377
546
425
355
344
45
314
856
971
682
789
768
379
116
217
519
872
181
642
320
297
110
143
844
102
1
85
115
505
932
228
934
451
286
574
291
897
570
538
818
377
404
170
656
41
353
95
767
898
136
458
156
211
560
559
649
28
538
702
970
36
869
503
879
582
77
387
375
272
637
435
525
879
607
809
795
733
248
750
616
52
153
160
280
592
956
93
79
467
116
57
547
921
41
932
908
684
392
735
899
867
777
19
82
983
374
673
525
556
406
775
253
454
31
475
120
712
361
320
52
989
537
313
670
386
880
262
922
487
332
440
828
491
325
706
265
843
847
295
477
776
885
958
496
786
106
525
533
715
124
279
217
935
306
385
63
163
373
744
897
916
70
964
921
354
690
335
649
678
118
195
579
759
651
306
128
146
529
219
426
765
209
601
