0307
209
558
589
892
957
889
81
432
874
652
981
815
112
708
601
405
842
384
129
151
619
89
940
336
435
187
873
38
128
639
430
142
472
199
27
899
97
870
890
716
973
557
921
660
163
383
534
654
542
25
248
958
602
887
675
751
540
353
39
394
196
978
21
988
396
287
154
309
995
587
996
889
250
788
740
859
474
52
719
863
143
569
61
524
171
658
306
317
273
836
590
866
407
163
967
762
116
423
231
736
90
661
361
622
844
867
608
117
383
208
490
882
23
751
510
237
570
366
779
800
405
326
21
496
33
735
372
373
619
116
583
84
661
320
732
66
845
974
741
239
820
843
957
588
910
503
258
79
919
457
702
40
574
76
474
624
601
658
564
989
586
286
576
94
502
514
15
759
386
502
441
936
129
489
