0308
31
661
687
905
263
460
284
673
528
976
51
748
381
858
224
826
166
496
290
292
35
182
608
100
871
62
402
505
849
240
533
579
188
32
442
788
290
381
615
645
872
847
498
741
963
236
727
237
504
932
325
523
529
182
535
167
971
141
930
493
36
486
176
430
540
49
74
853
54
335
140
790
900
607
929
476
224
481
772
866
255
585
917
31
333
480
944
579
579
100
196
937
11
733
859
153
812
461
373
170
292
427
471
782
624
757
325
852
518
121
861
784
986
636
997
642
499
649
801
449
194
638
296
169
399
524
990
937
940
333
616
985
514
875
787
458
270
579
995
704
777
494
343
338
353
771
404
21
951
927
811
778
963
20
468
524
992
785
603
424
386
856
349
813
297
14
244
126
621
304
863
189
844
123
28
524
906
521
909
619
320
461
613
434
681
618
770
445
408
126
871
857
378
912
922
119
709
457
890
790
452
511
84
660
123
407
691
940
390
438
477
488
403
978
257
820
255
863
431
817
429
465
238
300
863
131
717
424
863
411
274
289
661
66
31
73
48
195
276
569
63
381
426
578
517
686
686
438
777
179
917
494
779
729
41
666
102
74
575
5
148
587
136
801
191
736
100
547
368
17
751
890
417
331
270
647
392
846
735
255
37
344
516
447
413
61
870
246
903
244
874
144
965
502
496
581
215
937
800
129
774
374
987
286
932
911
265
49
553
210
93
213
404
28
592
767
705
357
448
654
618
118
194
329
292
885
977
593
366
218
571
235
375
88
209
292
710
174
408
385
303
512
491
717
170
921
540
247
941
445
964
949
247
390
184
884
475
697
135
241
412
329
