0309
109
742
468
677
32
834
206
20
169
415
427
395
756
511
425
616
125
580
927
864
121
682
663
291
371
657
49
361
540
415
34
817
138
742
734
799
685
580
78
655
834
61
106
546
229
638
134
768
64
806
597
43
558
466
19
545
677
36
430
174
273
76
135
83
13
57
337
121
675
320
236
13
749
797
428
284
805
900
279
688
615
2
37
719
185
802
278
926
596
116
117
810
871
87
959
364
343
106
901
379
600
589
431
829
900
516
981
198
720
704
276
386
904
424
466
59
390
270
214
164
100
334
616
640
831
611
669
530
218
403
314
670
567
454
183
967
463
506
186
116
41
289
973
928
295
276
537
664
653
213
801
805
867
880
199
751
631
427
681
404
843
611
371
91
855
300
109
256
93
85
154
964
783
438
330
598
764
366
857
839
401
302
639
590
240
103
336
97
719
991
71
495
422
594
629
227
216
700
291
186
728
740
1000
213
149
236
615
476
122
727
966
533
847
697
19
706
822
864
604
763
815
619
335
314
361
128
548
712
171
810
413
799
445
349
506
386
870
810
155
634
374
460
264
120
921
319
549
251
418
966
73
957
529
579
42
713
927
773
472
552
363
342
186
9
912
607
709
984
480
715
766
115
702
894
556
522
851
278
987
626
327
878
547
469
561
368
985
915
437
112
253
364
13
203
793
175
992
417
744
422
274
580
729
672
367
310
600
849
183
129
997
522
893
686
286
2
484
993
511
158
505
865
528
554
626
811
711
704
408
565
566
508
25
145
230
834
772
915
886
104
563
243
905
963
525
497
248
703
199
619
514
80
969
852
488
457
402
667
927
431
343
117
306
580
76
236
878
71
606
670
155
164
783
579
646
389
234
958
277
646
28
156
965
240
755
843
289
481
659
906
157
239
340
40
118
765
28
148
620
975
170
165
520
354
201
369
551
416
590
513
498
901
774
74
276
496
74
240
381
836
427
353
730
158
253
130
523
69
285
469
379
233
75
449
74
617
777
910
665
349
74
206
791
499
357
690
571
79
288
624
989
761
567
671
332
592
446
704
737
631
3
642
320
769
39
666
895
961
916
321
392
560
965
78
651
967
61
603
670
532
503
644
620
569
50
819
708
884
