0310
4
930
404
90
152
447
548
278
143
33
237
792
539
399
939
255
22
793
593
300
477
198
135
384
847
559
138
847
707
15
226
28
599
698
774
817
102
819
282
332
569
743
512
487
883
328
586
737
162
486
520
361
507
366
453
634
351
750
369
14
431
85
151
883
603
14
337
561
377
375
727
722
782
707
848
837
949
261
60
310
489
827
725
126
664
808
854
951
874
322
520
947
713
386
285
239
735
628
114
420
281
522
485
541
880
548
542
141
493
630
989
885
607
856
846
513
571
755
948
23
242
506
776
696
358
154
40
750
136
783
935
541
166
584
805
262
628
750
194
126
26
427
959
567
244
254
83
399
967
870
388
862
769
601
875
711
435
352
127
946
545
848
20
898
767
89
34
220
18
936
5
484
750
612
100
780
603
160
417
209
967
17
38
897
941
842
580
240
745
741
837
826
943
433
802
338
888
197
742
303
684
828
274
416
303
343
781
722
132
924
186
27
26
787
432
870
37
657
567
297
383
684
11
382
701
504
836
109
627
105
759
808
858
33
138
26
920
538
595
122
135
511
246
589
618
909
344
925
370
801
718
586
578
187
393
383
343
31
475
570
194
131
293
103
352
699
294
998
684
988
863
869
752
244
969
101
702
503
372
711
646
367
124
277
830
748
941
481
564
161
769
87
586
941
303
323
179
286
365
185
740
513
782
263
530
37
338
695
595
230
476
305
254
387
724
136
400
175
680
288
411
75
739
166
772
338
878
518
159
488
543
637
794
401
772
248
890
428
925
290
263
867
737
706
212
313
47
941
564
434
581
470
333
889
503
532
613
171
556
522
992
13
714
161
975
214
785
196
95
200
707
123
114
175
752
326
11
594
286
87
163
507
404
759
510
250
373
458
425
116
871
87
671
212
572
854
182
445
761
731
470
718
789
512
171
528
718
950
540
527
414
577
1
190
152
454
212
170
