0311
555
377
158
782
145
940
626
197
612
503
535
320
449
872
767
81
860
772
875
253
267
987
343
966
921
345
459
61
874
744
379
2
113
870
176
76
437
241
316
178
744
1000
580
520
179
91
363
801
840
335
837
6
295
571
694
994
122
716
475
477
30
771
683
543
184
264
248
423
481
171
824
64
122
303
389
177
548
939
455
952
838
243
459
40
540
871
144
179
255
22
370
200
788
738
802
160
199
831
579
903
30
944
735
907
47
1
339
515
742
751
648
702
918
279
96
51
736
606
272
238
46
715
897
416
597
409
301
468
628
511
937
357
934
331
63
92
336
483
183
247
698
324
961
800
469
668
887
453
90
799
519
35
359
684
236
197
830
21
949
582
311
159
979
833
871
290
704
1000
765
246
961
727
593
228
637
389
565
365
846
113
373
867
379
918
655
922
786
322
681
360
858
577
3
333
219
703
623
576
403
966
970
455
259
409
985
184
738
773
780
856
987
195
742
232
366
666
570
106
480
372
730
984
156
290
401
889
227
897
84
594
755
911
582
985
106
927
673
70
121
160
391
996
675
408
879
180
928
901
496
228
300
303
704
21
241
1000
155
153
717
792
536
296
256
890
743
717
920
262
793
618
949
266
265
81
972
416
268
167
746
659
28
984
578
194
342
83
628
457
286
861
555
114
784
797
604
378
249
271
89
603
194
246
626
592
36
307
32
915
421
887
154
882
856
876
534
247
194
498
639
745
506
45
524
145
27
192
17
105
943
58
63
106
846
919
698
673
58
875
209
683
954
504
440
740
701
13
853
449
405
54
442
430
611
976
600
560
336
167
732
560
157
338
199
753
349
705
163
368
39
725
566
282
465
607
696
250
606
507
152
513
856
133
940
606
170
527
996
851
134
213
430
233
35
615
911
929
985
836
432
725
987
661
6
777
220
809
11
442
740
733
403
514
233
764
253
932
88
787
100
256
64
172
319
466
377
329
314
73
98
61
480
172
109
803
325
447
745
916
387
89
44
849
714
144
839
155
102
196
361
357
60
361
764
608
691
620
555
61
496
239
276
