0312
239
372
986
555
481
248
506
723
615
692
518
923
572
253
671
598
141
984
453
658
959
183
341
889
233
719
309
503
224
455
140
522
82
968
200
956
396
946
967
691
79
684
167
239
921
419
787
586
6
236
713
251
678
560
317
488
183
997
455
864
45
23
439
896
91
617
564
970
318
874
255
75
110
123
405
295
536
729
505
79
208
46
532
713
509
445
791
609
499
329
291
207
106
175
141
911
1000
67
643
11
462
665
502
112
703
184
562
875
968
322
649
889
597
915
464
702
777
666
510
761
182
579
90
640
162
427
760
178
944
874
985
169
80
274
472
9
797
507
173
201
931
817
651
497
461
623
206
741
543
125
725
604
490
754
103
237
689
907
60
57
131
650
510
139
831
312
872
31
462
255
462
174
261
966
652
802
104
378
790
398
353
330
89
831
351
990
404
950
418
282
987
418
712
635
145
298
159
561
6
70
349
312
803
316
709
411
287
525
1000
237
620
759
935
273
677
354
543
869
193
195
836
747
644
352
23
670
925
857
922
477
889
580
648
225
901
926
915
37
352
223
644
716
253
922
228
485
757
640
39
302
397
603
562
771
268
647
668
487
841
832
902
267
721
568
509
448
362
601
628
89
113
270
205
507
473
715
942
515
63
826
685
301
181
3
906
628
685
925
345
604
976
480
562
205
11
496
290
884
435
315
577
809
312
209
435
929
689
998
90
930
414
51
725
128
477
336
846
689
998
478
183
579
488
106
433
626
431
950
563
231
658
8
197
113
555
98
63
718
998
