0313
495
986
162
807
378
207
487
465
754
540
519
630
634
466
122
108
260
499
445
420
236
48
408
356
184
219
888
237
162
451
430
382
942
948
398
174
390
41
80
957
534
702
453
557
881
398
406
586
975
234
292
411
565
555
728
922
302
788
427
215
951
844
579
961
771
961
719
292
309
207
697
63
545
91
131
320
556
41
458
422
683
26
773
219
890
629
554
477
218
423
702
229
86
656
370
164
255
377
410
811
919
597
871
752
28
648
952
320
347
754
766
231
641
49
108
441
929
448
249
122
382
824
500
665
17
683
324
518
564
220
152
368
18
787
824
791
75
