0314
350
909
945
848
997
341
396
148
978
913
534
943
644
818
611
189
132
483
457
295
43
1
932
321
733
1000
216
697
744
77
129
138
470
815
901
633
950
152
22
342
697
416
746
361
450
967
344
113
850
903
702
202
887
338
438
865
17
922
655
556
451
360
715
608
391
996
20
902
564
821
705
467
105
245
353
305
377
904
619
369
434
438
473
131
9
277
456
610
311
356
796
147
883
350
266
761
9
637
90
39
305
583
576
948
916
109
1
904
526
482
132
838
761
6
85
215
203
817
744
719
148
216
412
528
290
455
362
587
968
339
20
707
269
750
923
327
912
28
822
178
610
810
661
239
458
332
462
191
366
633
587
82
982
332
613
103
735
133
602
407
564
146
514
