0315
196
647
638
694
40
119
828
748
63
336
507
452
967
686
185
951
965
199
490
443
801
811
931
649
526
192
928
954
306
983
359
727
441
508
717
801
779
240
20
862
320
331
384
35
892
524
106
953
723
596
401
501
334
94
321
356
602
347
952
976
13
109
473
754
544
752
728
170
523
575
186
701
44
87
824
755
667
343
867
92
26
149
868
630
375
16
547
300
794
290
822
585
186
28
661
384
343
949
677
872
222
555
3
712
437
798
285
49
821
895
382
642
300
415
306
643
65
391
741
730
647
986
43
305
784
952
948
570
683
358
456
407
321
23
866
136
805
613
242
90
362
431
408
496
676
907
436
267
502
295
871
190
707
638
985
470
694
134
82
826
580
546
563
536
237
301
308
775
399
262
500
949
598
40
397
896
859
287
545
907
403
225
631
87
156
717
800
817
198
970
784
408
146
405
845
157
188
831
574
37
232
202
926
149
254
916
828
567
257
330
242
226
74
608
566
965
318
820
879
765
859
752
593
550
222
126
790
