0316
274
349
562
589
911
86
987
194
927
779
136
263
514
730
831
880
524
36
985
487
19
403
183
62
612
151
557
613
409
473
468
988
115
772
287
657
562
54
718
935
926
393
490
564
174
814
404
919
825
27
446
327
823
248
686
900
316
841
312
292
562
949
920
990
79
759
663
310
207
284
447
666
557
376
761
188
471
707
417
73
181
382
329
404
595
297
48
613
858
60
531
703
120
276
441
208
996
586
263
956
607
530
241
296
116
434
240
858
558
438
523
267
462
780
224
964
596
677
989
670
202
466
590
179
720
147
815
142
971
262
568
470
400
549
992
523
800
72
248
927
660
237
53
882
264
412
850
863
376
677
781
283
914
286
982
412
803
824
120
446
812
266
641
804
859
340
476
310
988
896
67
106
896
776
615
277
826
755
232
441
810
373
46
16
863
860
662
881
21
397
735
813
597
702
518
465
762
899
436
805
265
17
133
372
700
237
331
68
730
990
762
487
821
790
278
888
334
360
833
320
566
760
826
9
339
370
636
539
527
844
962
591
438
418
9
413
115
585
34
526
526
612
24
322
583
993
200
883
180
321
79
446
118
364
680
724
627
298
704
301
702
144
402
998
437
29
389
911
699
682
209
134
395
126
239
158
499
492
277
56
583
865
304
10
226
609
381
797
377
496
681
8
346
12
99
326
589
736
389
334
807
77
187
492
640
253
892
103
401
10
557
284
453
792
188
550
67
6
277
354
510
907
667
857
396
163
843
831
267
733
967
813
391
525
765
577
340
987
142
959
871
952
870
917
218
838
70
950
611
853
354
597
22
686
646
308
581
635
493
547
974
618
625
824
62
733
291
706
300
234
261
968
1
246
476
494
23
152
268
408
693
542
540
844
813
497
641
327
401
530
830
357
738
45
116
140
266
303
859
83
756
731
46
606
276
672
974
369
356
425
511
917
196
771
641
647
563
29
48
710
720
664
179
448
354
486
885
350
462
768
999
594
744
559
361
166
229
237
49
941
307
1000
598
479
611
606
521
858
435
898
629
649
281
8
632
686
452
110
270
506
40
252
749
931
177
654
942
476
520
632
316
123
289
242
176
258
285
