0317
509
102
874
750
833
517
685
679
249
815
667
905
46
981
463
428
258
788
129
221
287
395
561
436
612
137
690
880
17
664
730
726
716
582
554
158
605
820
712
559
57
438
478
556
192
290
886
747
315
753
418
968
241
557
473
904
406
973
877
681
39
332
839
371
95
803
627
512
106
732
824
588
888
949
187
529
27
247
859
404
644
454
845
915
691
484
84
305
916
185
759
656
406
909
127
203
103
544
467
938
861
771
830
128
419
325
531
604
732
417
762
386
58
124
503
716
641
664
976
121
937
558
127
942
849
610
105
463
95
559
866
793
993
863
189
842
602
256
922
366
716
139
63
123
291
939
922
953
153
661
821
974
947
962
175
254
220
687
720
67
940
618
24
743
325
280
451
525
316
501
389
930
714
739
776
909
703
606
930
787
944
395
792
848
277
326
878
840
219
449
738
699
91
196
743
826
193
840
117
473
996
372
693
931
427
586
994
633
845
214
332
245
404
120
210
417
778
737
1
197
818
869
417
775
974
296
436
823
290
714
788
887
958
383
376
818
945
296
863
395
100
152
515
386
376
404
863
929
418
34
384
2
631
166
794
853
483
745
15
687
951
365
498
589
439
408
895
790
345
491
816
866
870
157
25
559
409
75
139
440
870
690
213
859
46
591
152
873
422
885
626
444
763
453
483
820
360
453
260
807
993
602
891
909
88
412
727
762
304
875
323
449
407
801
34
982
113
483
779
329
80
410
810
760
128
584
596
777
466
346
955
212
663
794
29
586
144
876
246
581
908
852
203
28
841
575
656
624
817
847
10
752
798
329
164
713
290
670
769
407
736
537
51
266
150
534
770
929
760
466
399
750
948
266
568
785
108
406
725
480
589
844
800
899
823
964
671
94
169
27
570
780
961
523
523
893
207
574
605
91
176
676
358
64
423
447
161
44
160
274
564
125
590
5
560
433
8
792
904
66
14
751
677
572
801
950
305
696
517
729
327
716
797
355
947
603
982
145
988
911
789
611
978
300
248
936
464
873
439
469
615
763
205
955
298
244
819
887
147
365
60
662
838
118
851
