0318
524
255
826
333
857
213
658
626
980
542
521
521
698
903
204
171
979
928
620
614
61
300
791
20
100
649
518
786
91
837
433
63
771
260
114
746
432
545
349
272
392
104
860
220
824
533
90
596
482
66
239
304
357
98
418
138
538
284
747
901
323
36
279
226
884
556
860
896
341
750
572
757
151
889
533
9
107
867
538
280
486
561
544
479
268
535
482
454
64
328
577
808
950
444
619
412
417
349
186
277
24
42
68
165
452
733
145
403
833
157
676
34
728
976
209
709
463
854
154
532
283
83
89
454
262
493
547
153
321
