0319
612
685
215
902
591
187
997
891
685
640
715
796
318
881
206
387
180
820
771
45
260
296
502
596
998
974
72
619
279
153
671
402
351
364
344
806
426
358
997
527
655
376
278
775
35
426
948
156
392
447
911
10
257
285
514
260
490
254
159
332
597
153
625
231
429
950
964
905
607
915
661
934
438
635
408
609
442
35
915
566
191
116
360
110
306
148
5
591
783
695
583
944
75
290
749
902
865
975
485
853
56
260
709
899
341
87
456
177
540
417
440
728
437
888
598
178
593
607
519
254
477
315
31
94
365
805
273
797
327
91
846
346
311
669
953
7
703
233
169
648
812
87
341
249
53
944
634
828
420
527
567
294
328
169
492
407
53
439
786
216
792
998
771
98
37
54
951
923
336
822
946
195
589
942
957
962
689
205
