0320
604
255
235
552
846
579
896
220
575
156
500
41
800
344
328
426
67
219
631
354
693
177
318
328
690
866
412
631
605
871
382
480
815
176
930
744
779
982
113
18
324
815
725
952
908
475
129
706
153
282
949
849
731
370
68
223
32
956
111
25
492
709
947
387
130
249
682
211
408
245
951
452
860
796
782
303
760
322
535
717
89
673
23
985
354
62
318
386
440
73
40
639
959
673
660
97
107
170
78
981
984
227
84
13
742
487
756
429
83
685
821
661
344
172
538
232
732
503
424
540
91
144
65
753
826
227
805
168
273
647
312
696
759
272
232
818
905
407
577
471
67
510
776
834
845
490
276
751
533
223
469
826
926
650
456
562
484
746
703
838
592
923
916
917
141
850
499
443
913
361
717
52
376
464
286
408
179
598
136
395
355
722
979
145
280
166
453
194
115
775
746
201
773
646
726
910
637
965
659
525
730
561
614
36
963
702
752
995
505
286
933
446
262
92
656
794
511
224
640
331
348
993
879
652
567
582
177
265
275
48
466
589
192
324
59
943
597
554
949
237
187
814
980
389
185
527
731
59
582
755
426
329
562
392
786
455
230
516
661
520
972
504
309
921
945
644
538
582
