0321
266
384
707
706
118
106
800
835
223
102
151
613
172
506
485
522
921
605
536
914
475
341
365
499
11
742
715
942
28
582
107
226
368
607
588
145
982
571
884
37
947
669
655
731
872
911
751
115
183
834
850
902
588
919
658
880
76
794
784
365
862
330
343
317
382
472
724
273
581
911
273
736
858
114
963
407
831
322
989
692
43
866
148
32
473
448
746
669
410
521
262
118
31
775
116
195
967
694
296
268
218
41
332
533
32
184
528
716
180
921
327
831
868
341
331
563
935
725
601
275
278
353
363
143
215
717
183
384
816
809
176
987
70
667
358
673
912
780
266
50
135
899
129
89
835
963
180
311
40
312
452
