0322
954
679
534
129
307
747
681
638
101
919
476
257
135
277
187
616
887
150
233
739
469
777
114
69
923
985
690
171
76
385
97
739
296
425
183
566
100
267
198
426
675
514
745
974
972
666
134
791
454
456
325
40
297
39
599
658
922
106
416
645
542
8
891
713
164
877
578
420
769
102
916
678
286
882
241
426
411
312
704
484
846
929
694
312
908
868
642
613
485
788
679
402
684
626
802
958
996
610
449
422
186
548
792
877
245
530
447
344
64
592
173
174
162
975
384
513
343
571
328
312
789
752
781
844
895
595
553
567
668
188
175
161
343
248
569
102
21
101
704
392
579
938
719
834
365
893
753
744
995
206
327
14
272
371
727
588
739
17
415
795
449
227
587
366
924
