0323
835
161
109
680
375
405
700
225
254
805
981
529
297
356
460
572
375
985
521
115
741
552
368
291
600
2
65
355
463
485
753
303
865
168
240
508
264
376
307
749
461
416
58
29
893
626
886
740
341
264
160
964
659
920
203
562
930
472
358
267
209
36
336
931
803
334
115
480
457
158
958
370
128
158
794
637
475
754
746
269
547
682
705
616
687
659
724
469
572
536
958
714
124
455
52
666
712
22
351
35
677
457
524
413
122
373
806
901
930
703
737
561
782
248
399
57
595
234
758
921
311
552
324
599
732
180
250
213
686
838
177
509
920
382
29
848
832
806
415
774
170
473
811
708
997
203
771
934
92
175
227
144
265
158
890
539
710
570
248
691
458
240
525
424
717
931
24
162
909
373
228
299
492
740
21
607
729
314
428
41
108
151
674
129
529
330
552
816
351
902
715
82
966
