0324
814
671
977
103
400
870
704
322
209
714
556
475
142
814
901
775
276
971
65
329
445
280
134
245
409
732
971
624
486
111
678
785
847
962
384
450
485
162
870
667
287
115
665
869
242
923
980
775
932
128
441
494
63
463
588
783
374
370
478
1000
431
327
91
677
59
794
692
401
674
211
382
785
248
375
377
166
666
321
938
507
72
654
104
675
397
119
407
624
680
617
731
766
165
35
383
592
239
931
491
833
416
926
478
885
177
486
804
31
83
585
188
318
209
685
343
943
757
545
355
249
557
193
897
191
762
845
219
377
987
73
881
76
375
752
310
644
247
358
314
969
173
565
878
920
693
467
189
930
143
156
157
873
986
573
318
941
832
76
294
73
695
425
79
92
487
655
601
296
923
282
321
386
937
341
60
152
80
553
373
521
855
713
393
322
202
767
908
948
671
40
46
674
490
892
504
562
437
173
475
705
812
63
650
421
104
969
296
634
989
508
981
49
610
333
78
878
471
935
344
89
576
748
991
218
