0325
884
921
408
938
249
603
355
377
707
365
930
205
609
130
449
757
680
193
17
595
873
775
255
683
868
728
500
694
522
402
939
985
912
101
990
866
266
641
566
718
828
142
828
40
963
799
337
523
480
613
351
565
731
220
365
218
489
131
33
537
456
513
789
891
776
874
151
997
256
533
134
229
562
238
138
839
601
107
561
469
74
326
486
910
135
711
468
885
18
793
483
85
350
776
248
402
65
613
284
430
896
557
678
477
32
189
690
117
917
630
711
323
994
249
185
134
528
733
36
956
113
77
180
434
234
535
804
287
51
792
799
449
863
341
470
685
901
232
142
987
838
