0326
211
524
528
170
709
490
765
530
757
945
942
570
76
512
766
73
810
428
599
273
985
432
223
977
292
494
16
234
625
275
969
993
48
465
102
536
389
253
814
281
68
816
764
938
80
525
94
362
805
547
112
940
248
984
517
223
999
502
813
142
717
536
160
292
522
684
833
241
111
630
647
128
553
870
728
226
280
471
814
41
895
465
620
589
20
955
972
976
203
435
13
598
568
278
785
983
646
334
896
525
945
699
18
63
781
423
221
978
722
930
645
732
939
153
74
583
42
702
382
194
489
356
12
130
598
179
334
506
186
854
420
941
41
129
338
323
41
766
951
727
347
801
915
251
542
741
213
607
898
97
512
574
436
553
750
497
9
996
866
81
251
450
749
967
271
170
16
320
844
180
294
436
957
842
599
501
224
23
659
649
952
998
525
725
82
446
881
40
363
156
215
744
423
649
456
224
470
29
798
684
327
487
130
166
761
