0327
253
590
453
548
545
625
39
773
370
838
367
214
120
115
874
429
238
339
541
764
164
152
348
51
506
749
53
785
878
333
525
41
636
179
966
422
888
678
693
110
235
913
912
669
244
758
906
549
546
804
543
334
365
243
253
556
595
583
274
588
644
224
209
567
33
945
140
901
233
829
310
339
331
307
155
404
20
469
45
721
139
999
47
876
470
617
936
446
890
317
541
907
647
244
178
493
985
899
604
502
257
309
901
815
945
964
346
284
720
373
453
434
15
402
149
696
306
327
723
791
527
911
243
918
571
793
913
176
865
909
767
537
663
686
888
