0328
717
511
490
28
69
933
728
457
414
580
3
349
459
693
681
904
326
330
108
958
676
526
345
871
708
127
382
791
136
641
862
383
860
6
630
357
927
613
911
823
189
290
950
428
106
212
445
318
663
49
709
789
296
536
761
794
222
333
388
953
487
288
199
137
67
206
201
6
565
236
686
105
779
315
482
334
518
822
676
899
804
19
660
404
530
482
750
934
812
427
874
806
263
992
534
19
912
616
722
417
489
468
347
903
553
604
795
134
654
406
598
790
958
149
502
414
456
549
926
995
879
246
751
127
829
483
611
525
958
497
367
637
72
632
275
894
134
739
700
4
414
657
989
963
228
991
107
256
919
336
590
868
671
428
443
33
276
291
211
465
975
670
841
493
158
693
488
203
719
333
996
458
848
660
92
905
598
360
268
52
483
982
462
19
9
616
451
507
258
939
535
119
250
295
153
122
968
74
877
282
760
105
425
360
24
901
906
210
532
381
349
824
687
806
968
813
226
604
704
118
216
590
621
855
622
461
951
303
858
465
200
79
218
361
4
427
578
545
590
749
976
981
910
86
997
300
896
814
395
683
471
274
925
142
673
841
967
842
97
165
357
728
469
860
78
710
663
879
725
548
253
225
386
464
955
704
88
104
121
343
568
494
778
758
36
15
305
216
956
185
895
479
51
703
424
578
314
287
305
678
910
13
29
720
924
665
831
688
886
877
990
151
99
244
498
182
270
466
564
157
137
723
456
943
23
76
924
415
801
530
254
581
845
463
663
737
802
534
502
660
445
544
242
516
516
173
719
601
225
641
59
712
778
863
69
535
758
925
882
708
495
774
178
791
525
737
428
87
337
403
165
918
361
700
338
796
377
448
384
277
570
794
730
588
667
849
577
118
970
215
392
229
424
960
430
918
557
111
535
319
161
144
832
201
266
769
989
148
672
26
938
990
635
867
998
545
945
190
545
498
925
550
443
260
562
114
227
527
50
436
875
161
541
861
426
953
410
375
37
742
68
860
9
563
515
515
784
71
633
274
519
110
753
48
163
238
493
569
