0329
190
954
8
69
112
349
634
531
58
464
601
37
93
742
425
993
580
347
888
469
113
111
334
142
721
377
802
791
602
548
675
498
177
72
345
811
776
455
445
585
61
278
586
346
442
826
102
452
295
659
549
165
731
225
574
590
806
448
761
283
748
71
866
783
233
836
860
515
752
277
485
641
137
690
89
154
523
668
462
578
752
618
198
53
211
71
574
465
53
98
592
603
531
653
816
319
666
782
387
114
425
698
107
369
910
175
688
114
869
446
167
803
634
312
411
348
950
828
266
716
270
451
696
972
73
672
921
441
923
927
528
151
850
355
342
141
466
791
702
273
740
443
388
913
707
515
382
845
121
660
818
296
152
900
542
288
205
493
826
877
959
122
76
240
111
64
719
957
631
154
104
167
739
919
764
400
942
265
41
908
478
271
331
613
959
459
165
98
795
504
244
169
856
377
817
323
735
661
454
964
613
10
785
977
826
897
693
598
560
586
974
608
117
792
137
53
667
444
37
563
840
395
970
193
145
241
122
941
630
238
734
809
1000
642
791
505
420
767
178
88
804
82
715
744
864
16
17
239
389
248
418
440
340
935
854
474
269
747
114
170
265
357
274
991
522
405
79
32
788
564
219
795
718
215
281
633
716
689
716
898
947
228
155
644
339
331
500
146
215
269
332
946
834
345
557
605
470
236
124
777
508
684
652
539
499
232
789
359
301
249
136
650
533
89
4
330
695
862
603
658
233
692
575
545
541
513
514
26
737
466
294
960
228
278
490
821
355
823
155
643
17
258
177
222
909
511
767
257
741
346
927
815
176
287
5
