0330
253
887
164
856
924
468
920
472
39
310
631
795
140
55
687
4
189
333
543
643
187
540
868
376
517
706
77
125
672
782
306
652
679
68
9
918
673
377
595
493
366
705
703
560
142
559
189
708
901
741
349
974
34
93
360
608
393
26
179
685
405
704
951
148
797
715
936
259
630
479
412
89
860
898
292
228
950
311
100
201
412
397
349
522
628
151
159
324
638
787
182
951
458
245
746
309
70
612
481
967
166
547
75
282
8
10
498
271
940
42
388
158
140
905
302
281
612
216
449
415
231
656
450
766
686
217
290
604
900
636
339
652
188
490
848
313
747
750
543
157
98
26
84
610
311
782
732
85
101
941
138
865
433
756
12
179
681
672
855
959
660
335
866
332
680
414
457
434
566
692
800
890
813
915
613
596
875
