0331
570
211
952
811
473
810
670
625
441
922
182
505
979
927
362
670
125
604
592
859
27
504
998
670
949
618
226
609
586
463
107
169
988
978
598
795
395
514
760
394
774
325
267
409
201
731
407
552
598
953
46
20
934
721
74
512
92
905
905
1000
407
371
236
587
792
121
932
410
583
339
97
728
249
473
345
476
628
364
731
821
234
90
599
145
802
387
899
178
5
494
564
90
523
455
425
999
740
501
735
411
909
131
641
851
670
842
765
945
525
649
471
934
228
674
46
263
640
611
795
474
575
563
759
800
450
555
200
905
974
65
802
96
639
267
603
614
188
32
503
885
61
443
25
458
47
569
608
806
30
128
828
954
860
179
761
84
96
16
493
737
953
743
630
879
353
725
494
858
910
421
255
86
805
394
578
887
156
262
264
451
605
65
622
803
546
432
105
831
268
230
350
852
468
839
340
429
430
828
569
255
393
490
705
600
575
119
543
936
29
485
736
653
995
562
653
317
767
589
329
356
783
649
722
