0332
969
884
944
600
881
488
721
176
402
498
949
411
578
652
723
848
888
47
196
882
339
543
393
454
866
668
664
495
315
608
379
441
595
505
721
794
606
867
184
245
496
932
186
825
412
184
856
694
823
878
654
499
6
330
61
651
765
465
727
512
738
309
143
717
383
925
802
876
774
520
818
980
614
661
342
773
571
782
82
985
853
271
370
487
665
944
678
791
881
434
898
690
536
420
184
81
288
91
967
452
807
604
761
917
610
148
893
404
843
982
6
402
301
629
362
216
135
217
978
502
304
512
416
125
987
558
167
95
761
512
539
582
538
502
637
390
387
250
914
824
519
586
378
880
6
686
249
988
753
36
180
511
588
47
517
383
818
115
906
393
834
85
24
108
577
358
602
583
704
400
380
492
851
564
254
902
899
60
