0333
932
829
866
891
485
276
593
217
580
820
355
864
511
379
794
57
755
597
761
410
543
716
55
65
138
43
539
645
491
600
760
505
497
612
584
37
822
398
995
48
260
739
886
950
329
361
358
379
431
965
951
384
789
467
344
264
135
273
361
662
551
239
288
946
847
290
562
71
777
157
485
293
68
755
532
543
23
225
537
532
123
21
589
633
40
851
740
550
119
828
266
657
407
421
22
864
645
42
708
494
931
210
149
38
945
486
846
475
555
932
266
194
924
109
948
98
729
241
523
243
871
879
803
655
984
423
622
375
237
896
989
477
691
308
521
40
299
877
831
746
698
791
791
905
483
999
531
71
61
135
787
819
299
801
155
976
181
854
295
41
888
698
422
25
995
626
894
509
942
308
955
681
619
120
459
178
945
343
843
227
132
382
635
71
521
765
431
229
42
907
608
921
556
326
947
197
316
587
910
565
708
380
735
786
93
69
701
178
226
656
454
594
614
118
