0334
602
63
892
920
575
466
667
353
971
25
291
672
7
189
645
336
780
805
313
462
104
883
658
383
657
984
386
809
64
478
220
284
651
398
351
156
700
535
435
414
712
849
961
857
137
616
782
750
327
711
32
628
541
170
583
117
285
781
277
493
457
193
35
627
559
476
243
248
455
166
890
438
720
912
138
445
885
767
891
455
775
99
39
354
870
255
440
909
823
978
389
217
862
184
232
930
557
414
940
192
416
638
699
332
645
155
454
79
963
678
576
766
668
689
644
802
867
118
193
875
429
524
296
930
882
901
670
989
913
943
123
683
519
878
511
462
898
39
453
154
669
707
97
572
618
69
484
974
601
628
718
533
530
28
663
731
556
174
29
747
633
42
788
981
32
588
839
570
458
479
219
544
77
167
772
890
328
634
