0335
528
612
499
457
752
234
720
691
688
229
248
861
330
495
622
898
300
697
352
801
883
642
312
96
251
23
354
185
339
581
830
399
731
348
521
352
295
996
579
70
795
836
49
494
854
426
24
832
193
13
321
15
578
500
281
683
352
304
276
76
703
625
57
179
84
266
185
184
630
115
145
630
968
779
776
119
651
15
418
381
152
861
990
456
126
580
1000
146
674
412
379
558
567
331
189
127
353
693
488
526
679
244
248
335
55
543
58
943
258
927
108
543
702
371
984
744
437
938
228
111
654
583
497
5
694
789
607
402
6
106
165
194
867
174
368
862
77
651
480
221
271
833
519
876
715
202
263
588
165
301
925
227
423
892
70
504
413
457
181
670
492
607
502
472
627
486
298
49
229
480
197
673
830
260
659
449
829
224
7
143
569
990
937
431
80
45
966
48
174
524
544
349
688
815
187
841
799
679
893
675
