0336
623
888
984
17
255
399
888
647
781
380
47
595
546
621
22
163
45
909
180
555
273
456
362
589
539
710
787
497
250
917
701
128
866
1000
647
85
378
55
265
935
440
162
372
822
324
212
684
862
7
658
682
179
194
424
576
919
825
314
933
877
467
721
455
220
71
273
690
838
459
277
363
328
834
459
939
333
857
20
108
518
904
86
45
350
510
559
673
478
125
819
367
184
579
312
978
792
527
754
371
369
10
725
665
260
850
965
953
92
190
790
223
854
5
810
146
328
334
362
491
902
192
855
331
723
143
289
870
48
413
786
222
38
581
975
590
52
451
287
529
880
319
599
302
913
716
963
140
216
677
254
956
156
400
921
607
872
954
689
255
861
272
621
826
161
644
361
41
30
715
80
897
926
907
785
713
347
72
709
680
950
984
365
809
149
471
574
33
894
63
572
72
78
685
487
743
359
514
710
902
622
183
20
189
566
304
190
226
71
540
756
780
356
891
469
536
209
180
384
245
470
304
995
135
690
856
179
903
937
219
294
389
177
337
163
72
95
699
293
226
709
601
889
690
553
477
411
33
351
922
231
496
854
962
480
269
369
362
33
897
99
983
818
880
675
511
551
747
608
871
164
122
211
992
676
613
524
804
362
780
143
538
73
339
269
290
302
391
488
939
988
798
974
13
214
605
477
320
439
363
659
769
854
181
471
790
737
483
453
922
960
577
129
792
359
921
348
890
730
251
298
620
591
997
746
730
759
836
272
886
152
6
872
743
247
751
853
371
911
189
447
591
36
982
866
591
46
222
818
590
641
868
403
195
181
198
446
999
291
414
177
999
262
883
956
219
549
804
857
333
260
488
681
987
958
880
859
496
436
119
677
238
117
137
601
15
937
283
493
929
582
938
436
119
875
443
306
675
194
246
32
652
88
784
946
286
18
446
639
456
785
31
658
327
995
585
214
291
100
701
942
307
242
988
4
351
195
754
354
140
305
8
683
464
666
598
848
99
232
680
587
875
251
85
770
330
906
385
272
146
648
795
691
162
744
800
584
230
531
890
38
221
779
150
817
480
569
500
137
947
431
80
111
114
312
701
978
677
216
542
106
731
215
694
904
401
815
296
327
293
