0337
191
395
342
874
813
584
650
767
385
26
422
765
817
36
418
835
589
596
483
696
449
574
607
7
7
566
955
451
63
682
313
589
405
901
714
856
145
259
600
459
801
182
243
648
229
758
944
483
113
471
67
659
708
260
415
34
731
426
14
532
873
304
789
669
749
507
934
727
227
547
641
672
841
329
979
507
716
605
57
365
255
580
36
426
451
328
20
162
667
677
145
612
719
727
445
740
594
727
381
91
81
35
949
768
170
949
798
75
618
518
670
110
937
988
965
765
633
419
453
253
328
493
502
328
957
911
669
670
349
681
827
705
988
201
506
698
91
587
307
587
246
227
859
636
96
263
286
556
206
412
202
423
267
781
425
103
227
894
69
808
566
666
716
334
808
709
201
756
946
375
93
8
424
437
244
786
417
306
51
183
648
25
145
525
743
696
19
304
869
789
947
560
975
702
353
290
943
226
756
975
610
722
835
974
146
467
148
375
364
717
245
727
111
290
550
900
157
51
896
27
916
105
523
415
828
670
621
705
27
411
179
228
406
612
319
145
430
354
711
667
768
557
103
43
913
571
598
61
149
608
421
339
717
19
1000
747
314
637
797
130
188
251
51
4
746
756
987
227
912
579
69
293
653
892
840
135
746
502
951
479
877
567
12
221
795
702
200
647
407
713
403
340
122
330
710
418
892
645
939
596
219
162
356
854
332
630
173
98
685
117
927
810
852
280
913
284
214
805
373
16
485
928
587
566
504
215
231
753
738
683
549
377
827
526
499
342
88
189
486
540
826
556
163
209
99
678
536
972
913
870
779
573
957
638
554
723
963
257
313
242
461
59
327
349
176
704
962
99
551
684
403
149
996
522
474
551
963
874
977
848
187
447
968
441
894
657
792
414
561
341
723
878
171
494
923
46
631
978
947
73
429
975
741
697
121
101
612
565
412
301
549
849
223
499
695
187
185
887
639
367
221
968
457
654
225
462
471
176
867
907
925
48
264
575
166
908
700
939
608
361
547
189
141
834
99
666
13
480
101
543
368
178
570
144
674
185
983
755
504
462
520
76
241
247
922
932
220
784
976
309
657
990
989
384
662
469
311
691
525
502
463
385
907
709
336
272
