0338
503
744
125
354
886
914
68
9
394
872
31
594
701
551
145
280
60
471
285
130
267
191
799
57
210
787
450
756
440
791
534
82
943
851
805
671
402
85
941
518
196
632
373
988
512
223
73
319
975
549
306
798
274
471
757
631
680
545
188
668
705
770
739
32
820
23
923
771
189
584
844
931
53
8
521
817
918
463
264
757
823
112
40
66
911
736
710
359
333
36
815
612
670
783
927
982
963
512
817
437
284
116
140
678
617
460
298
302
11
490
115
808
867
948
327
647
572
27
543
661
808
779
449
423
926
275
543
333
498
390
229
218
669
730
950
503
72
563
678
496
344
935
956
501
368
659
310
182
551
970
322
575
964
463
646
366
469
793
613
537
173
79
662
314
687
580
827
646
771
468
336
820
866
964
176
897
67
624
878
12
535
134
960
968
766
911
845
226
808
392
27
205
485
616
591
174
725
224
828
196
757
458
546
906
56
314
6
283
377
575
255
46
876
665
52
228
778
716
706
937
53
452
233
579
753
200
652
420
593
687
665
932
865
815
400
872
899
823
26
241
684
592
576
376
956
774
660
508
706
152
349
147
264
520
203
864
381
993
278
508
748
887
488
254
582
858
312
488
590
540
692
315
281
449
553
410
193
622
797
720
747
208
239
953
194
247
523
237
906
314
357
718
42
391
31
663
167
390
362
929
495
675
674
848
758
350
684
627
9
12
380
448
8
570
9
153
200
649
958
207
763
649
3
800
507
98
247
617
595
603
522
282
321
39
170
908
965
