0339
206
106
321
360
821
255
123
323
642
879
856
209
407
523
253
119
286
965
353
364
169
878
973
501
994
365
972
155
856
570
25
809
425
293
109
786
682
3
840
329
561
528
818
582
510
892
466
551
997
680
124
517
895
681
699
180
637
175
35
460
49
378
300
390
968
267
153
72
687
783
774
178
587
679
35
169
453
768
756
345
518
858
746
767
354
23
176
486
796
289
139
224
872
468
51
823
652
100
133
720
39
306
203
873
298
451
203
512
177
286
980
990
764
612
95
825
925
193
717
667
343
574
409
406
124
451
561
127
305
636
495
173
150
822
661
770
787
569
129
585
973
362
514
680
919
546
858
628
464
238
827
191
915
642
117
217
