0340
357
1
740
848
711
425
87
151
74
871
246
807
490
64
404
28
932
999
621
539
34
956
596
479
245
538
782
313
837
106
249
649
182
602
550
287
20
722
583
277
134
856
800
603
977
822
921
715
529
268
801
926
685
369
252
672
18
9
189
476
61
976
690
288
288
577
578
893
398
390
864
487
22
941
882
373
248
373
664
554
773
431
962
666
205
708
996
707
170
350
839
985
590
523
810
912
419
973
413
48
805
15
671
14
213
493
456
430
560
793
165
840
642
712
700
274
938
381
47
12
467
469
605
986
29
221
115
890
798
628
810
240
686
963
595
114
899
53
801
216
848
178
933
272
985
135
382
511
419
592
339
432
223
707
468
903
679
948
640
739
537
737
829
896
979
232
588
620
349
82
782
355
3
428
53
596
864
907
215
39
61
578
919
883
677
776
562
271
549
790
384
710
591
522
165
996
750
68
759
519
65
192
509
722
662
340
290
435
313
864
615
513
77
109
535
816
967
698
947
677
66
247
330
525
763
962
914
941
371
41
390
530
92
132
646
723
519
413
149
759
317
780
658
429
900
662
396
474
574
309
769
861
134
817
824
98
669
189
228
996
17
401
304
491
236
403
713
587
927
517
459
264
901
402
425
823
371
498
380
512
602
426
737
16
246
673
177
411
199
777
656
619
546
257
484
474
887
224
376
157
236
147
961
585
630
957
766
221
991
250
594
727
967
520
296
821
14
107
772
646
557
619
915
840
456
830
409
724
347
458
150
708
98
363
380
328
573
650
149
1
216
614
125
658
159
452
607
387
783
734
16
548
615
638
844
167
961
56
730
779
195
879
929
312
261
259
722
993
