0341
887
762
791
795
329
56
970
778
739
538
330
686
9
419
582
825
843
372
981
494
700
270
419
36
936
400
610
911
894
942
16
935
20
765
443
734
630
809
796
680
884
383
612
343
649
407
124
726
52
833
86
703
159
908
625
204
663
220
732
23
393
891
59
792
144
867
255
521
934
364
159
677
683
225
580
326
959
623
631
148
594
325
277
257
397
90
588
233
242
34
375
467
150
245
845
452
499
727
652
47
891
311
910
608
207
246
711
400
828
693
228
910
115
840
762
467
596
789
963
619
220
513
480
250
169
969
163
110
145
441
427
303
239
799
172
533
288
288
254
402
494
63
229
23
585
120
918
310
692
795
819
992
951
452
633
424
37
144
215
115
55
914
10
682
365
574
55
690
207
165
16
744
571
563
730
148
335
417
41
290
264
777
115
451
453
753
5
969
690
676
864
750
477
298
636
83
724
494
