0342
545
937
454
295
630
498
554
23
330
398
377
206
176
867
499
172
71
663
428
662
853
623
725
923
714
996
192
327
263
679
202
643
309
162
94
692
965
682
303
143
537
907
719
931
489
712
408
838
417
74
230
248
916
988
548
615
97
632
773
559
959
964
286
926
38
289
485
44
788
485
294
884
939
432
497
850
978
128
601
629
858
455
586
24
450
274
48
458
130
716
338
454
365
599
702
584
381
822
569
553
860
989
167
984
139
827
41
747
431
314
284
968
551
694
413
817
410
131
959
252
1
261
721
400
261
110
954
544
788
415
837
524
929
474
810
406
267
255
983
3
144
957
347
225
331
608
171
52
372
39
