0343
498
757
458
658
299
117
626
742
715
748
435
737
202
794
507
520
263
873
732
812
750
934
326
10
357
733
221
18
122
561
901
37
429
603
529
318
888
931
314
345
877
6
867
683
923
773
983
548
400
650
226
155
257
88
27
493
292
771
992
946
30
185
846
748
590
190
976
840
107
395
461
702
385
179
813
77
329
697
462
363
888
389
394
938
629
264
107
809
666
798
563
94
54
816
91
508
461
635
505
28
87
646
18
731
615
499
394
365
806
264
447
933
654
886
756
839
876
171
920
276
138
723
863
25
470
765
226
590
268
340
662
8
919
965
444
258
543
934
574
235
62
279
596
340
761
207
146
802
255
863
165
739
504
460
291
877
989
63
884
200
678
536
966
986
674
144
256
796
847
230
826
814
333
857
996
549
814
102
633
674
880
342
688
