0344
590
282
228
353
761
718
968
765
264
191
828
285
837
667
149
426
967
212
309
178
556
666
788
454
64
894
770
830
334
435
18
890
502
16
699
726
36
266
187
954
723
323
863
927
875
308
844
769
583
173
341
605
792
212
808
268
756
295
893
57
676
567
135
80
859
600
183
517
646
991
41
847
861
264
567
425
77
676
503
377
751
747
985
702
532
535
275
272
42
188
551
231
405
127
438
650
582
506
566
420
857
343
613
219
451
984
353
477
118
923
359
37
697
886
886
379
499
116
413
894
816
765
58
263
772
222
703
150
701
251
268
800
993
800
254
354
595
289
433
932
835
656
256
614
950
46
74
851
718
41
768
19
846
185
200
228
164
999
144
767
564
785
379
120
585
528
988
969
133
345
715
430
465
280
584
952
567
638
284
134
983
481
862
970
864
11
205
210
752
232
482
915
644
766
792
219
297
510
594
309
692
61
162
858
697
157
925
502
825
305
615
548
205
749
248
536
761
534
715
114
93
420
34
212
984
652
471
478
480
428
654
476
548
779
627
771
398
9
126
114
617
850
62
578
938
150
404
187
471
721
964
164
122
9
268
155
945
771
176
81
913
652
828
617
737
968
982
887
901
749
621
104
768
950
680
261
815
784
638
268
56
144
728
842
55
620
950
795
189
659
90
363
830
787
836
438
332
812
453
836
727
761
4
852
569
1000
574
61
937
122
631
677
34
671
983
53
575
680
754
538
692
262
400
909
699
743
664
468
468
642
174
168
640
848
464
980
94
649
575
551
433
389
516
592
70
380
757
57
282
527
946
309
6
111
333
448
889
234
426
197
691
839
965
627
694
480
978
530
264
32
719
743
551
857
519
367
181
271
857
388
883
192
109
926
664
39
197
469
704
927
714
401
572
963
616
388
6
104
740
136
786
609
150
278
937
511
810
47
631
478
750
370
444
608
603
421
221
693
470
44
401
