0345
801
766
215
242
353
729
256
822
163
687
926
948
885
366
520
641
208
160
892
275
148
885
506
857
12
518
762
597
450
505
379
661
318
111
9
868
23
223
819
573
290
952
163
150
236
420
332
629
217
277
758
83
977
871
227
490
569
478
51
412
123
833
55
806
426
513
687
13
585
394
172
590
770
29
661
922
455
756
385
43
179
502
22
757
407
796
577
293
526
314
904
709
846
504
219
540
164
432
274
20
860
295
125
775
722
431
665
215
433
455
676
328
540
97
595
177
166
272
754
339
663
399
149
419
511
697
882
1
946
874
373
483
719
292
149
711
105
288
125
977
594
695
926
715
188
635
24
105
632
312
207
955
112
522
785
526
865
965
676
591
840
719
163
769
753
859
830
839
459
483
667
646
614
332
743
54
148
764
896
737
234
909
722
261
901
210
949
75
834
177
2
341
568
246
566
505
466
150
542
944
296
570
