0346
155
385
997
827
987
947
92
186
36
353
887
81
703
186
606
605
62
740
408
345
954
982
990
701
623
56
464
827
621
304
494
431
670
24
415
142
582
875
971
554
889
166
650
602
221
344
531
245
809
526
421
161
516
282
332
293
653
265
725
556
73
869
895
617
853
367
146
208
384
895
633
737
922
331
139
880
364
543
920
135
418
412
205
60
951
448
559
940
118
626
192
626
12
992
811
594
344
278
257
427
209
840
808
689
695
927
731
514
669
993
994
124
759
541
873
982
839
382
827
595
214
69
265
677
323
835
490
861
859
209
330
53
340
354
183
351
20
832
709
949
518
543
93
673
313
479
912
577
710
307
55
395
719
834
495
319
557
2
631
755
965
92
810
148
420
833
253
30
283
622
601
231
279
909
731
283
537
687
488
315
241
303
495
219
315
284
274
957
664
749
582
409
276
191
391
365
671
967
449
848
304
729
136
108
82
436
266
889
208
586
223
313
366
65
225
588
160
137
775
307
945
101
489
720
328
959
64
571
183
167
186
609
558
517
228
400
614
908
751
482
28
911
899
203
937
780
378
104
404
646
926
62
759
980
296
373
162
706
934
287
644
504
803
810
807
820
779
150
938
899
325
959
599
241
710
991
769
556
227
589
254
265
548
474
649
691
752
828
869
546
362
462
321
598
25
321
383
678
548
435
782
125
174
804
218
318
115
856
701
660
