0347
166
947
482
236
365
469
855
524
114
180
280
635
816
852
821
664
864
299
934
230
46
26
95
224
608
294
308
83
553
884
354
37
552
238
113
940
679
115
188
483
503
134
240
208
867
645
482
585
156
775
639
373
904
829
347
986
691
653
247
212
317
560
604
674
652
927
171
58
365
196
422
869
319
78
407
382
2
66
153
352
337
754
121
214
767
264
514
286
897
341
880
765
681
643
541
133
825
522
560
763
349
421
537
908
605
455
941
954
142
134
573
477
790
762
219
182
402
618
318
828
519
40
117
522
140
603
558
479
736
871
241
637
400
381
801
403
258
613
797
533
31
7
255
297
104
725
745
479
614
617
747
16
101
725
746
592
661
754
531
315
781
115
160
