0348
86
453
256
550
176
41
689
207
672
907
805
626
568
141
437
558
465
791
757
650
241
21
853
977
702
252
819
961
390
263
935
412
670
937
108
773
396
775
518
972
469
839
215
886
81
159
780
667
951
394
746
380
847
938
450
318
43
439
731
249
427
707
472
213
675
595
444
765
320
446
788
685
510
192
832
897
125
528
553
342
988
305
35
186
504
686
214
577
228
836
602
855
223
41
783
389
750
202
917
353
668
355
343
45
641
81
666
458
595
944
738
945
335
964
965
828
294
166
970
342
502
742
4
99
158
878
798
318
595
73
369
134
121
370
610
749
990
658
820
383
690
604
120
169
635
803
734
627
82
716
561
709
495
791
632
316
768
398
993
778
318
540
201
829
877
500
137
176
327
931
207
465
672
370
788
754
3
934
455
475
475
403
593
134
697
181
444
800
120
495
919
256
978
656
335
27
336
654
144
220
361
463
