0349
34
153
432
695
274
129
698
933
747
917
56
175
85
36
52
805
104
776
70
456
126
503
623
261
870
387
484
272
944
724
139
870
762
320
180
379
441
241
223
552
609
30
83
132
255
131
813
397
624
341
781
618
259
841
618
57
284
450
50
442
118
810
89
739
818
809
482
914
912
96
845
307
677
384
944
195
676
791
536
249
249
855
214
603
845
256
858
262
955
518
832
988
966
316
557
980
447
175
446
694
983
252
958
986
728
640
619
538
610
120
214
658
330
342
659
94
756
281
92
268
745
980
68
640
837
744
282
227
348
947
841
903
202
651
72
499
596
630
755
527
863
930
777
179
450
645
848
671
669
235
211
512
31
453
357
325
611
829
30
919
642
846
760
521
520
432
591
566
982
32
852
308
453
286
623
211
445
857
539
947
739
471
548
890
367
596
2
483
244
768
635
575
186
122
993
599
909
676
969
784
983
591
966
312
911
49
737
83
920
309
949
265
552
300
66
190
123
13
62
509
322
489
147
781
818
927
375
281
956
216
553
416
228
624
148
223
728
254
38
164
658
478
280
560
295
349
302
680
157
468
640
71
275
18
968
800
402
33
677
62
514
932
60
561
558
740
338
180
806
91
81
377
611
587
167
640
330
675
772
476
30
237
620
318
908
539
115
183
15
452
828
179
671
571
332
955
324
727
714
772
961
486
643
26
828
316
407
643
847
84
256
39
420
927
208
467
632
617
458
526
518
802
249
770
430
81
767
563
339
966
464
715
77
184
897
438
502
