0350
380
955
578
616
396
39
319
232
533
601
958
642
370
403
108
876
222
881
28
984
565
471
988
873
970
355
159
171
284
800
841
316
403
2
423
693
992
833
282
920
111
413
236
944
443
662
913
395
406
584
954
542
149
240
337
117
277
753
473
790
314
714
32
760
1000
656
160
96
574
367
461
288
510
597
878
257
622
377
782
802
563
900
666
857
377
30
564
672
941
203
940
197
291
801
125
170
66
560
414
557
106
780
726
402
133
598
82
26
572
267
270
24
22
462
907
607
758
411
158
703
224
702
399
710
820
486
578
239
294
690
560
853
895
471
292
778
494
984
513
958
214
157
320
17
545
346
614
919
743
902
435
127
257
310
904
190
667
353
298
763
717
31
140
380
915
18
47
452
774
941
79
878
363
356
556
340
543
617
686
183
70
642
777
816
502
225
924
194
502
177
959
132
607
200
714
689
985
775
374
484
206
822
93
295
859
117
389
125
945
922
68
72
40
550
562
915
54
719
555
616
634
690
869
497
938
419
329
162
633
47
768
199
125
324
211
947
533
84
762
268
943
728
256
814
189
901
851
745
653
280
82
344
198
549
411
480
204
23
501
633
911
353
699
307
576
756
386
847
209
59
768
655
362
470
968
790
522
940
285
156
357
1
231
481
31
421
122
