0351
557
186
525
758
274
273
959
986
486
60
499
422
177
754
148
643
30
976
372
46
57
485
83
518
872
959
659
962
566
469
672
129
420
485
322
754
773
282
359
752
486
750
406
292
467
853
670
531
935
616
193
653
642
442
790
310
140
539
553
930
220
431
471
129
780
680
249
123
7
390
13
97
653
23
445
994
143
148
245
237
466
979
404
496
132
900
34
90
999
137
728
289
10
810
640
450
360
197
518
438
973
784
33
733
633
200
706
374
855
197
514
200
760
978
914
119
137
849
194
185
273
897
20
418
835
264
647
55
605
84
35
454
469
408
454
277
416
375
393
420
437
546
608
812
115
824
290
816
314
683
329
881
219
453
276
764
237
902
829
20
852
335
151
49
906
786
574
265
778
794
275
275
191
468
979
765
710
762
291
25
908
627
655
896
783
493
351
823
912
184
701
343
52
187
853
912
231
267
325
406
657
958
502
191
483
421
212
455
488
1
542
161
141
113
114
609
849
274
382
724
58
618
139
601
725
577
152
587
787
572
502
164
788
138
909
39
573
614
91
99
719
765
504
96
987
87
672
579
567
181
734
856
624
636
281
14
225
529
445
945
214
96
374
882
637
624
183
141
380
110
581
74
236
765
434
34
938
354
2
645
471
39
211
642
320
862
78
995
314
636
375
480
854
108
373
351
741
468
253
754
629
888
579
540
772
435
210
876
981
484
941
629
718
597
119
808
642
875
652
894
771
341
855
186
708
809
465
528
52
460
175
770
303
953
543
836
161
566
396
87
723
478
958
934
214
309
76
502
58
451
521
519
26
104
301
732
175
212
424
821
898
642
973
403
474
115
779
252
395
203
449
80
932
620
309
45
835
727
369
569
747
757
233
352
192
664
665
585
648
989
378
495
619
617
209
57
724
538
413
675
794
21
660
830
541
301
348
680
24
365
527
399
1000
446
410
703
223
102
546
740
55
692
151
306
727
112
952
787
3
811
571
608
136
307
610
38
867
165
518
342
865
477
947
738
868
861
435
457
697
367
97
386
287
575
689
643
181
594
698
889
167
641
709
326
