0352
758
633
431
874
631
982
80
762
265
353
892
688
906
527
517
501
240
484
448
122
85
84
645
243
893
221
288
735
196
141
424
165
126
903
41
85
952
291
632
269
785
126
637
309
626
854
288
17
444
773
570
468
119
80
415
281
118
546
397
891
283
452
243
948
52
46
783
684
392
52
176
913
8
647
448
195
71
997
32
591
595
570
75
437
325
753
541
172
317
368
373
409
535
394
612
48
361
795
63
320
821
399
768
544
823
650
22
416
759
723
609
324
387
526
827
713
43
134
580
499
614
501
711
547
104
801
381
829
320
395
755
433
532
238
145
610
978
684
96
314
940
526
896
523
675
591
68
985
179
34
570
270
321
415
34
715
887
795
920
940
35
902
790
508
649
772
188
262
673
466
451
813
12
880
796
656
587
479
476
634
119
680
969
95
433
248
467
886
911
339
790
924
255
32
359
973
599
223
277
744
855
397
82
13
742
27
356
730
861
186
940
206
43
961
628
61
383
359
316
749
177
393
302
202
561
585
676
668
802
525
453
193
901
849
956
186
85
168
763
572
222
860
627
952
97
111
675
657
619
895
592
959
95
559
626
886
790
223
989
78
539
238
812
311
936
34
770
629
21
906
718
884
71
63
330
797
73
692
537
676
253
997
262
689
651
1000
368
40
227
473
959
264
666
215
465
912
414
266
114
213
333
579
391
4
642
731
553
379
215
856
880
460
79
304
458
947
984
53
57
216
498
615
961
944
712
537
423
33
93
691
60
348
119
761
33
324
129
328
151
720
654
921
486
566
546
740
262
875
411
989
537
749
230
927
712
199
900
346
934
126
