0353
853
639
314
300
939
989
802
153
680
255
590
356
739
484
847
60
30
6
529
895
540
102
792
127
145
520
847
517
324
955
357
947
834
263
758
721
222
511
388
221
39
320
83
284
24
147
429
892
348
135
611
396
645
202
974
801
705
360
834
818
942
285
568
542
788
931
103
810
473
365
710
50
864
975
701
398
11
644
824
75
130
896
441
218
935
251
222
579
525
341
252
762
267
460
251
497
508
789
91
666
358
116
241
702
614
255
820
677
447
265
981
93
904
359
918
442
823
920
269
130
563
915
29
21
959
20
336
173
247
170
152
97
100
31
888
60
465
512
913
814
110
442
505
737
500
696
248
550
833
980
455
187
254
23
214
844
751
227
259
105
112
503
576
633
202
369
8
350
404
239
479
875
697
763
123
660
101
459
61
693
871
748
42
941
455
602
665
535
402
399
773
585
180
50
433
991
365
230
202
431
709
520
472
207
796
620
107
380
612
136
169
221
31
522
341
652
664
769
434
451
165
735
954
735
734
484
158
308
527
641
70
521
396
788
231
958
876
882
370
845
71
481
454
960
685
100
306
697
728
121
670
811
412
875
273
869
862
677
703
304
707
458
927
986
147
44
618
970
930
911
240
164
296
688
488
598
240
883
502
533
668
62
969
132
125
256
621
595
858
403
475
93
775
83
683
420
501
729
337
334
686
813
924
893
908
305
937
541
698
144
642
893
851
187
33
158
412
362
292
76
380
529
391
442
358
683
829
253
769
338
263
547
602
109
43
972
834
954
437
307
355
638
457
908
142
238
809
235
386
744
226
708
541
612
