0354
777
834
395
732
494
755
476
851
359
929
386
806
952
79
700
891
928
374
100
672
1
191
938
287
375
329
239
688
446
121
310
284
238
461
757
506
209
24
900
158
456
188
487
327
895
615
57
264
917
665
246
2
662
346
278
494
725
795
186
965
273
74
858
805
195
972
649
809
405
117
174
961
557
791
63
498
701
913
385
970
780
403
878
865
175
609
70
905
968
394
564
865
466
478
146
541
120
474
841
200
240
813
953
418
789
721
557
94
565
981
792
76
817
437
978
109
9
831
776
332
186
83
869
676
334
881
162
200
419
930
183
153
417
268
365
657
960
258
330
89
109
481
791
133
873
182
686
780
537
239
536
931
186
977
131
578
113
942
676
893
949
170
23
618
446
68
514
152
648
219
362
251
849
746
333
296
123
823
869
391
234
119
701
62
313
955
960
718
287
605
733
32
3
368
732
872
549
141
938
87
979
543
482
68
35
905
349
528
44
800
180
732
313
185
565
693
137
577
355
804
402
569
662
356
245
991
17
794
467
640
993
508
858
167
262
144
989
65
867
190
419
711
127
887
423
469
473
481
696
689
687
951
998
468
177
77
25
449
717
354
924
112
602
991
846
232
434
599
313
857
950
152
181
222
812
253
375
869
118
677
950
715
562
409
62
953
795
4
566
959
850
81
912
189
722
613
487
640
414
137
601
11
587
102
212
407
287
788
114
449
519
452
959
141
775
798
368
394
573
968
224
745
294
919
270
777
854
564
231
372
974
91
732
383
445
716
864
332
393
948
502
457
238
241
281
273
955
455
737
878
651
693
90
682
361
367
941
170
864
173
648
419
285
78
888
742
303
85
323
291
168
91
592
592
466
722
739
685
497
886
469
290
613
612
96
39
742
793
422
62
579
297
557
514
894
710
44
484
809
691
641
258
2
80
557
98
768
491
112
936
692
195
397
893
24
700
859
711
75
734
719
579
53
47
382
960
174
202
743
64
611
419
431
205
567
878
607
557
480
316
544
645
649
572
232
177
328
