0355
720
77
772
730
589
115
805
763
412
682
291
572
559
589
13
961
590
186
206
731
607
489
525
865
646
823
541
168
798
498
698
284
974
456
60
611
227
218
155
14
380
227
56
823
372
125
145
7
34
193
671
296
587
327
320
633
895
865
542
171
238
748
140
439
561
749
642
945
923
331
888
800
789
754
72
898
313
860
787
38
582
453
907
764
694
311
124
88
552
137
456
447
633
896
454
541
493
551
351
819
907
890
141
144
227
146
191
414
587
192
636
170
426
251
295
236
929
772
916
3
406
391
538
186
253
943
332
474
946
291
220
457
64
571
545
261
836
541
84
425
706
671
471
559
818
698
62
227
571
959
641
189
953
24
541
805
701
28
839
35
631
32
748
851
237
562
583
455
705
480
616
784
951
939
13
962
237
375
656
589
893
802
646
777
882
844
389
475
443
645
260
248
694
379
89
819
216
324
521
395
541
715
388
775
902
832
220
278
565
111
55
255
620
566
496
762
184
603
519
606
412
421
192
445
3
450
420
948
641
190
464
236
612
556
620
953
733
299
76
715
