0356
95
186
267
877
661
968
712
232
644
741
889
893
254
145
188
85
791
78
56
140
87
90
55
837
844
272
277
478
564
954
353
794
439
791
138
940
55
481
175
235
391
331
421
687
161
233
414
942
78
67
779
670
857
517
358
352
41
154
893
829
832
331
527
75
83
764
490
648
923
677
635
503
944
294
666
321
96
672
956
840
487
949
585
280
30
647
947
121
293
33
136
54
696
538
818
304
82
607
705
572
600
640
978
957
123
835
617
186
350
884
91
535
401
577
411
789
457
281
356
467
215
68
945
562
58
317
652
319
3
860
765
585
385
182
604
937
848
483
842
191
703
181
751
878
195
345
358
126
438
890
189
310
165
762
506
364
118
770
526
18
570
13
840
396
664
741
362
485
488
737
667
982
459
369
517
552
830
196
465
800
48
791
582
655
760
817
399
238
815
704
316
454
206
992
726
562
971
67
70
512
188
181
226
844
9
530
551
917
842
800
622
811
301
346
603
478
785
934
639
916
139
241
299
54
875
809
63
531
766
909
322
369
734
583
345
153
64
283
605
571
872
697
279
875
406
993
179
727
671
608
203
761
77
872
540
23
253
141
56
245
16
757
105
56
265
882
658
217
503
976
553
904
231
633
302
686
919
141
669
639
835
375
64
102
70
794
582
706
889
191
854
82
997
131
396
147
942
780
800
801
759
688
192
108
863
440
786
785
578
970
630
15
288
121
215
166
683
791
350
719
335
581
919
40
604
473
874
265
863
72
209
539
197
638
803
820
889
292
598
107
665
947
389
343
598
373
810
91
924
562
233
8
199
496
944
279
85
492
612
989
390
469
259
173
99
996
699
683
726
834
595
184
876
181
368
44
225
909
877
200
49
60
227
35
406
756
815
735
159
662
59
411
272
349
34
206
422
505
375
128
174
232
535
727
387
998
429
471
118
371
758
423
267
557
307
407
266
356
327
405
773
353
971
522
789
469
212
138
745
297
911
624
124
29
771
531
739
201
779
26
974
96
692
831
952
306
966
671
431
741
488
455
72
91
501
874
947
172
788
738
791
817
341
742
876
83
165
661
701
525
595
801
277
648
267
839
180
696
663
718
380
198
176
613
468
544
229
396
585
382
972
944
94
468
