0357
419
372
742
523
563
233
756
614
667
203
839
41
831
625
963
387
383
559
996
998
795
463
28
740
64
888
715
271
524
440
856
674
93
253
823
284
1
188
219
777
544
182
279
987
622
507
370
646
210
326
176
639
385
247
694
4
741
155
31
988
186
416
172
66
107
24
86
974
483
209
428
897
746
873
528
314
679
76
14
710
222
515
29
117
746
849
441
441
312
272
232
720
431
741
546
784
230
922
634
306
431
327
635
475
144
814
702
712
594
552
312
548
933
4
799
672
865
381
928
944
631
119
523
768
640
657
194
271
287
877
160
332
783
726
572
900
812
800
955
141
822
356
561
845
247
401
830
277
89
887
11
989
742
588
470
266
233
444
810
375
904
484
659
603
152
70
911
760
876
531
208
559
894
980
929
272
614
169
449
714
944
432
347
352
435
228
792
33
726
367
916
726
955
107
366
857
124
756
128
621
971
305
531
98
124
618
918
453
22
133
108
388
420
145
317
33
412
449
484
403
969
972
172
433
405
224
790
961
1000
474
663
902
318
880
558
566
382
901
81
873
714
3
134
547
776
302
91
5
739
266
717
779
771
778
670
944
221
262
627
501
408
665
100
641
801
24
584
120
214
127
561
182
199
371
819
252
161
500
390
645
89
639
623
155
83
817
896
203
989
766
642
823
567
651
764
418
926
847
71
970
600
181
896
493
533
145
16
439
374
963
221
309
9
873
198
896
684
556
51
180
572
72
122
18
587
854
907
149
54
811
990
338
800
739
389
730
71
822
876
597
397
386
368
150
404
148
277
519
59
110
967
392
245
526
691
921
593
568
341
110
248
657
357
987
992
479
43
473
542
253
458
13
12
320
334
772
417
253
505
913
774
598
124
63
917
452
705
828
466
686
631
208
466
533
152
140
305
170
3
225
683
438
657
652
295
306
875
85
205
860
58
131
26
753
843
767
258
550
514
248
229
574
429
97
708
518
312
587
599
175
727
421
446
742
910
37
373
408
150
560
71
407
933
183
488
49
750
240
673
381
