0358
259
60
182
767
183
293
695
852
624
973
201
780
738
696
512
768
852
564
833
263
296
496
934
493
238
123
385
652
340
299
507
46
690
710
669
836
633
352
394
33
50
87
980
96
205
546
596
411
762
93
729
524
308
429
113
853
565
93
768
533
656
500
907
947
924
216
783
570
870
281
139
714
237
398
144
599
169
139
371
715
797
939
276
877
76
409
87
199
338
835
45
994
690
1000
926
875
584
357
567
853
319
621
670
422
897
372
971
160
809
888
26
841
316
914
339
293
521
138
753
662
290
566
279
552
366
721
186
498
671
245
102
917
894
539
112
579
966
343
873
80
785
891
957
179
75
570
928
603
899
846
761
799
534
796
711
560
569
570
133
348
24
555
518
700
225
930
920
304
2
251
500
720
573
169
38
582
617
950
890
787
96
600
389
921
13
434
556
887
870
984
439
982
952
777
795
857
601
129
764
195
546
313
925
806
504
272
539
335
120
903
624
169
623
812
570
997
660
384
373
402
815
296
741
25
508
22
845
839
290
922
101
26
740
478
795
270
626
459
632
423
692
735
770
511
809
676
73
120
450
784
523
126
881
559
435
86
384
226
75
795
937
169
98
634
956
653
796
92
973
8
285
111
379
248
610
4
734
90
642
717
275
675
521
130
674
648
735
679
383
402
318
47
487
134
515
122
722
268
786
857
329
468
941
612
396
584
849
293
192
869
239
585
137
742
120
223
992
14
990
527
583
796
428
947
252
133
974
432
647
299
387
252
52
217
274
481
747
826
387
189
777
955
218
