0359
898
935
321
865
932
492
413
287
274
27
345
224
572
212
515
271
422
476
586
985
397
827
294
791
865
134
978
705
562
753
24
662
60
838
224
310
679
635
81
574
584
149
831
228
701
296
980
429
629
618
618
483
636
494
900
616
883
128
986
108
562
664
953
41
682
872
457
579
667
996
997
994
799
439
16
808
944
530
970
745
928
445
955
877
488
186
743
222
397
477
995
675
835
11
273
961
270
949
856
50
339
548
679
498
914
159
21
360
15
495
202
293
706
256
556
541
98
701
445
481
282
372
916
889
864
418
543
217
625
390
943
890
191
603
264
830
134
135
385
83
79
805
744
811
979
725
623
984
111
353
639
58
713
348
396
56
281
659
310
218
562
443
432
758
920
985
774
376
973
224
772
990
813
792
994
809
933
521
744
746
290
255
256
626
234
181
813
33
315
763
616
298
447
183
432
669
653
623
108
805
209
152
513
347
682
498
934
73
843
76
760
770
780
428
36
771
145
524
464
71
314
628
529
711
989
912
408
86
443
301
396
771
565
228
396
654
935
104
724
54
723
706
27
734
213
663
805
797
462
464
538
829
429
340
561
989
520
218
937
49
972
700
995
896
463
708
117
988
323
85
207
702
715
688
814
587
287
417
