0360
188
376
925
897
329
457
569
636
357
959
395
468
973
554
190
54
642
538
464
241
677
376
170
289
577
739
123
356
476
261
155
812
14
878
505
843
99
846
478
816
496
764
437
791
688
156
463
947
257
506
568
684
240
782
773
322
874
968
772
811
302
410
700
157
505
865
112
990
574
83
543
876
603
301
381
915
816
532
257
700
462
488
68
141
441
120
492
681
62
496
260
294
169
282
210
646
349
352
813
990
327
991
373
288
33
525
389
218
771
775
278
857
225
528
648
960
796
30
315
26
356
920
311
361
759
446
28
298
91
508
911
921
295
763
680
678
672
626
217
709
548
55
707
526
653
860
311
916
808
649
291
848
278
569
824
878
126
409
285
100
406
435
332
423
82
635
872
579
405
151
992
36
716
299
458
475
318
146
770
280
648
917
426
451
625
748
652
255
451
574
45
22
98
64
741
173
552
