0361
583
614
701
566
573
985
357
494
515
151
701
586
197
935
687
46
417
672
143
455
539
869
969
5
312
502
893
850
973
546
76
643
45
751
155
144
661
264
446
483
279
397
302
603
334
327
439
516
242
37
601
330
504
296
44
693
407
224
1000
249
367
80
725
302
688
188
5
55
106
529
496
552
683
506
229
178
868
870
233
386
747
685
503
451
866
112
403
711
845
198
196
536
771
181
315
973
333
195
312
981
7
45
826
589
377
404
913
521
326
319
927
971
19
709
852
372
387
713
598
31
657
871
859
833
691
898
729
48
768
552
702
433
527
325
914
331
918
989
940
9
794
295
379
84
779
707
537
25
44
112
227
191
232
372
800
420
521
61
430
125
293
36
289
461
427
518
337
447
293
931
492
734
310
331
809
24
133
993
731
652
486
537
472
643
407
484
900
782
165
511
959
241
745
17
801
602
939
643
179
227
921
72
129
832
6
12
655
1000
216
154
923
703
46
552
111
208
364
670
917
174
392
8
10
662
374
871
502
149
909
932
622
308
468
644
506
887
259
558
687
766
671
914
708
698
985
853
943
767
101
848
598
235
603
129
374
442
847
450
912
163
130
805
76
604
344
913
182
191
616
26
640
690
900
650
739
117
549
201
415
193
938
947
918
523
961
540
119
839
316
895
625
5
385
696
65
767
913
588
488
716
248
71
669
560
3
403
900
40
252
237
225
272
42
872
336
964
263
989
70
409
53
613
139
191
434
678
243
689
193
136
210
689
497
877
940
151
961
34
990
84
792
590
76
124
491
687
707
282
35
707
547
151
499
980
574
283
724
184
537
416
928
740
116
357
73
279
31
182
834
48
626
721
528
824
571
37
198
477
917
446
867
541
282
106
440
592
942
679
434
347
281
924
938
826
968
325
437
867
673
63
727
572
37
563
148
542
91
682
670
871
260
441
298
820
79
189
335
467
11
701
1000
586
940
397
886
8
467
511
86
930
468
810
229
665
636
333
267
42
524
153
844
363
766
256
815
940
364
645
814
71
185
799
848
418
487
734
711
205
845
62
980
127
175
278
443
129
219
912
984
56
553
926
