0362
687
77
191
824
723
504
922
473
951
652
611
105
370
405
368
690
333
976
771
805
644
13
951
280
171
687
761
783
888
356
287
6
892
511
840
783
832
185
336
340
362
12
837
672
231
325
438
327
468
455
231
471
34
714
531
329
440
921
609
50
717
289
235
360
558
611
956
188
289
960
514
756
248
690
873
627
882
795
578
959
22
1000
541
430
607
889
946
680
598
5
973
362
803
40
382
122
150
410
578
836
179
252
25
991
757
831
685
428
924
690
784
241
812
786
754
632
949
301
427
719
525
47
37
394
678
647
981
740
121
137
648
269
36
124
954
716
678
379
969
862
47
68
215
744
774
208
431
607
803
42
994
220
414
972
68
476
147
195
436
262
72
2
499
461
290
714
921
118
768
88
715
388
204
401
66
4
919
547
896
452
749
687
305
332
633
5
564
795
820
508
237
424
569
988
463
155
252
47
344
104
612
808
927
570
701
708
464
555
548
455
196
149
866
217
808
853
463
833
186
999
847
728
463
947
120
467
749
734
825
962
799
54
948
53
411
261
841
426
155
967
373
398
781
850
198
844
863
867
909
479
135
69
544
871
871
774
153
429
940
736
812
603
464
792
989
926
796
714
610
678
112
486
910
536
599
868
687
325
139
58
599
692
5
869
663
198
121
970
877
506
783
974
598
76
196
760
211
773
903
344
61
474
684
347
504
184
12
429
64
794
453
244
623
308
157
768
326
308
73
966
48
3
904
73
165
955
935
191
96
812
825
470
993
590
20
438
29
888
684
810
