0363
423
729
142
25
232
419
555
815
730
958
473
116
768
671
885
279
66
988
973
941
811
180
197
628
898
155
592
336
630
800
541
7
243
172
961
835
18
744
169
137
167
18
348
797
251
197
32
287
39
187
345
857
153
205
121
698
930
238
898
506
442
563
24
773
892
484
574
142
357
873
168
961
477
987
532
454
292
696
614
99
10
861
687
360
220
352
910
594
306
305
550
413
802
382
471
143
995
853
559
702
868
204
155
596
313
159
540
953
420
975
256
260
373
626
310
309
684
723
168
411
771
608
318
161
67
682
975
785
70
30
487
188
725
911
565
207
584
885
627
143
797
273
1
959
737
137
784
634
156
83
382
205
438
668
574
76
485
163
632
151
791
662
742
222
136
536
318
171
44
621
620
400
307
914
325
802
969
970
176
168
672
317
959
541
880
722
449
592
77
806
130
440
424
923
34
925
20
442
276
151
347
603
575
728
445
791
760
840
226
552
950
502
523
95
267
696
669
659
841
31
840
266
971
103
118
68
396
669
81
361
133
7
956
90
281
424
755
997
33
489
784
335
150
709
760
668
964
728
494
281
235
332
250
558
19
923
704
834
446
545
447
832
150
889
397
283
428
43
787
350
125
296
343
454
622
961
863
662
481
943
991
344
6
428
561
77
339
636
290
198
647
197
470
333
114
387
539
725
316
684
404
712
680
718
977
260
406
874
497
672
390
459
141
837
376
781
355
817
633
255
314
699
675
859
526
311
153
457
288
619
224
770
835
521
930
483
380
474
522
565
478
601
534
604
44
734
787
401
999
851
337
737
640
427
938
940
821
837
566
254
130
234
623
66
702
263
475
127
144
13
580
73
308
525
652
326
830
764
626
537
727
838
784
694
382
258
216
56
732
706
547
483
541
607
338
814
749
253
173
494
931
442
518
380
360
66
83
362
465
310
740
200
87
260
431
363
555
227
154
745
775
314
308
262
499
139
711
633
536
329
28
59
654
147
786
475
710
839
88
497
710
961
964
732
284
905
652
982
582
548
133
270
211
