0364
129
140
612
257
884
110
487
19
432
255
376
464
938
202
724
838
210
141
624
954
195
987
15
914
870
375
729
972
833
244
180
39
283
841
881
316
34
492
135
543
547
788
894
675
88
209
601
22
260
42
20
717
430
175
808
911
43
341
404
85
121
223
512
596
473
464
85
482
350
651
493
441
979
685
494
364
866
751
163
341
311
140
648
268
764
429
547
412
142
872
625
861
396
623
301
30
169
436
746
210
112
651
522
484
665
434
689
524
802
986
308
8
547
678
721
706
552
711
406
748
753
637
771
490
755
2
94
751
194
884
417
90
920
881
762
892
807
93
876
19
232
383
982
459
338
925
225
100
424
643
998
268
125
10
501
451
155
589
523
159
901
294
439
396
397
83
48
585
395
461
808
658
166
414
317
657
835
182
152
737
887
127
495
749
745
451
772
