0365
947
344
473
214
463
490
630
448
469
435
620
533
802
535
65
830
875
710
272
885
910
217
505
192
83
388
461
983
585
232
73
173
227
626
413
219
530
446
483
972
115
644
742
505
269
207
257
39
392
479
916
175
676
56
264
586
618
212
150
714
351
656
953
197
569
562
853
765
451
690
125
21
315
606
42
780
203
578
733
7
442
229
921
654
550
795
502
389
970
169
304
458
886
621
945
212
52
790
272
841
468
454
602
879
985
480
832
192
62
109
552
894
558
930
415
207
271
275
639
200
714
432
57
776
367
690
809
153
740
882
822
654
676
393
755
341
92
201
377
52
285
784
502
582
568
560
525
944
700
740
875
256
767
215
733
606
706
990
444
939
325
627
841
218
654
641
848
796
15
986
698
184
211
701
540
365
456
323
232
643
386
541
45
315
752
765
358
978
861
806
819
749
423
126
315
522
309
916
3
687
854
380
65
284
953
916
260
112
252
871
340
66
753
413
398
287
867
975
681
512
633
596
759
317
354
985
502
605
353
209
704
751
741
816
310
108
734
805
731
211
956
206
729
805
299
848
344
62
321
134
175
298
789
974
738
316
227
736
971
494
662
187
894
595
691
625
48
377
55
218
899
688
670
411
783
120
430
564
377
893
562
256
338
348
482
842
245
256
430
538
455
596
329
633
934
416
529
519
563
420
820
471
407
948
518
50
142
30
491
858
537
534
561
717
193
131
283
18
367
966
820
957
442
36
265
409
331
94
56
106
161
486
125
818
34
962
143
930
823
49
506
770
217
954
97
762
319
529
230
283
560
963
138
756
505
888
826
22
502
399
720
579
83
828
364
849
751
221
106
172
517
893
905
15
31
459
535
991
705
343
848
801
94
453
643
1
850
104
659
697
217
992
238
959
429
696
301
479
934
148
782
998
333
409
704
853
484
413
712
885
615
209
142
570
1000
251
589
355
50
65
903
624
136
234
722
433
277
760
18
974
386
5
893
