0366
153
292
552
141
384
223
315
638
452
260
516
199
59
932
536
453
607
164
256
831
849
854
659
320
685
698
445
42
981
776
203
496
30
830
499
454
965
835
854
445
828
774
902
923
106
421
381
843
730
496
74
159
57
259
899
680
776
690
397
746
852
927
753
93
517
8
433
183
542
491
226
117
787
842
802
269
996
935
582
291
149
917
746
951
481
272
338
983
127
447
530
178
846
837
921
322
186
436
437
443
524
694
760
676
817
364
966
705
514
621
398
552
858
90
995
74
594
1000
58
146
990
322
520
382
496
416
769
977
924
912
200
606
578
196
663
496
212
19
332
892
291
608
