0367
331
318
357
798
993
308
934
380
606
300
227
754
587
581
446
188
194
578
13
753
475
600
710
56
47
971
636
691
306
339
392
495
25
749
872
796
876
839
715
80
132
818
704
871
464
712
963
472
273
262
502
125
292
607
327
772
80
539
986
899
513
283
74
805
237
97
291
313
888
30
861
104
237
955
885
3
569
560
312
633
953
158
400
747
109
425
664
895
251
116
826
50
539
940
897
358
929
48
832
794
927
289
517
794
104
739
310
467
650
517
220
985
182
119
637
487
922
265
447
298
470
69
370
541
290
123
820
477
541
