0368
917
774
693
149
180
422
904
997
833
488
775
153
68
13
702
533
574
723
877
824
347
695
461
55
880
264
658
745
225
915
485
7
996
554
501
509
691
441
988
847
887
395
824
271
344
768
391
914
78
341
528
920
185
614
448
165
228
72
925
504
988
499
887
174
556
333
241
520
624
487
595
632
427
594
21
741
175
159
130
413
409
725
826
153
919
599
24
919
751
795
88
826
678
18
933
261
8
833
148
923
321
830
963
884
818
382
984
679
667
50
706
694
22
269
12
845
77
336
218
152
333
239
905
475
172
923
217
18
956
92
465
326
406
673
627
201
733
496
229
896
46
280
623
723
327
332
632
829
800
652
769
392
133
264
557
860
528
2
1000
250
444
66
761
238
328
530
426
575
409
733
110
847
520
506
905
50
646
335
220
973
400
145
962
180
202
748
630
431
160
569
850
835
653
912
320
723
460
969
97
554
464
865
2
516
673
750
862
874
725
64
145
257
690
11
714
879
95
754
918
626
91
709
625
228
627
754
444
975
284
483
684
777
116
284
635
29
47
931
22
834
644
996
41
437
517
712
640
526
208
658
544
631
355
67
61
826
84
90
996
731
443
177
609
882
432
308
871
363
514
133
353
331
937
989
982
666
484
322
757
212
297
92
801
334
566
41
59
133
284
138
809
208
215
154
576
733
149
886
747
549
923
156
688
613
509
166
399
1
317
190
799
217
372
356
304
280
640
805
45
507
811
151
884
879
654
788
967
218
401
407
337
927
310
299
981
39
345
672
183
677
183
151
170
49
726
878
30
600
46
843
123
821
929
21
650
856
400
879
887
938
393
899
960
660
534
870
744
502
33
76
535
859
28
238
446
622
371
103
791
140
594
264
582
665
76
547
869
213
706
828
343
476
793
783
294
617
257
948
883
404
553
722
117
970
221
103
933
295
411
979
143
286
513
480
75
973
846
884
876
173
406
87
563
577
762
647
230
396
798
646
783
796
37
814
806
119
668
541
54
449
676
682
341
529
46
980
199
816
937
473
970
910
841
646
102
474
208
938
839
342
347
86
917
49
710
155
57
281
691
506
318
100
751
459
946
708
132
944
145
997
39
365
48
608
829
804
805
537
730
532
694
