0369
540
326
852
995
588
417
653
435
689
921
713
320
205
756
499
175
532
563
16
324
570
398
154
191
612
17
42
385
375
895
264
617
425
376
138
530
374
918
696
447
40
403
851
418
676
706
550
886
130
269
697
595
25
186
733
193
884
529
790
899
780
445
627
623
953
790
537
327
583
907
264
984
206
371
146
889
168
423
133
719
718
201
9
874
590
172
317
625
660
154
439
200
121
334
618
250
266
783
495
263
188
774
161
126
415
511
312
511
938
949
103
842
578
991
570
742
229
388
465
222
296
629
833
172
175
643
793
16
424
173
591
505
929
843
181
886
847
186
895
293
292
975
610
871
351
950
639
613
973
958
819
206
741
511
101
519
764
428
281
948
727
547
648
229
313
839
532
553
840
639
636
316
206
241
664
298
879
919
965
907
378
79
356
779
855
482
965
64
720
845
197
851
775
726
6
113
974
23
102
43
574
90
684
630
524
306
625
708
