0370
213
738
118
378
920
39
869
187
638
567
992
615
696
205
150
406
490
176
670
365
42
17
499
362
563
514
709
51
618
335
526
789
150
91
206
629
774
717
601
510
583
221
175
414
865
913
272
18
101
808
556
833
620
843
234
937
485
836
271
199
954
967
8
40
91
642
503
776
945
798
952
330
313
708
9
980
527
92
662
246
51
244
751
68
831
140
931
390
141
234
867
261
149
214
83
111
288
28
30
534
762
431
582
650
764
218
423
122
198
258
348
779
368
536
436
994
189
635
131
55
672
321
848
808
14
364
744
273
847
366
902
495
689
131
260
811
223
979
789
723
151
879
665
379
707
532
572
945
171
506
891
263
414
555
184
183
751
178
930
738
852
693
15
250
932
154
537
16
634
13
9
164
672
157
463
201
212
