0371
872
417
561
158
858
553
634
396
63
741
825
292
830
920
540
906
715
15
473
286
233
863
539
442
330
418
632
237
948
924
460
676
966
658
495
183
284
457
812
850
146
365
873
635
217
842
75
815
146
862
356
820
250
845
869
431
466
607
490
938
318
829
18
211
185
291
861
829
572
623
715
947
335
991
428
481
371
781
363
160
64
856
982
465
761
855
158
41
190
129
69
25
369
511
646
178
532
375
608
384
373
928
228
689
336
339
403
271
296
17
570
515
826
987
446
83
42
157
726
824
45
292
99
416
479
913
250
188
162
43
657
855
945
385
32
760
761
386
219
59
407
958
