0372
501
212
848
832
898
456
583
577
112
316
19
604
962
162
639
121
308
38
266
893
200
310
602
450
761
375
963
750
135
462
119
871
323
535
299
926
441
445
897
832
650
408
416
613
875
164
536
927
925
580
231
237
332
267
521
767
217
156
227
977
502
30
684
602
816
314
365
584
382
525
514
299
656
529
791
336
187
934
945
127
280
16
248
629
561
363
804
409
523
955
346
811
974
598
340
969
211
138
354
13
360
707
708
118
7
693
936
410
504
193
768
613
343
1000
192
855
97
146
825
21
12
537
387
915
300
598
972
74
754
80
406
173
73
93
971
80
362
829
250
885
444
122
533
828
265
144
341
741
844
296
217
137
83
563
768
364
383
93
721
473
198
250
612
879
420
338
228
350
380
346
816
813
440
490
570
482
528
258
205
954
217
541
943
19
965
35
451
74
22
419
191
53
59
818
96
947
960
319
895
582
198
796
79
682
171
186
652
141
656
579
38
801
587
676
2
338
992
428
398
887
842
670
835
820
187
539
412
416
530
250
477
566
232
476
304
393
863
792
995
461
542
154
173
194
