0373
885
858
503
902
398
960
134
224
661
358
92
773
505
135
685
423
224
447
570
34
138
877
870
810
213
273
721
351
497
568
683
524
711
949
459
594
776
748
639
298
242
832
989
667
688
299
771
400
61
546
948
86
943
242
835
330
817
213
373
158
110
46
619
577
750
959
245
58
670
240
698
586
799
960
167
559
302
523
422
188
956
528
4
512
474
388
735
95
227
41
913
44
296
429
641
301
563
796
238
442
284
674
395
547
596
703
910
7
10
130
674
895
53
576
507
488
807
946
235
356
151
194
630
645
540
419
749
53
826
59
978
760
663
32
508
667
733
541
606
938
115
454
477
162
488
821
904
949
900
589
676
476
739
656
752
55
429
353
128
49
305
537
128
323
867
298
247
446
857
143
529
271
696
357
646
812
264
605
408
240
650
375
733
56
116
92
854
102
86
776
5
928
848
394
728
138
372
206
453
477
951
354
148
229
375
611
833
585
471
946
306
188
983
438
639
200
516
719
755
780
888
109
268
27
744
655
720
395
512
177
255
414
936
877
292
521
595
121
132
196
150
