0374
174
762
622
805
165
867
853
894
11
119
825
958
611
387
250
737
193
55
480
527
16
427
578
550
458
575
377
503
474
156
120
556
215
228
566
667
121
476
510
643
682
305
152
219
690
752
871
110
865
193
805
754
315
825
940
973
294
907
571
300
829
708
968
857
664
567
55
930
950
563
759
543
152
97
825
167
826
302
242
827
960
812
799
968
171
307
267
640
962
612
646
664
886
843
964
110
341
566
971
414
880
949
268
181
357
128
102
554
256
14
893
881
655
397
217
142
303
475
189
120
813
427
637
558
283
544
14
685
842
542
452
959
846
632
373
213
910
394
369
356
542
727
385
