0375
452
77
413
705
118
256
660
703
906
523
3
956
620
227
878
271
961
106
987
555
10
352
276
93
794
593
746
307
907
660
228
540
996
501
266
135
193
838
513
557
167
78
70
244
166
621
824
37
955
587
465
972
608
814
8
32
180
127
873
750
384
798
8
689
115
140
344
1000
889
407
898
955
848
477
157
71
325
989
118
749
805
374
458
146
605
138
248
469
721
670
475
260
263
199
797
364
819
245
188
528
277
674
594
431
614
436
386
967
973
541
430
719
285
359
254
430
533
136
941
257
502
988
344
273
39
242
658
771
674
860
494
908
760
604
921
401
690
78
292
236
115
266
714
695
619
653
758
204
309
843
248
653
177
104
287
676
483
57
914
537
493
965
232
345
862
410
985
657
534
475
12
697
176
69
1
159
124
550
790
483
180
690
362
302
778
45
170
180
316
366
906
925
27
689
139
289
36
411
595
66
921
840
168
70
169
975
224
394
975
147
177
680
591
640
392
428
222
979
217
796
843
684
987
895
434
776
268
777
486
620
483
787
253
336
245
10
495
404
346
938
917
410
762
969
380
669
360
82
890
139
752
351
309
974
569
461
443
394
824
232
395
146
102
68
175
519
239
730
435
496
314
143
313
55
750
562
985
843
460
745
110
543
183
786
574
928
503
420
427
24
711
311
705
371
606
787
293
768
366
220
928
629
831
3
696
322
209
760
670
270
593
963
772
617
538
778
807
105
763
566
498
576
229
225
978
480
596
879
435
219
270
457
670
540
932
771
366
151
966
509
795
343
347
390
857
15
345
484
617
433
763
112
48
764
845
263
36
614
575
442
566
693
139
618
938
876
327
286
479
212
721
575
965
783
624
701
252
567
881
505
691
