0376
442
625
163
683
541
276
107
892
837
336
974
689
697
656
672
259
642
447
226
537
262
739
982
847
725
368
2
245
158
504
19
51
134
949
96
973
521
325
133
342
534
958
207
447
344
79
384
526
146
833
166
74
41
800
306
382
125
760
38
968
566
317
288
292
415
460
977
87
304
147
824
673
321
564
835
324
346
776
755
523
895
125
110
25
490
261
588
360
287
442
52
927
404
850
200
400
769
199
99
84
56
900
513
309
354
584
663
920
81
542
532
893
424
511
671
936
687
846
431
224
468
417
624
647
596
712
577
755
926
608
983
677
568
275
111
879
228
610
474
856
977
654
286
548
199
596
736
427
241
36
653
796
176
146
913
59
245
546
112
451
372
914
401
947
255
784
275
261
20
2
493
146
842
202
734
834
668
701
85
293
79
504
177
149
269
986
441
711
7
692
974
367
704
275
672
724
677
446
426
528
542
435
361
809
962
521
782
175
490
783
529
989
520
35
555
405
299
348
526
620
160
191
791
631
890
3
714
928
794
529
632
485
299
382
505
533
335
261
574
608
840
447
881
94
508
359
921
618
240
664
854
979
898
686
133
833
114
266
219
205
622
790
789
182
673
354
588
983
893
618
72
170
322
534
467
399
619
762
484
117
595
12
243
448
711
291
833
106
869
536
647
493
756
419
940
631
756
27
679
597
748
379
448
757
884
736
72
694
756
273
663
928
516
237
604
234
742
586
165
273
240
538
410
433
518
757
894
79
675
282
378
714
502
73
139
337
13
814
269
12
450
451
924
211
710
14
294
958
820
236
998
653
117
112
560
749
271
685
62
94
195
123
936
1000
659
789
543
473
397
669
94
804
183
641
644
9
851
158
151
481
16
196
506
33
244
919
860
720
735
803
124
799
118
734
345
339
490
995
544
678
289
333
932
216
686
250
861
680
616
32
420
588
480
632
14
938
990
251
438
812
307
94
401
392
520
755
676
297
922
376
271
424
937
906
325
921
707
973
709
26
435
976
930
614
598
189
58
775
257
732
282
270
107
850
910
63
479
749
487
934
606
18
384
206
995
766
911
576
685
404
761
302
565
893
829
894
203
248
818
587
591
566
32
929
731
18
786
608
731
650
389
513
970
866
863
4
137
724
