0377
643
602
372
220
483
886
181
22
887
595
583
321
408
801
592
260
707
66
609
927
50
368
439
358
51
661
94
901
981
305
850
429
386
894
722
676
100
705
412
988
232
594
617
477
757
157
215
286
672
35
749
581
57
208
879
303
873
521
323
808
755
567
121
536
429
75
951
836
367
924
32
974
541
882
993
515
137
344
185
657
707
630
493
910
888
794
547
817
363
170
31
730
79
78
136
97
30
69
319
601
618
66
12
388
139
522
1
302
268
191
23
810
333
983
474
322
488
81
181
176
84
258
791
995
903
544
26
659
871
584
39
549
727
976
507
615
65
823
338
904
691
571
398
352
460
631
135
782
118
62
471
416
874
305
602
221
624
9
129
263
244
626
253
507
693
967
137
16
909
1000
772
604
592
484
602
984
452
958
217
156
29
194
282
957
353
968
847
115
771
363
841
146
865
13
769
644
937
939
849
556
479
81
249
632
661
945
756
371
66
992
235
176
748
908
433
687
170
860
698
257
892
881
555
367
565
414
221
503
586
847
424
890
299
939
978
714
419
848
566
463
441
376
982
292
456
970
124
688
287
619
300
342
860
650
209
304
914
323
321
122
139
604
429
284
931
884
109
648
366
955
982
908
327
665
254
436
304
392
27
984
362
774
345
153
741
545
272
432
187
926
554
230
254
490
723
498
161
26
426
993
805
898
914
974
519
989
115
308
372
508
990
982
633
356
984
947
35
566
392
885
182
257
610
45
792
883
219
497
785
89
271
972
501
602
797
972
552
299
275
892
534
672
91
493
670
414
607
744
330
944
593
692
204
833
629
823
379
241
887
369
297
692
754
661
948
7
945
509
522
410
856
622
128
262
429
446
724
735
53
940
918
195
818
712
377
381
144
332
306
54
64
685
864
513
327
921
358
163
241
84
460
125
801
672
581
691
815
