0378
131
811
463
360
445
707
606
344
869
578
852
47
863
550
849
674
65
546
395
548
225
961
591
361
747
733
26
60
12
145
453
499
769
382
355
334
149
563
198
204
383
125
572
499
584
123
722
659
333
634
521
587
648
642
209
434
919
678
976
536
664
247
662
468
860
862
524
489
363
949
648
848
342
603
875
154
277
185
936
651
257
720
232
262
405
940
778
866
845
512
310
719
574
104
858
950
930
306
882
899
118
376
567
294
795
694
109
31
568
325
939
201
198
961
668
643
313
986
159
808
727
895
598
800
479
42
428
107
698
907
950
297
549
986
96
864
5
658
75
653
183
766
864
918
730
92
761
489
355
372
1000
581
205
84
341
572
646
412
841
767
147
649
643
582
79
209
648
493
315
879
525
74
597
386
439
184
826
419
542
838
638
469
357
650
846
925
785
484
36
919
51
445
56
280
114
43
974
437
266
467
473
309
146
976
749
957
942
129
852
984
936
844
377
374
774
622
903
394
893
759
659
727
977
79
772
133
462
321
747
288
819
833
859
733
613
351
589
34
376
851
781
32
267
228
911
31
917
247
390
758
396
591
126
252
699
714
784
846
93
953
883
762
774
203
949
892
459
310
405
717
681
913
645
83
39
273
243
402
951
133
926
767
422
833
738
362
410
103
519
666
908
859
483
984
179
534
162
663
115
970
388
184
936
723
805
444
446
258
531
873
950
53
525
570
389
676
246
809
981
950
815
945
676
474
253
277
696
212
921
479
50
773
835
294
763
518
467
46
218
695
430
407
824
839
340
509
766
96
226
907
624
787
921
545
122
94
624
41
457
649
63
500
552
816
261
400
943
154
1000
943
629
718
763
455
498
159
790
196
574
232
640
497
764
519
431
937
300
509
92
511
54
603
243
664
493
444
