0379
576
577
470
124
50
626
903
482
460
685
115
399
33
456
411
509
787
700
547
136
33
250
439
80
548
312
84
711
59
934
943
452
711
392
549
681
618
930
80
226
505
898
9
998
986
449
689
703
93
71
666
548
682
996
301
713
141
132
542
685
793
6
187
574
843
468
803
691
314
793
538
587
58
628
162
89
557
190
600
405
191
231
13
542
80
407
976
206
789
391
727
316
92
867
22
108
830
248
531
838
228
553
744
125
810
672
294
914
452
483
930
500
495
445
112
516
514
924
313
540
152
227
123
58
481
246
997
490
105
658
465
231
35
385
713
203
680
326
847
537
476
57
853
14
616
787
214
891
589
361
423
64
934
787
535
853
183
576
74
238
965
320
657
727
651
349
889
441
199
281
961
586
411
256
138
477
280
859
871
330
194
474
760
853
786
460
560
183
771
388
54
855
801
403
206
920
104
742
235
53
495
635
991
534
97
761
790
451
49
724
799
361
79
949
948
960
10
314
506
433
670
537
370
653
671
981
528
9
329
894
247
456
79
332
354
833
304
556
499
527
393
736
515
143
373
592
715
768
632
142
641
890
508
783
81
626
943
800
724
63
