0380
755
906
505
388
692
318
497
782
976
217
701
340
443
91
948
868
882
115
640
615
108
411
325
102
995
29
711
68
763
658
122
268
951
73
469
434
947
905
582
666
216
66
800
266
137
632
193
914
171
976
44
656
260
550
394
617
386
628
462
333
475
353
928
858
243
186
673
879
226
172
315
97
391
549
370
805
23
108
248
5
460
685
720
178
88
495
57
195
276
768
295
288
76
578
782
294
940
811
716
77
204
949
167
911
168
321
573
555
627
244
903
868
313
202
596
822
858
876
933
927
76
365
171
733
189
5
757
93
713
294
639
59
873
876
314
367
109
219
764
999
621
895
570
206
615
454
439
466
297
51
145
562
417
478
546
646
602
608
582
723
432
434
24
111
696
456
984
862
17
239
551
247
