0381
656
752
105
587
771
147
174
779
317
338
899
319
898
357
877
151
592
564
528
86
563
779
629
502
747
232
962
150
760
596
973
186
374
972
17
270
873
381
231
186
414
718
633
273
594
862
152
587
20
446
561
392
515
914
764
196
389
982
727
628
694
338
970
151
911
19
301
105
185
573
411
491
313
4
610
693
734
647
212
584
746
346
808
425
367
24
88
822
133
620
737
272
376
260
113
343
980
879
982
168
770
497
467
99
429
831
835
438
687
736
625
207
59
67
28
152
916
190
789
331
518
595
59
256
318
553
283
256
563
662
675
293
238
716
734
269
722
515
436
957
232
64
188
484
459
78
58
595
927
581
992
803
226
946
208
99
481
177
965
670
105
962
178
138
258
773
573
311
241
337
579
276
132
824
50
945
14
475
425
945
934
764
26
535
76
953
639
148
17
861
868
396
770
197
910
530
482
191
554
62
566
88
739
795
667
301
259
762
899
259
775
322
389
850
607
411
346
474
891
392
399
639
701
441
725
662
766
276
174
183
945
554
79
530
152
284
219
530
448
910
557
717
3
510
565
873
154
177
323
737
388
787
258
571
56
639
418
943
801
219
605
190
812
504
56
371
600
232
674
394
869
118
197
884
375
328
491
268
16
496
584
816
429
871
864
889
118
229
915
335
317
879
378
648
988
637
851
816
306
364
121
374
768
950
978
647
695
72
728
904
791
215
290
681
159
917
656
661
344
228
304
609
621
63
487
311
788
249
215
305
