0382
641
240
486
965
795
677
18
442
981
428
191
987
496
317
995
962
726
203
72
653
645
714
486
988
470
125
796
614
675
722
442
923
559
447
988
983
205
56
470
88
403
564
497
187
333
918
335
317
679
762
219
62
806
461
855
827
244
37
472
731
267
113
769
439
207
491
115
723
4
791
305
27
85
573
404
29
778
466
27
583
864
91
714
876
832
867
3
124
249
482
466
604
438
329
529
995
454
25
541
969
172
575
999
151
902
799
607
672
940
417
595
333
78
679
460
745
661
88
395
77
497
907
610
434
46
273
453
324
70
670
314
521
369
424
317
468
592
687
866
644
18
773
523
157
149
161
553
865
615
501
200
535
775
96
666
768
569
665
549
103
959
720
571
215
983
259
77
977
575
187
863
472
410
825
792
695
566
330
260
425
8
198
766
645
356
53
351
786
700
432
338
300
130
983
970
962
143
804
224
19
379
131
981
136
48
505
353
947
222
607
673
804
552
545
12
105
245
476
545
527
417
664
895
76
453
729
102
686
134
27
46
962
597
73
123
78
834
514
985
823
158
833
432
600
192
600
634
107
579
460
552
64
764
309
376
115
700
323
181
510
830
697
579
388
909
323
655
664
33
319
670
407
865
84
156
600
586
941
675
323
407
36
641
156
674
91
343
125
907
491
497
122
760
526
107
957
50
225
399
816
264
276
239
598
42
465
838
327
736
625
746
219
467
255
606
738
445
490
372
550
805
747
614
39
23
380
312
543
72
450
79
17
465
126
895
173
494
119
174
835
156
556
85
166
483
128
299
615
90
869
587
978
676
870
936
558
188
387
397
110
105
748
249
525
498
659
389
808
102
960
895
180
379
572
854
551
786
628
996
500
380
549
239
38
663
267
980
550
617
281
277
612
747
68
120
346
880
259
400
549
468
640
1
843
978
203
57
447
226
106
245
446
393
49
595
34
989
815
74
561
562
170
721
156
96
364
817
866
992
871
333
898
983
92
997
821
629
436
651
327
825
440
823
855
40
3
68
145
939
103
750
10
666
782
872
73
207
89
