0383
578
292
449
736
431
274
659
560
320
703
663
533
333
930
166
316
759
546
853
781
598
959
157
551
969
455
240
436
370
156
684
268
862
562
148
361
489
113
985
554
245
579
992
257
874
303
928
801
192
326
843
59
180
905
322
289
809
769
383
692
164
729
67
580
807
512
793
172
786
304
103
187
409
831
608
749
648
563
333
316
177
636
489
70
106
5
442
35
892
562
283
487
678
75
927
171
413
306
939
329
442
831
221
955
570
795
458
851
864
142
577
640
390
246
831
55
858
749
932
602
534
901
369
285
543
374
214
83
88
554
195
400
56
756
583
343
971
66
847
300
182
468
386
805
696
443
594
543
122
859
286
843
41
846
896
736
565
333
865
996
292
198
107
706
161
116
941
837
207
445
466
388
97
515
761
456
683
239
892
267
93
987
164
354
7
734
308
903
713
849
718
814
86
427
285
760
759
616
880
40
308
24
825
180
136
407
228
881
58
771
126
524
604
482
589
969
517
128
466
57
767
163
360
104
795
350
212
699
867
32
58
556
863
638
411
300
882
893
237
875
168
834
351
995
203
945
983
782
104
149
633
474
875
673
487
265
827
806
577
219
785
485
289
133
267
100
540
572
584
153
119
670
602
138
257
648
941
945
902
770
886
353
152
402
569
436
229
997
386
362
245
224
27
849
398
215
139
420
211
656
773
842
859
458
893
453
201
301
171
512
209
268
618
821
224
579
870
767
451
11
589
543
5
811
614
441
964
254
856
986
559
17
697
258
195
93
760
616
58
369
277
656
77
997
404
233
305
430
206
903
208
169
504
17
87
120
60
364
321
236
517
692
682
668
242
779
691
127
495
884
956
355
638
19
2
744
580
415
542
318
443
535
1000
575
368
723
508
382
969
652
150
450
44
215
692
960
396
797
510
438
973
526
35
239
85
989
268
661
235
470
695
493
202
432
670
780
