0384
300
802
592
630
761
927
822
367
928
994
984
245
831
380
781
680
47
483
184
353
21
943
416
433
70
45
82
531
831
574
300
194
709
312
610
466
231
813
554
988
917
749
546
562
320
967
725
304
607
659
188
155
706
40
437
426
492
199
997
642
509
39
339
370
52
508
76
50
124
741
214
261
908
174
946
746
475
319
444
191
286
213
597
668
879
850
2
171
917
736
233
138
534
193
643
610
853
366
581
143
210
888
615
770
965
985
359
738
482
583
393
29
519
265
286
225
869
96
45
136
759
711
963
883
713
298
967
509
821
427
125
723
39
746
407
559
340
64
690
605
736
100
629
747
510
540
605
101
556
851
339
597
390
323
258
565
725
435
565
808
273
2
301
496
944
146
899
980
465
148
842
154
442
530
834
252
817
486
56
649
317
375
251
11
656
786
601
866
687
956
689
188
959
149
148
353
741
523
992
322
245
231
649
478
475
875
330
79
248
263
122
544
35
659
974
712
476
471
534
416
804
13
353
765
548
604
118
899
191
573
74
874
987
268
424
385
81
526
736
604
826
258
838
351
798
215
920
268
613
569
404
453
839
916
363
537
571
158
850
676
862
621
202
10
165
8
704
43
209
264
701
406
441
941
73
715
778
19
822
613
66
101
454
138
593
19
792
340
663
747
874
125
143
360
921
583
298
459
823
506
572
544
651
218
319
944
488
76
133
408
47
397
70
447
268
998
997
765
708
848
724
575
901
907
129
321
569
639
121
63
417
546
406
60
463
909
318
867
851
114
192
79
366
230
302
445
777
709
336
823
16
392
227
485
782
730
729
879
65
427
370
494
547
314
869
348
129
621
402
928
715
51
977
348
766
119
312
939
697
443
931
398
666
415
228
968
97
702
926
814
717
543
651
349
545
857
939
177
269
531
436
901
174
588
723
706
270
331
737
985
513
707
924
538
333
619
507
896
12
547
617
468
772
45
499
