0385
637
701
564
503
526
720
230
557
733
614
995
733
708
549
872
298
64
931
513
268
45
544
150
32
297
505
321
725
107
146
160
45
298
145
568
569
573
379
892
199
80
250
576
759
671
803
848
719
78
889
132
364
755
557
76
142
392
801
299
785
668
396
818
914
183
178
510
97
446
777
816
893
759
663
564
105
33
727
833
620
794
453
652
677
684
618
550
421
161
667
577
767
534
337
461
161
312
444
293
639
988
462
232
763
793
634
137
293
399
651
348
927
222
399
322
528
460
887
298
218
474
424
661
492
54
787
335
325
866
948
85
903
554
452
960
