0386
685
507
179
967
192
120
514
336
57
943
432
837
616
852
619
624
665
789
472
866
381
796
290
140
465
186
436
144
517
932
263
199
295
507
934
348
19
936
222
836
82
14
627
155
346
873
673
562
795
927
933
711
24
83
514
761
639
366
581
56
759
999
532
440
93
908
890
731
904
378
929
434
837
583
494
353
973
665
832
610
429
794
237
602
503
639
200
221
793
124
67
159
971
285
989
849
86
752
289
963
776
223
28
299
753
642
654
993
134
392
552
68
525
566
89
775
730
841
630
267
334
394
123
125
722
548
1
896
491
39
642
558
118
294
928
764
913
880
471
516
502
700
870
542
983
746
537
879
720
671
348
688
594
970
723
14
301
954
300
27
48
440
416
411
129
111
497
693
219
563
235
986
440
978
983
816
498
903
30
315
638
239
611
349
902
518
265
859
718
690
252
173
411
691
988
999
977
370
551
699
933
531
551
669
587
808
965
272
343
466
677
147
750
477
565
290
652
965
829
519
671
959
895
851
117
186
792
124
435
546
461
205
127
272
538
522
638
890
227
494
860
106
753
98
193
85
862
546
673
66
466
205
432
288
438
204
718
957
689
247
41
949
6
1000
216
408
870
31
410
880
956
18
921
343
246
684
877
89
219
243
424
267
783
671
606
771
214
473
495
579
467
699
532
29
493
638
494
926
567
135
486
293
47
434
652
861
273
690
666
447
758
807
633
558
803
969
175
38
243
344
61
2
605
981
101
659
245
354
692
963
221
148
851
614
329
983
771
254
567
586
235
899
788
833
363
949
712
621
803
234
8
693
179
232
875
730
355
982
357
14
750
715
19
707
226
991
740
34
86
285
278
668
582
115
145
841
90
696
245
357
764
108
468
88
507
106
686
300
548
817
487
884
271
801
939
117
767
435
856
293
732
352
304
597
999
694
252
587
973
470
215
473
71
289
384
883
308
855
246
490
774
47
5
202
97
285
138
379
940
346
402
90
750
384
380
379
144
901
368
440
666
695
703
623
456
845
333
889
520
21
722
455
125
131
827
688
230
250
987
34
906
225
30
781
891
517
341
188
786
262
691
483
640
714
252
316
340
723
314
868
460
456
998
247
158
