0387
436
723
496
477
624
690
399
527
514
446
977
293
211
479
932
8
51
682
581
627
506
866
831
716
94
853
993
592
155
247
887
805
675
216
630
806
302
811
242
634
476
756
65
148
895
736
486
62
256
321
646
889
5
470
541
937
502
188
870
621
420
331
297
444
580
805
208
22
235
70
635
103
251
775
657
141
510
535
100
121
180
243
861
186
621
737
354
908
598
541
701
662
311
843
246
444
980
285
84
360
744
735
640
110
178
98
542
844
850
553
477
116
740
290
662
520
178
73
986
195
318
813
990
482
371
874
109
743
313
430
606
828
968
250
777
497
928
592
205
905
781
869
500
456
734
98
514
