0388
921
766
562
833
231
141
342
7
252
368
952
489
432
608
791
894
521
940
225
254
93
324
440
983
106
221
896
359
177
949
652
702
814
209
834
482
561
1000
866
454
983
849
353
694
910
351
505
746
197
564
503
660
261
904
592
657
663
473
318
890
754
46
156
710
145
201
4
631
366
755
986
640
828
301
981
701
23
170
709
105
810
174
784
647
9
804
940
140
214
744
782
212
637
378
27
836
830
59
356
591
485
708
976
594
712
359
313
763
214
155
555
553
245
135
248
171
546
252
113
771
976
610
831
145
520
514
156
748
70
91
323
906
166
811
612
720
225
74
620
902
819
160
665
640
305
488
324
475
780
510
317
328
467
725
212
386
602
489
286
11
254
138
422
457
624
995
988
344
665
561
210
460
421
202
314
682
266
740
774
115
462
101
245
394
416
242
919
301
35
682
493
438
115
517
135
735
249
966
663
13
58
923
528
384
228
962
592
809
991
798
619
31
259
627
516
157
708
236
45
481
10
692
140
883
699
611
399
359
638
915
705
87
136
336
991
598
475
131
138
715
886
589
70
482
925
334
64
680
292
452
838
562
881
663
216
553
809
125
604
880
367
776
508
112
907
795
239
228
345
716
823
776
962
660
46
943
30
555
96
605
739
295
676
815
392
595
567
575
704
565
412
417
338
59
823
715
619
973
292
105
170
611
232
880
