0389
161
678
580
668
561
485
433
611
198
811
837
70
872
492
511
868
526
258
253
296
288
764
896
744
613
96
564
385
295
206
380
341
334
815
953
826
948
838
847
388
335
250
731
295
277
471
107
306
144
778
550
539
587
865
14
313
814
435
215
222
742
592
333
307
37
441
26
105
591
140
435
731
614
933
327
981
850
755
40
475
590
23
590
560
196
47
722
229
192
227
262
31
149
155
810
460
303
229
476
767
581
48
25
965
904
43
539
743
860
675
367
910
398
116
440
382
108
112
240
36
999
899
834
475
466
233
703
69
990
411
139
860
147
745
439
721
640
279
404
307
81
478
98
376
1000
672
310
356
609
715
561
928
905
471
722
611
225
95
868
445
301
521
266
110
124
54
436
434
530
771
456
707
159
170
640
216
830
141
288
225
587
962
69
913
193
998
777
931
954
415
500
557
741
929
388
96
301
583
400
448
942
971
871
962
597
227
851
131
963
934
267
763
415
958
45
867
886
153
893
