0390
366
659
337
45
150
353
839
463
528
637
714
278
32
553
628
445
755
252
405
22
652
642
390
468
546
624
816
914
343
346
575
81
839
275
939
112
272
77
473
583
789
903
72
65
938
92
415
492
733
847
454
633
917
116
893
305
417
237
753
34
566
424
905
166
141
720
57
343
152
327
956
308
919
108
905
645
275
153
443
214
552
489
17
155
283
527
94
64
460
493
930
886
522
318
699
587
461
584
84
803
394
624
1
679
253
471
860
968
677
550
481
169
400
222
416
49
939
389
740
527
51
936
617
714
636
271
916
197
153
626
130
223
224
733
419
376
505
794
670
557
420
198
605
506
351
319
901
160
193
665
307
200
452
153
326
47
348
444
40
788
233
660
684
746
110
630
243
744
642
1
174
224
183
509
434
771
444
898
120
157
55
814
866
19
963
613
428
804
892
425
550
918
82
858
371
654
328
518
683
501
624
114
487
666
958
651
311
385
29
350
476
287
165
130
428
96
53
722
976
447
204
756
63
196
617
588
798
85
999
182
433
666
956
405
460
715
836
691
128
72
619
741
756
694
948
433
729
180
762
548
418
934
881
155
836
573
798
608
628
680
558
223
756
513
408
869
86
875
915
206
623
482
780
754
357
548
218
528
282
350
