0391
539
191
996
477
107
183
342
381
453
928
62
553
168
957
19
711
198
121
908
307
846
178
338
398
583
60
702
255
217
769
228
5
498
957
111
711
132
751
567
290
397
993
944
532
996
625
248
825
307
496
660
620
751
962
414
586
542
93
798
616
488
459
786
395
951
930
119
189
116
593
131
286
847
380
579
380
505
688
181
890
455
410
268
899
988
324
842
744
374
955
32
70
648
823
380
740
403
361
78
890
593
294
485
161
294
489
462
161
352
78
413
497
924
426
14
62
196
407
46
790
37
377
228
93
959
850
263
313
25
431
869
630
80
798
71
875
45
131
444
513
816
372
181
187
656
806
920
864
165
944
220
699
57
353
69
966
404
324
758
877
42
401
503
403
576
128
583
939
870
614
947
805
345
657
549
162
527
968
226
566
548
861
711
752
253
16
409
142
944
642
201
744
242
781
602
91
300
733
502
714
241
525
410
701
206
576
89
596
413
131
101
458
588
654
194
247
478
632
785
499
230
995
398
317
878
422
545
903
912
930
518
240
511
513
214
150
527
212
30
496
692
385
255
456
995
822
879
81
234
2
740
547
649
544
875
27
494
301
78
785
514
788
224
537
473
610
305
370
48
919
752
978
505
560
165
341
55
219
869
401
15
883
640
933
384
944
683
12
487
975
14
941
877
829
483
708
969
657
819
40
642
181
509
240
710
377
202
351
961
555
876
489
394
296
373
490
486
958
601
142
902
98
742
352
922
469
809
517
174
64
194
735
807
829
727
473
101
813
508
756
386
182
436
517
456
797
383
956
63
245
810
88
742
747
767
63
305
215
260
334
982
362
208
649
763
821
891
180
166
358
120
262
520
641
672
863
847
79
919
595
565
949
473
605
822
94
411
600
784
644
641
192
852
419
410
405
821
811
869
1
132
961
907
79
238
957
657
56
