0392
639
349
568
644
625
111
599
475
467
840
793
718
187
467
632
363
990
618
924
747
512
999
966
798
778
97
588
792
249
219
216
792
194
921
879
548
875
499
286
703
82
663
735
574
893
105
623
746
997
947
220
787
724
946
597
788
349
782
331
653
317
173
466
882
774
714
237
205
916
697
999
706
488
64
738
739
495
866
846
829
795
504
357
680
628
592
214
418
45
609
963
347
209
51
786
281
53
395
329
304
587
946
96
983
291
980
23
936
232
273
607
21
400
9
95
752
609
676
119
554
425
679
173
273
360
441
168
158
116
413
680
410
207
224
140
118
266
384
837
58
424
959
965
752
117
862
792
284
785
183
627
914
314
56
127
625
927
986
921
527
562
712
502
668
961
208
534
877
516
589
812
74
871
911
869
410
985
318
924
405
313
343
151
240
