0393
645
846
19
559
740
268
134
109
131
466
150
866
456
327
315
800
785
659
299
781
224
167
370
649
888
492
818
14
975
65
989
923
964
995
363
995
949
611
584
660
389
315
816
863
202
972
164
314
199
550
857
548
505
258
961
206
778
6
943
64
670
24
887
72
819
192
902
967
290
805
423
924
594
424
129
538
696
858
140
911
382
791
805
327
530
397
439
765
568
318
584
685
539
902
70
799
507
329
590
188
363
651
218
846
837
508
947
766
106
15
16
735
144
213
234
455
492
186
394
86
553
5
749
5
460
238
827
829
122
399
903
623
712
806
31
852
846
341
283
692
752
726
217
404
177
538
813
445
852
158
778
971
226
151
806
696
973
84
191
551
230
838
123
226
999
174
655
304
292
115
970
948
672
606
644
417
429
553
889
859
573
617
614
525
708
758
161
146
705
864
651
940
707
689
265
281
744
287
763
55
914
71
403
653
240
158
114
112
815
230
847
536
287
