0394
229
698
510
396
526
28
168
513
224
988
318
33
4
615
648
651
279
651
142
87
406
463
207
83
641
723
174
801
82
867
986
369
30
981
382
489
88
48
334
717
358
522
705
117
103
917
536
939
209
122
378
303
112
81
596
613
30
7
699
391
412
742
761
630
575
323
971
372
718
164
312
791
735
804
736
776
611
753
106
141
399
26
851
14
838
339
315
29
861
374
801
757
748
853
417
183
898
511
942
302
300
592
977
288
629
955
646
753
908
733
944
613
337
83
82
369
56
194
692
690
787
623
460
266
199
776
956
391
642
570
169
436
845
890
730
558
521
553
34
295
919
922
360
778
516
562
471
716
