0395
726
607
461
784
147
729
368
734
410
219
726
455
228
605
922
792
803
158
515
553
393
469
632
556
561
618
511
560
207
826
126
350
531
331
544
985
315
221
611
967
126
595
853
763
743
991
639
119
998
85
15
242
696
678
687
290
512
965
142
415
390
814
804
636
260
471
60
139
746
993
636
181
79
124
431
634
625
342
847
327
87
54
954
755
86
814
431
235
737
569
669
760
686
306
987
991
943
474
904
506
92
330
911
340
18
659
931
930
548
456
611
275
224
147
751
908
592
604
58
887
650
702
321
707
10
100
952
563
124
857
527
925
428
289
675
328
364
973
529
567
156
136
340
906
395
19
441
596
331
359
338
742
625
633
137
582
839
995
213
635
542
234
913
33
371
362
672
940
956
809
686
285
204
509
518
522
951
701
167
859
851
305
427
265
431
934
677
598
428
896
289
557
730
671
766
688
649
485
399
470
667
639
353
670
619
314
109
332
660
340
392
688
814
323
491
173
98
676
509
527
546
766
294
841
739
435
784
960
944
835
914
676
427
177
138
886
272
485
949
258
8
568
732
86
370
177
855
136
270
224
409
803
340
437
572
800
306
60
573
781
751
450
990
460
909
200
529
937
997
527
738
473
394
22
99
546
969
909
176
212
279
607
564
531
100
706
512
317
611
357
846
645
702
308
714
338
761
767
147
391
627
829
821
943
18
957
506
415
331
330
522
909
387
20
250
537
107
400
557
686
611
75
502
428
978
329
959
107
43
563
229
324
487
149
160
553
780
303
888
322
833
331
130
735
180
78
903
559
340
329
360
71
794
370
896
548
502
385
490
560
403
341
869
258
911
306
240
13
442
305
296
735
913
795
432
771
528
658
145
570
930
573
29
773
802
339
983
842
438
379
268
539
221
262
637
387
248
158
507
356
235
