0396
747
158
734
492
208
740
148
109
555
860
241
398
132
540
751
306
744
849
793
545
593
517
533
151
660
166
461
820
833
689
110
382
421
665
93
782
191
518
941
590
580
125
758
236
58
422
961
49
383
726
208
676
314
255
765
316
280
875
580
685
165
356
898
395
130
708
642
813
315
405
874
109
105
849
7
634
881
417
483
551
726
751
67
583
170
109
24
47
425
957
163
651
176
976
555
225
237
598
289
76
963
95
308
922
426
327
760
859
616
774
687
746
141
23
630
463
551
19
744
556
488
441
227
985
980
5
185
330
652
15
373
63
166
870
564
67
512
22
725
987
106
424
637
648
462
736
15
10
752
771
162
655
509
360
421
46
7
528
579
431
453
650
984
749
486
382
94
836
786
486
587
954
495
482
756
