0397
513
769
216
320
745
418
523
401
67
272
494
287
786
989
943
614
529
570
366
830
480
625
190
187
856
572
568
519
512
640
503
818
430
105
582
735
435
339
970
642
617
719
493
399
43
989
349
982
554
675
188
785
624
866
548
982
156
102
617
15
723
36
664
431
939
820
705
222
890
693
121
138
792
424
162
809
446
808
806
746
794
982
186
378
239
209
184
852
854
515
219
740
964
538
317
64
283
732
748
441
745
86
13
215
778
382
161
459
207
213
77
549
379
282
929
862
735
105
513
873
220
719
781
48
25
452
330
285
932
925
610
33
379
382
963
967
257
980
229
565
59
494
944
565
860
125
716
745
177
61
246
654
10
801
763
464
708
175
244
460
948
584
154
600
557
497
209
837
448
737
814
461
159
174
276
424
861
958
740
359
729
478
64
839
230
578
679
539
746
175
780
623
853
971
436
