0398
649
928
724
915
751
200
581
320
98
39
720
504
646
436
96
654
514
278
690
375
770
964
537
63
911
98
772
724
424
15
99
436
622
817
431
201
530
985
863
583
685
707
348
995
723
415
669
700
461
740
309
149
763
6
148
874
887
972
826
213
927
909
726
896
153
113
392
255
851
428
652
108
308
211
97
336
46
316
730
475
631
548
813
222
36
854
306
316
428
803
171
630
776
866
916
86
332
922
637
125
396
850
141
377
743
504
446
115
919
484
43
495
952
21
666
7
612
467
898
786
375
797
821
539
175
661
534
449
386
374
667
898
341
195
479
68
441
572
471
239
150
999
317
536
398
731
202
821
425
50
765
398
764
655
970
217
743
310
424
810
350
934
240
833
11
730
725
804
374
842
799
20
174
751
834
446
336
776
589
546
69
181
677
629
523
552
826
768
