0399
830
968
407
794
66
49
886
699
146
951
604
527
664
105
104
202
867
287
511
778
366
671
802
470
406
865
79
436
491
800
266
101
245
964
450
378
597
108
269
999
72
3
455
685
866
642
947
8
606
955
874
312
738
793
516
115
161
489
872
956
42
93
297
998
346
918
722
966
355
79
89
69
656
455
2
370
837
216
106
332
312
240
921
264
261
430
858
258
686
879
906
207
295
192
447
83
669
88
53
798
615
917
63
813
604
269
655
942
283
169
1000
945
675
523
798
363
245
902
391
755
206
258
429
600
66
584
95
710
389
663
360
836
600
737
85
20
154
650
697
851
197
704
422
83
554
583
179
622
286
365
147
406
663
217
541
1000
910
521
744
669
645
366
830
853
135
581
67
596
374
858
238
456
88
596
120
983
336
274
550
481
5
955
150
415
826
481
910
148
568
584
461
342
455
903
359
697
170
343
238
558
356
468
341
870
564
103
405
910
979
487
527
817
730
538
734
524
677
364
780
504
839
208
987
498
391
680
768
602
17
725
194
770
412
329
853
299
115
79
786
400
158
505
717
361
322
742
850
129
203
629
199
779
142
170
775
348
406
977
811
198
577
489
505
170
520
527
272
830
693
584
686
91
658
63
154
108
737
662
679
210
394
769
876
792
807
508
618
882
433
216
505
997
502
647
329
730
132
537
617
697
861
249
497
405
61
256
293
132
462
614
223
486
761
405
991
340
468
619
989
474
354
664
747
890
855
718
594
684
590
20
392
519
416
259
509
281
997
451
402
735
91
722
364
100
345
108
572
371
735
702
837
335
894
944
520
601
576
986
920
103
334
393
932
734
663
197
529
306
120
997
973
96
229
946
594
707
95
894
439
358
77
371
240
371
148
288
745
344
405
13
215
188
178
959
501
584
353
51
732
550
850
740
549
869
442
969
61
326
312
311
658
607
785
714
909
624
554
848
253
326
130
511
419
902
956
494
414
193
851
884
223
927
836
418
714
392
148
908
386
473
635
75
983
772
859
433
866
438
771
728
606
483
912
799
66
623
203
824
207
663
209
366
519
332
401
330
225
179
956
345
