0400
246
246
205
562
526
227
871
496
908
377
551
437
583
460
976
8
240
883
197
410
825
439
995
623
800
790
179
426
231
207
614
475
438
961
716
934
340
885
431
733
807
487
456
799
790
727
147
513
8
174
762
113
625
15
270
430
601
735
699
124
484
850
351
312
905
24
617
893
9
454
237
647
580
121
450
592
753
170
313
617
959
661
831
938
950
631
122
724
310
769
687
555
954
76
533
913
188
290
452
460
346
414
98
755
9
638
136
797
959
755
911
325
830
153
208
310
549
203
535
666
113
816
309
424
935
530
580
297
22
169
964
164
118
338
252
567
433
106
234
82
543
112
950
2
892
6
948
976
666
