0401
741
825
743
939
629
477
24
886
558
197
726
225
903
5
259
685
975
94
116
543
156
701
503
856
15
634
929
511
287
797
690
409
100
346
235
22
410
186
248
644
820
712
653
406
101
752
128
769
415
817
575
373
951
899
16
122
387
330
401
984
932
853
449
125
671
149
340
996
183
666
827
40
158
493
698
393
374
599
231
466
344
861
234
99
748
425
633
927
626
430
970
242
397
886
604
169
2
699
696
1
738
607
658
531
799
652
731
508
392
347
259
185
768
791
562
215
979
342
646
360
281
421
704
21
734
649
182
369
678
514
374
708
639
380
902
347
194
934
924
463
495
321
846
570
653
994
896
558
63
767
399
934
844
151
181
157
190
553
601
188
897
13
714
68
804
920
667
28
636
112
262
6
924
871
703
53
741
915
44
42
368
778
615
391
875
614
23
418
372
917
954
96
957
924
95
940
743
675
296
611
508
172
884
476
80
256
34
85
434
767
168
645
335
112
239
222
781
272
949
622
748
290
106
860
303
543
732
789
844
588
420
187
424
745
345
426
301
462
534
325
816
211
569
840
154
979
912
514
743
149
328
199
46
808
220
447
913
639
500
654
831
857
245
470
608
209
813
334
694
23
796
219
164
148
397
407
845
961
707
789
408
758
468
781
625
759
226
642
690
803
772
808
619
905
937
591
9
749
181
70
743
941
136
350
434
576
688
906
774
541
218
769
208
499
519
168
912
126
358
688
478
8
264
786
32
32
404
975
695
753
602
119
59
626
781
549
230
368
89
136
822
752
70
303
271
388
532
774
37
474
596
337
323
469
171
207
624
524
544
36
284
396
977
68
116
367
240
227
605
657
434
614
86
255
872
218
756
266
426
573
807
765
179
982
746
518
734
303
758
100
748
913
451
925
884
211
641
357
434
503
577
115
439
297
950
863
152
84
626
848
276
365
578
601
975
166
643
125
860
175
388
592
215
85
930
883
884
674
823
492
992
628
202
723
910
447
154
78
117
570
921
912
927
600
636
696
309
484
570
292
942
261
84
889
669
869
16
748
683
35
604
787
85
10
484
396
471
498
827
749
809
85
300
