0402
457
394
950
574
219
845
392
147
481
706
980
885
423
682
545
845
80
382
433
800
449
52
864
919
860
707
291
821
391
977
481
624
930
330
914
453
929
447
230
367
228
455
364
534
556
711
6
20
730
988
278
532
371
411
985
528
351
845
187
127
224
523
447
703
236
94
186
565
112
54
594
920
180
497
267
26
336
601
184
436
218
502
822
894
674
282
321
57
477
121
387
46
460
698
96
848
543
467
447
474
267
316
562
865
66
392
535
619
616
622
664
926
472
154
243
201
727
282
985
974
940
118
705
897
619
130
24
610
944
88
472
816
582
439
972
140
786
207
36
670
886
784
730
63
650
988
257
428
794
146
1000
345
376
555
536
177
437
302
777
995
328
178
282
3
62
77
700
256
351
313
582
160
832
29
594
635
401
518
804
967
950
269
783
758
474
241
997
374
196
323
338
918
896
364
327
397
666
609
583
151
771
510
504
658
442
944
385
625
924
83
108
68
471
273
155
697
906
669
651
369
600
492
34
844
972
885
257
45
16
275
477
33
277
962
387
428
77
502
900
128
433
381
789
893
846
252
745
90
256
498
698
429
530
581
920
572
979
515
339
121
346
8
631
776
149
532
813
490
142
597
239
802
439
469
933
133
247
707
465
176
690
662
303
601
302
3
584
649
229
883
547
505
29
895
412
614
40
472
938
583
661
764
128
108
523
139
89
181
853
427
759
486
783
586
635
200
205
561
861
615
106
647
932
181
363
457
701
28
655
901
865
932
459
172
434
989
284
19
978
150
337
555
320
464
721
245
920
779
281
36
475
762
251
183
109
295
30
533
457
583
827
668
705
336
965
717
515
582
525
744
652
230
862
374
102
421
434
934
445
574
131
571
574
73
798
544
89
865
686
619
821
623
552
255
853
148
526
641
688
493
847
738
820
601
923
70
798
20
769
880
285
49
35
568
713
495
855
416
90
322
244
175
586
659
537
225
710
139
528
365
749
628
504
91
659
775
817
666
327
819
114
172
502
828
894
716
521
496
893
219
703
524
504
