0403
566
976
71
258
728
291
449
258
740
792
622
949
119
522
844
749
751
694
624
644
115
865
153
207
505
460
54
688
670
927
635
414
299
764
561
33
534
670
564
795
299
583
154
308
727
681
29
338
779
489
241
232
417
149
861
8
278
459
87
250
482
493
767
908
199
163
70
925
123
448
737
454
564
978
823
323
647
75
714
930
891
668
756
530
486
259
191
812
815
276
315
909
883
988
872
796
455
562
6
934
388
101
999
496
899
574
665
549
550
937
537
777
460
610
562
971
239
835
491
879
807
460
539
316
34
242
928
383
702
805
766
385
633
836
274
669
341
194
723
704
864
269
805
738
951
276
198
360
87
66
370
900
704
525
791
846
546
853
673
535
554
185
597
427
205
68
850
147
668
73
763
625
956
983
86
555
354
714
83
70
552
778
496
995
507
556
183
461
172
372
753
153
575
99
639
39
516
937
145
233
389
781
926
604
425
22
187
729
511
139
142
911
753
776
286
438
638
564
680
798
256
657
687
13
569
225
212
296
886
349
205
669
395
770
749
823
693
966
341
315
504
466
440
35
301
23
811
157
33
978
849
433
164
652
461
510
594
92
685
772
361
287
1
178
412
553
192
82
779
123
411
244
645
62
412
508
794
993
193
667
863
970
881
435
95
955
776
990
802
93
121
299
392
543
214
49
965
434
307
382
631
804
999
135
764
987
383
963
974
36
477
793
