0404
443
474
347
495
29
73
113
758
145
677
817
308
595
637
77
146
652
196
749
185
387
509
317
316
773
284
932
22
585
300
161
970
594
368
624
36
381
150
821
150
704
202
25
492
266
547
159
983
53
433
636
373
216
636
65
557
486
433
226
719
919
330
311
711
145
591
704
467
485
185
374
65
690
350
127
537
347
330
994
62
876
608
126
861
288
444
548
996
406
10
617
924
521
843
300
317
544
834
841
190
697
695
432
874
156
208
85
439
342
722
252
962
633
326
375
930
751
435
115
854
497
862
703
316
199
405
758
646
212
856
316
810
238
356
561
552
442
683
88
388
581
526
872
167
698
872
649
927
123
923
164
321
352
184
972
885
777
414
49
724
405
990
230
550
256
195
229
123
140
926
960
573
269
206
787
502
231
132
214
784
578
585
666
218
676
689
31
633
933
487
491
992
78
533
675
633
196
527
38
126
367
197
43
95
825
503
911
699
448
497
299
614
252
972
60
128
843
762
825
562
510
659
32
32
