0405
32
710
774
902
214
858
19
670
324
898
22
312
422
877
289
619
105
376
430
407
840
583
489
96
15
692
422
514
619
81
885
66
732
803
779
243
188
780
146
820
656
819
298
617
179
844
469
976
374
541
518
411
473
378
507
703
761
621
582
218
387
360
911
176
708
278
31
954
844
892
843
222
151
617
68
388
863
756
210
147
771
717
464
186
673
544
648
60
177
462
544
781
754
599
224
585
680
448
374
342
924
922
751
128
439
237
821
939
77
816
703
728
441
985
972
313
626
280
86
883
197
620
404
751
43
354
452
838
74
862
692
471
968
20
930
918
918
24
129
849
20
183
562
499
664
391
781
648
84
93
474
859
594
691
252
928
380
885
312
351
902
543
886
68
421
197
567
702
409
346
448
495
32
558
222
46
865
456
777
879
261
473
980
190
872
837
239
605
446
59
551
380
67
609
561
617
73
618
660
800
13
87
85
103
440
329
893
528
936
216
460
884
278
461
618
712
979
747
869
735
351
739
243
724
183
85
663
698
737
412
953
113
273
452
401
222
836
452
432
74
593
718
733
667
427
332
146
768
442
961
425
580
780
599
328
235
577
620
738
367
455
251
451
434
578
947
302
965
727
837
109
498
602
436
758
126
527
869
856
822
784
