0406
692
568
676
693
254
597
609
162
695
526
349
14
858
113
541
443
107
320
967
493
884
26
637
821
953
129
726
274
910
673
385
753
251
194
754
229
841
521
344
134
562
611
160
884
216
439
605
712
927
474
308
418
396
429
352
155
180
552
854
177
237
849
537
965
418
916
658
748
654
247
401
202
815
23
477
843
134
920
248
935
936
446
461
533
659
145
70
736
389
711
990
506
482
350
531
813
968
441
857
362
304
572
692
438
252
57
396
126
958
330
376
790
150
651
439
692
410
934
266
677
92
651
614
74
826
930
169
546
648
276
458
570
967
493
560
74
516
408
886
90
582
336
64
929
463
815
66
619
696
715
989
456
56
808
579
625
887
558
457
648
803
171
196
378
777
27
587
312
253
268
330
234
279
699
618
80
441
792
206
157
744
668
709
904
258
228
720
979
212
740
22
534
809
510
139
156
994
525
457
959
1
203
596
377
171
891
564
678
682
626
690
53
508
162
45
297
504
834
919
447
12
633
611
191
937
763
787
207
48
146
288
775
621
498
951
558
493
53
801
853
338
653
303
197
390
430
139
656
856
657
16
888
185
35
428
