0407
687
675
847
435
353
981
121
132
913
746
562
293
269
733
233
486
234
520
772
133
632
528
301
352
599
552
446
602
252
113
47
654
556
67
632
972
396
673
418
429
782
87
254
273
433
108
289
680
970
820
728
42
976
577
335
283
557
195
567
233
425
609
485
60
603
377
575
566
835
557
237
489
950
769
415
719
121
701
628
500
273
686
381
854
575
165
541
12
479
534
371
411
358
473
571
169
61
230
35
448
556
28
323
741
574
771
894
828
797
866
971
189
776
210
203
465
651
555
869
411
66
279
169
500
984
843
458
692
237
483
381
397
629
478
759
387
357
590
205
298
339
597
294
601
715
21
887
745
508
401
419
290
358
