0408
125
284
309
276
285
610
264
334
439
2
608
612
892
313
207
629
956
513
834
989
215
622
56
112
871
77
736
521
570
226
772
269
654
831
286
654
511
749
679
22
497
69
849
68
311
892
226
652
672
103
844
206
890
100
497
516
351
829
505
490
580
412
666
26
602
435
789
613
129
848
10
330
501
248
326
23
458
495
204
965
263
307
837
41
343
205
234
700
637
837
51
240
851
965
774
807
693
917
252
689
767
775
40
794
391
498
933
239
828
646
273
174
966
415
428
692
346
909
710
826
954
73
705
323
611
396
33
456
85
925
759
841
30
574
830
40
436
107
615
518
701
412
550
140
267
104
9
786
234
972
885
567
726
896
75
101
393
163
273
887
696
774
877
477
387
824
662
944
324
133
932
420
539
63
909
365
