0409
640
22
811
536
190
829
584
707
104
757
239
663
876
489
387
287
469
766
900
390
244
994
870
23
427
991
944
462
535
364
690
203
401
591
534
195
582
388
398
443
856
413
636
317
22
636
374
541
487
398
366
759
328
626
40
562
389
326
412
352
829
601
656
124
584
250
507
136
644
882
224
915
846
402
808
789
658
855
889
996
77
842
334
661
723
690
889
881
920
827
425
132
101
747
198
741
383
428
251
478
634
509
341
328
275
402
888
744
754
966
42
839
214
884
838
100
464
810
561
471
653
461
368
977
350
960
852
632
541
394
724
384
789
580
354
360
636
195
947
77
517
442
679
93
280
541
838
90
251
457
990
551
653
687
755
345
304
706
992
351
759
15
621
960
316
445
634
62
720
67
769
250
552
528
829
560
67
160
766
641
962
462
827
768
721
298
250
911
169
898
622
345
998
487
528
345
249
440
206
231
489
918
418
603
480
910
378
529
572
463
570
714
300
282
77
466
280
550
48
370
945
550
933
421
214
759
174
87
665
116
32
295
901
945
809
294
161
813
181
965
336
394
794
978
944
408
970
814
796
819
383
392
13
910
820
883
701
482
185
907
341
12
972
84
505
68
415
889
988
279
785
480
422
169
525
137
864
999
995
514
200
910
348
477
715
292
47
678
484
473
75
750
383
444
404
180
877
335
832
36
230
524
660
67
395
4
968
354
858
960
426
735
67
650
999
600
370
962
242
516
69
107
440
378
806
154
603
711
570
421
129
446
606
316
517
122
55
915
659
434
199
682
938
687
337
114
507
906
3
130
129
709
509
758
652
403
91
554
362
850
48
811
425
52
341
612
594
377
192
780
467
580
140
853
635
606
723
343
487
81
433
470
368
3
143
47
462
152
634
695
259
517
248
485
385
500
675
747
428
763
124
184
906
632
288
693
528
51
330
274
773
533
278
90
876
198
797
477
557
631
506
181
367
949
335
988
676
70
201
630
427
761
51
741
619
154
866
822
120
349
168
520
557
867
120
983
539
838
259
465
600
637
16
717
996
917
353
183
206
811
53
260
29
949
317
261
508
697
600
391
302
224
694
362
356
118
671
750
264
380
170
391
581
671
547
497
463
982
448
504
812
60
