0410
382
858
504
810
142
894
104
569
565
852
336
870
875
312
59
299
147
815
708
658
26
350
309
334
227
743
777
160
524
239
515
470
296
203
734
354
87
567
799
193
786
516
222
729
245
322
718
384
266
957
507
21
452
410
957
435
138
994
935
789
178
996
416
48
275
377
344
376
887
652
194
479
336
714
30
680
10
356
991
466
543
466
17
917
308
442
803
690
801
754
468
802
161
527
537
209
876
766
987
274
557
989
836
779
12
269
639
580
919
979
337
836
129
336
587
894
226
591
738
277
559
975
452
366
77
330
382
61
988
909
218
943
674
881
668
397
60
6
300
886
665
683
533
291
95
760
47
411
91
346
540
614
467
765
605
279
649
193
719
200
521
313
371
250
469
746
771
624
34
106
343
652
423
801
956
659
55
26
546
812
695
96
429
748
135
263
355
421
450
900
102
209
599
985
849
927
925
159
431
340
853
545
987
657
828
433
320
337
813
468
499
37
699
529
346
585
217
838
526
636
729
30
998
914
772
506
656
936
733
840
386
669
845
477
744
113
286
949
869
76
781
98
57
458
123
751
846
795
778
245
805
569
392
265
902
136
15
519
444
97
656
931
540
906
798
841
421
163
633
618
144
782
468
895
392
79
471
27
575
620
58
469
877
689
396
938
446
471
35
437
642
124
807
747
812
829
433
679
633
525
599
825
856
248
633
546
682
921
905
839
434
1000
761
769
978
273
411
254
222
107
143
606
688
536
209
635
602
460
407
41
284
611
123
786
