0411
96
845
78
212
767
923
672
438
145
649
404
546
187
996
465
281
627
267
759
560
814
937
474
229
91
784
784
609
675
832
162
998
323
371
433
663
17
95
692
717
647
27
460
403
942
982
704
348
543
14
70
504
249
363
689
257
432
415
886
357
635
846
331
514
239
772
212
470
752
863
65
455
965
635
758
513
469
580
850
868
225
618
547
343
112
610
444
469
645
354
324
421
421
755
996
150
519
474
34
551
713
861
988
746
676
746
14
59
635
381
998
48
82
454
817
556
624
922
28
811
619
868
23
864
390
342
307
870
701
404
451
157
740
111
844
750
793
