0412
699
638
671
367
168
251
249
573
367
769
239
627
629
19
708
527
747
939
228
761
978
962
165
446
844
396
215
529
147
421
722
809
698
546
371
415
914
789
271
151
919
775
421
149
667
7
897
782
450
15
250
847
222
564
239
806
352
702
951
936
435
253
832
350
837
861
221
56
325
977
836
463
82
131
262
510
255
580
206
305
741
667
19
44
631
967
66
506
227
603
42
345
184
487
865
749
388
607
756
57
773
717
971
39
657
858
880
902
667
294
893
223
848
713
804
498
273
356
625
839
212
511
45
384
747
523
884
481
590
695
205
816
786
811
986
238
80
181
301
