0413
888
650
924
152
908
550
671
878
265
652
939
270
317
549
769
240
964
571
183
930
802
855
154
665
430
771
25
649
79
60
685
438
310
504
332
22
724
421
170
839
28
454
287
808
45
520
265
178
833
930
748
833
478
424
588
395
68
547
281
703
658
814
369
596
371
18
758
746
579
747
855
214
12
47
634
97
231
283
867
955
492
468
469
537
583
717
220
222
184
490
552
223
909
400
840
468
832
880
738
502
42
614
396
746
60
891
878
760
106
282
921
770
511
326
462
688
226
283
517
361
557
51
818
101
150
184
116
202
475
413
819
104
793
154
808
378
755
770
611
293
467
177
576
855
157
81
716
181
822
797
347
383
113
886
509
605
462
290
976
4
963
945
768
647
505
418
824
143
216
258
432
897
174
361
61
256
529
112
252
78
762
450
792
485
48
321
265
692
