0414
27
207
963
716
232
91
799
123
760
638
853
410
463
423
855
134
595
285
641
188
224
694
974
411
44
298
69
158
728
150
747
533
516
349
303
629
237
592
80
208
250
908
898
440
303
971
946
812
852
287
592
411
737
489
836
770
858
916
81
459
202
650
608
707
20
986
327
677
451
659
149
946
879
252
686
840
957
433
984
472
654
672
506
467
423
533
516
514
257
734
396
595
354
736
943
146
716
459
821
175
839
125
943
516
534
180
351
452
830
299
503
680
776
45
113
53
876
851
563
429
761
870
116
857
562
531
28
343
780
676
525
960
768
270
111
97
57
3
768
621
925
33
798
328
480
588
83
14
324
794
751
568
481
462
912
420
827
45
862
989
956
345
784
849
354
44
780
440
849
607
316
712
485
742
666
746
560
409
995
255
810
684
274
829
493
