0415
104
150
747
675
954
479
554
957
852
386
173
445
272
762
758
851
509
83
793
615
700
91
460
671
634
52
851
654
66
664
625
496
43
12
726
950
645
632
210
611
577
204
676
175
908
948
41
216
95
319
62
608
339
337
810
129
733
598
764
747
536
529
827
549
704
109
878
76
691
7
722
577
979
260
62
65
864
653
114
281
962
107
105
452
886
934
154
862
200
561
43
193
987
320
78
668
81
361
311
575
604
915
918
551
887
608
689
970
693
206
247
944
280
636
552
392
915
767
469
862
293
950
939
587
258
218
58
285
346
549
205
993
989
758
724
791
167
581
382
901
231
64
910
730
165
969
996
811
682
145
869
