0416
346
80
512
452
894
998
110
236
249
98
441
834
210
412
325
577
522
780
788
221
740
596
444
33
228
139
520
121
141
969
711
305
904
314
487
919
292
678
216
580
562
574
176
444
507
76
364
718
71
984
141
908
589
735
412
26
187
195
693
466
214
958
435
770
229
347
165
165
149
659
243
471
288
361
675
459
936
983
165
317
381
645
271
343
108
492
706
893
327
748
401
345
693
212
219
619
883
828
234
967
750
707
370
221
291
339
172
967
361
885
830
786
438
359
758
188
263
534
209
603
367
312
643
875
682
368
126
463
981
583
877
938
947
60
208
953
307
200
360
745
627
531
4
607
189
965
494
680
496
247
505
198
256
302
708
925
884
903
87
755
376
649
691
930
949
487
408
596
570
992
185
684
417
14
317
678
788
505
986
786
125
962
38
552
575
838
3
234
339
864
757
250
183
457
738
469
262
139
293
476
553
953
85
228
326
431
63
314
946
618
756
36
900
83
954
7
711
768
652
751
184
272
210
48
970
545
695
719
186
636
258
316
747
220
677
461
399
908
597
502
35
158
179
711
310
876
548
784
526
752
913
334
297
512
570
159
968
825
643
14
420
570
194
659
581
395
556
652
192
320
74
548
174
429
195
944
952
697
865
557
856
70
668
714
962
170
146
646
101
448
398
245
265
762
624
317
971
761
364
923
117
752
765
352
879
13
655
508
737
812
132
953
105
224
19
897
733
606
743
463
569
185
349
751
581
2
49
7
907
580
859
665
845
212
964
13
524
615
561
66
949
454
66
637
39
956
308
200
382
721
647
419
459
180
528
136
410
653
551
644
549
430
647
923
808
908
729
190
538
140
77
554
7
231
647
775
246
105
340
335
533
215
121
575
319
902
355
360
719
828
446
617
768
357
642
80
148
136
64
411
323
171
817
137
246
958
285
415
117
191
945
312
422
548
278
827
688
399
747
290
762
918
98
252
401
43
179
886
936
128
391
115
102
669
373
433
234
589
59
435
