0417
776
248
217
132
294
99
813
499
241
159
39
914
240
540
54
536
877
550
43
426
327
293
304
564
633
955
768
339
713
461
405
311
467
980
740
610
149
45
146
521
753
172
135
707
155
275
995
611
276
287
730
408
212
714
406
669
857
79
478
952
123
792
154
91
623
148
879
639
443
913
415
89
608
933
182
780
765
561
325
930
281
843
272
61
823
907
301
457
276
393
328
625
537
342
848
54
543
229
833
114
101
376
93
752
14
834
994
648
395
383
627
721
791
503
457
406
653
771
362
209
140
157
133
790
328
89
80
325
113
317
981
942
314
589
248
890
939
464
78
634
799
684
136
267
934
113
414
778
856
74
421
395
494
395
395
830
