0418
8
120
63
977
350
863
748
780
411
517
735
498
609
152
179
222
617
206
731
740
728
926
349
841
257
95
847
990
195
84
631
546
228
510
72
335
504
391
877
31
45
12
777
134
861
603
126
216
797
133
724
172
322
740
769
996
405
847
261
873
416
783
458
822
414
139
997
156
636
534
262
70
237
420
301
455
387
724
518
952
442
872
100
456
490
1
238
234
112
741
541
373
261
729
902
413
973
954
620
612
742
373
286
537
292
763
309
614
474
167
228
438
922
587
475
399
669
189
380
758
148
456
307
854
559
125
182
555
899
649
997
263
958
960
287
98
998
783
136
474
860
713
350
712
80
885
118
780
31
873
59
12
263
800
254
81
147
829
852
844
357
232
930
958
851
139
688
780
301
212
143
106
576
849
644
373
495
438
11
175
112
262
950
489
916
933
735
846
689
674
744
646
31
893
47
787
649
216
930
354
19
451
96
700
756
367
970
103
911
337
624
88
478
515
186
257
19
276
175
7
950
521
447
737
468
415
337
149
806
785
848
799
853
313
252
911
332
360
110
922
848
145
450
776
815
245
134
823
448
809
13
134
560
94
977
886
623
979
582
846
589
845
808
46
830
50
5
124
607
327
554
185
952
454
927
712
599
111
795
909
209
847
54
257
621
754
614
998
318
859
375
474
520
994
109
333
393
781
116
158
625
461
518
69
41
166
942
405
454
246
432
