0419
828
552
138
111
349
672
704
505
62
498
348
989
351
668
611
874
262
255
740
295
250
8
816
260
70
984
290
186
724
980
561
51
610
519
211
28
51
784
346
401
673
648
66
511
823
689
739
599
306
976
898
36
677
514
392
250
166
524
590
27
175
527
626
954
336
99
880
734
844
259
721
960
37
776
513
221
864
646
989
448
407
499
747
962
828
974
452
511
816
413
908
791
41
722
633
804
933
526
963
222
232
584
550
647
895
570
744
769
515
596
264
554
98
657
15
269
160
36
238
498
974
494
100
506
61
540
57
845
294
450
985
955
661
63
720
973
598
38
801
693
664
577
937
290
944
101
605
57
917
630
916
314
8
123
102
291
342
126
727
911
872
970
192
866
796
833
859
517
997
588
320
15
505
892
325
31
704
496
432
679
182
923
114
455
471
999
272
237
426
599
912
682
610
804
314
650
791
18
448
493
810
572
326
102
667
112
251
39
749
559
708
348
904
449
498
706
334
690
144
488
617
637
19
185
659
151
810
437
599
503
696
779
261
837
209
421
941
930
763
546
57
999
430
347
242
315
779
403
686
45
714
466
647
650
97
199
688
920
780
349
991
124
562
14
23
174
638
204
746
809
967
578
535
674
18
827
9
307
110
200
138
550
352
44
233
736
133
780
523
63
226
466
24
658
449
379
685
270
878
400
626
405
741
559
447
652
584
511
959
187
463
831
849
923
350
541
302
369
459
378
770
52
641
867
698
152
303
65
545
259
927
352
703
899
765
32
737
594
835
206
22
879
396
503
739
539
49
376
934
556
669
631
820
612
239
370
861
741
777
917
572
831
843
750
916
364
183
541
987
875
990
519
967
560
126
517
166
443
13
454
746
882
118
771
127
81
390
345
717
110
643
395
746
80
808
972
574
329
544
542
206
12
301
118
363
240
791
508
933
521
645
492
987
251
169
31
353
28
145
746
42
878
822
738
224
755
653
504
