0420
664
216
58
799
773
305
658
734
454
551
164
649
838
557
713
129
628
795
28
404
754
576
908
999
740
21
779
148
231
979
458
315
248
392
1000
781
936
51
99
981
300
907
823
967
120
383
146
799
359
302
790
814
967
215
875
273
23
939
882
897
244
493
827
103
705
359
913
619
477
78
812
676
385
280
781
206
751
61
741
933
994
685
762
469
327
228
164
794
643
857
521
69
764
678
834
225
226
311
869
689
269
346
32
938
905
511
117
313
615
381
476
408
147
543
275
277
503
33
246
680
965
832
681
32
342
668
395
441
333
877
169
329
109
8
33
707
85
84
879
608
612
383
587
690
278
363
307
773
35
887
290
945
582
747
607
856
220
914
997
789
579
334
554
759
238
840
404
963
314
716
549
632
973
506
104
184
220
138
674
398
187
13
303
865
598
341
650
914
421
585
882
930
655
37
290
770
236
221
105
119
936
633
74
319
358
148
19
780
350
138
155
932
699
765
965
834
480
614
435
43
270
310
434
234
187
974
520
457
55
108
86
667
363
60
515
475
439
668
635
531
20
730
302
790
554
999
934
775
560
708
983
404
870
540
