0421
454
874
508
389
283
181
60
109
464
937
587
7
474
505
654
662
576
407
638
968
15
175
786
291
730
337
755
49
734
879
607
345
543
399
395
37
165
522
440
216
771
129
926
918
661
902
530
768
808
650
677
623
642
10
581
633
967
940
168
365
118
37
24
783
343
23
594
796
847
857
950
790
697
274
188
684
226
122
215
725
429
106
819
796
875
304
948
633
538
493
709
857
595
442
645
556
253
614
878
993
146
727
539
408
770
194
916
520
266
472
685
235
576
776
731
254
374
520
524
403
885
126
326
952
209
919
960
481
992
601
427
937
404
614
804
116
595
778
26
23
785
683
991
416
842
62
477
975
718
420
777
779
931
549
958
962
39
904
484
444
490
995
905
255
243
428
637
34
488
384
578
170
486
476
234
64
643
964
916
257
17
485
52
88
641
272
616
839
707
331
187
675
225
632
41
947
775
645
481
279
698
219
908
360
886
37
294
445
563
140
450
453
128
800
480
760
234
572
795
73
609
384
882
350
110
213
590
146
94
826
650
861
187
559
776
510
545
234
807
743
666
569
625
607
174
134
452
831
196
577
803
103
955
32
42
415
505
228
233
692
56
923
764
451
155
488
340
358
191
130
128
269
368
378
442
74
650
139
739
952
949
212
625
290
629
445
695
438
245
192
797
80
840
771
327
400
269
608
677
753
384
539
974
953
351
742
942
886
962
10
576
493
810
27
866
839
953
725
505
510
37
852
996
395
558
417
905
650
146
281
62
635
436
323
992
305
922
631
460
351
929
713
113
638
255
941
791
168
102
950
659
82
111
722
393
382
10
338
530
