0422
442
214
244
325
92
584
84
312
344
519
234
341
276
819
90
623
343
227
254
614
286
298
481
95
836
348
629
30
333
235
73
395
381
277
938
469
678
130
124
974
492
240
560
134
700
228
39
699
872
554
939
269
263
952
25
385
184
818
127
496
775
607
954
482
179
539
517
983
689
253
869
409
393
999
528
462
170
867
305
288
889
381
720
296
533
476
402
109
783
105
416
261
729
946
799
698
598
14
988
600
801
88
528
511
723
896
113
194
396
52
212
50
685
649
615
752
105
286
574
843
581
121
735
639
286
763
276
225
751
745
839
111
903
169
412
220
589
440
282
200
318
594
357
158
890
212
609
33
529
658
154
107
847
428
792
998
931
399
555
460
781
102
599
727
163
110
238
818
956
560
910
501
820
771
758
884
448
785
307
691
233
452
437
176
33
88
141
167
341
117
809
968
841
780
374
567
118
896
791
68
943
103
992
191
669
311
184
751
395
302
942
192
150
992
630
907
862
146
838
962
69
931
327
72
152
964
600
762
186
30
565
761
89
370
567
526
136
326
138
974
81
579
143
457
841
31
540
113
316
716
521
508
476
358
814
412
69
463
906
728
599
87
774
719
735
36
868
790
261
474
498
235
145
662
710
474
868
9
742
921
743
39
587
631
797
874
857
930
316
844
974
877
901
935
452
423
488
516
721
198
137
57
465
650
643
337
705
964
920
203
538
671
717
769
173
547
238
201
929
39
789
741
357
711
902
38
814
303
595
947
895
349
352
591
4
61
429
500
915
529
926
356
903
582
369
835
559
373
482
111
467
917
791
142
655
822
233
767
227
750
844
202
158
706
506
266
269
975
723
788
516
228
743
257
827
760
868
80
941
818
692
921
396
652
926
66
757
730
131
91
616
870
907
73
