0423
73
860
675
849
827
295
990
143
552
554
738
86
744
305
358
457
158
559
289
640
192
220
358
593
100
393
92
829
432
112
645
549
268
460
509
520
664
223
736
657
867
831
171
426
73
469
330
182
319
520
754
470
125
41
33
612
387
95
896
913
151
951
851
400
399
968
983
576
666
226
273
618
865
434
320
466
651
156
664
703
857
833
894
764
102
698
982
431
820
574
108
14
774
573
28
593
707
897
903
101
266
665
953
489
892
470
1
380
154
705
254
286
342
635
695
349
339
988
608
525
965
425
496
816
442
792
610
489
662
485
435
754
232
422
109
293
977
752
568
431
986
373
606
417
709
91
322
700
23
84
738
127
833
895
896
576
478
445
762
916
23
129
795
314
3
508
734
113
503
407
186
102
955
997
832
307
837
845
658
452
833
174
289
232
605
370
330
211
183
681
286
941
128
824
773
825
929
70
654
807
261
38
804
734
595
298
81
450
858
155
445
556
358
182
189
660
880
294
8
978
63
417
713
963
158
577
389
300
282
156
478
210
797
920
752
544
986
720
606
374
953
924
664
632
993
647
815
18
670
14
783
359
841
960
73
819
250
682
634
420
805
469
247
194
724
327
585
425
19
873
769
239
380
608
639
440
140
258
686
388
950
176
546
74
199
148
657
510
44
420
814
688
512
118
646
651
454
910
963
344
484
840
619
177
985
390
602
381
444
368
472
828
420
647
589
452
363
13
358
967
646
155
922
648
575
740
368
371
768
780
630
503
909
210
639
333
454
568
50
719
157
7
773
184
671
791
741
577
222
762
136
24
811
