0424
187
968
333
444
249
527
127
223
500
171
134
343
398
101
692
82
615
375
668
455
585
368
905
72
282
739
276
678
956
941
819
625
266
989
660
246
314
561
938
691
678
609
699
486
790
416
626
860
486
657
888
754
76
949
860
281
338
63
822
859
684
876
99
319
390
108
949
326
352
89
252
750
136
485
565
761
957
226
695
880
447
38
995
693
109
793
993
840
964
75
420
458
660
924
1
179
163
114
163
496
598
948
239
159
475
551
154
25
260
458
169
556
194
809
893
105
441
753
983
207
993
777
840
196
119
774
757
23
366
397
322
993
773
271
96
435
623
323
565
68
68
829
908
405
849
722
17
317
172
682
338
920
94
741
543
174
221
95
623
428
979
199
121
370
273
791
96
485
803
159
291
611
72
251
921
703
638
750
185
734
981
90
195
840
459
474
652
192
286
487
221
307
177
673
924
261
764
305
993
11
992
631
799
742
295
807
9
384
310
757
340
74
720
682
6
248
831
377
336
314
549
476
430
182
691
415
560
622
389
281
679
875
319
67
456
315
221
591
393
586
733
818
651
207
362
358
987
929
499
246
967
851
160
633
42
548
667
578
126
149
156
666
606
140
524
99
739
639
649
892
702
409
787
623
417
428
