0425
310
418
355
423
416
369
885
492
529
76
646
148
103
359
405
209
540
419
287
768
673
445
796
595
781
82
808
230
622
20
652
220
229
433
739
790
511
554
799
981
697
661
440
632
572
157
234
205
221
804
176
352
978
828
284
238
99
595
219
333
762
828
859
75
897
656
753
792
169
722
66
634
903
840
346
992
494
46
452
349
254
45
810
804
598
849
203
938
646
252
909
918
487
23
681
148
967
121
251
361
516
72
318
4
364
177
806
268
761
211
179
157
881
730
755
182
107
604
785
29
523
422
453
762
944
732
295
