0426
14
645
818
124
164
639
812
475
817
739
771
48
908
40
626
304
184
238
704
526
112
20
740
221
298
908
561
783
716
886
402
109
931
965
291
4
988
62
366
570
436
112
517
816
877
290
501
781
339
961
527
587
424
996
797
752
283
968
859
427
272
237
691
24
766
527
502
575
396
751
701
384
936
591
144
752
148
104
129
631
907
760
422
256
16
3
206
64
755
780
101
448
145
140
493
528
578
3
802
778
776
531
390
177
128
528
481
130
157
908
122
492
400
781
360
261
376
557
453
765
619
780
999
720
833
908
916
287
26
913
644
96
848
331
810
928
87
35
647
374
34
148
379
163
979
708
74
511
274
654
987
398
783
411
342
787
286
405
18
408
250
890
275
769
2
207
980
475
407
950
83
823
73
504
976
593
408
171
894
326
462
695
993
950
638
345
324
946
573
820
647
854
134
969
