0427
32
894
321
815
351
214
558
434
535
273
213
102
111
214
795
69
122
990
305
804
488
351
832
100
567
68
850
419
422
252
883
112
213
856
901
591
757
640
370
86
713
502
389
364
374
907
503
248
655
228
44
398
77
704
632
843
90
361
883
231
260
377
279
741
576
42
717
610
648
123
721
674
339
518
49
17
422
778
213
697
626
715
631
863
81
56
654
642
469
468
928
146
979
877
286
244
914
369
858
266
921
353
817
46
545
450
473
612
158
868
101
122
325
466
706
733
454
143
589
488
387
675
779
866
965
249
353
775
731
936
681
750
458
968
42
805
196
347
349
923
191
491
523
480
76
695
748
87
1
647
12
341
740
47
563
287
580
785
233
724
368
361
639
98
501
591
616
676
47
915
509
81
737
200
438
132
326
136
75
379
116
320
251
816
826
473
60
75
330
154
388
261
638
301
397
177
744
225
584
197
866
617
679
29
707
92
273
798
74
627
692
90
360
166
893
139
254
842
74
817
246
113
5
985
881
815
982
640
579
861
63
89
40
772
222
456
794
749
839
794
966
563
750
993
187
234
275
883
544
679
293
819
883
715
87
906
647
318
8
856
918
258
217
639
561
42
567
746
884
932
454
758
143
136
969
937
264
455
727
710
297
560
158
88
514
987
907
42
475
211
797
266
593
86
665
522
587
548
835
714
294
21
8
84
301
536
91
870
353
768
197
943
7
322
327
65
136
973
619
700
807
612
80
598
675
496
855
102
2
693
272
203
280
880
51
493
740
162
547
48
370
225
837
39
217
815
56
724
802
454
282
283
521
327
795
14
327
717
261
533
73
159
659
662
971
8
897
903
522
257
548
880
727
710
490
29
813
548
91
546
460
794
643
867
397
208
104
652
469
939
632
968
332
547
927
396
307
165
225
872
764
251
247
164
667
442
501
113
573
369
317
163
192
295
528
287
890
348
400
675
621
875
625
68
846
85
127
370
367
513
681
427
938
619
739
521
971
938
498
831
107
54
860
730
38
535
476
588
387
767
763
461
161
438
138
962
144
196
768
371
176
465
898
399
840
918
686
165
45
468
139
958
519
913
512
24
377
913
497
143
616
84
311
32
280
132
263
24
98
524
710
25
741
547
113
783
460
982
829
