0428
844
508
307
809
278
774
932
4
895
375
842
846
807
434
920
669
962
496
411
811
39
455
309
117
67
635
710
9
639
561
943
793
304
466
452
431
1
716
413
173
621
699
651
160
146
908
811
691
752
548
324
898
929
795
679
383
311
430
355
949
37
713
268
834
914
541
360
847
979
500
349
486
958
789
27
295
453
808
674
734
669
383
927
300
46
787
801
958
235
817
743
823
893
540
674
946
995
330
682
577
618
826
508
170
333
896
219
930
73
853
593
866
404
560
388
814
501
174
297
611
546
634
676
654
859
890
930
970
190
78
69
521
872
115
53
709
520
420
337
785
38
692
516
483
758
343
244
965
597
78
564
319
936
764
432
217
29
131
775
736
649
7
54
365
148
774
346
155
21
482
299
308
397
409
272
