0429
878
503
552
271
682
778
20
354
429
391
528
258
179
169
874
640
244
530
272
552
802
862
1
166
333
315
472
436
145
301
388
580
975
701
207
803
14
761
795
470
567
246
43
730
708
318
458
767
565
20
225
790
750
659
162
275
196
260
497
267
46
792
192
94
579
902
294
276
851
373
142
827
31
239
270
878
84
826
350
538
489
787
502
927
433
826
312
161
825
295
324
876
925
486
722
255
69
187
470
796
313
910
324
777
616
408
535
541
121
405
522
437
321
515
625
754
292
183
725
125
450
979
454
734
160
859
922
565
653
150
119
159
763
569
908
572
304
486
746
821
45
523
403
814
319
568
444
591
5
