0430
95
131
108
247
60
502
196
518
207
113
255
633
94
300
738
270
829
778
65
353
987
595
798
628
848
223
695
760
789
108
596
869
97
227
699
937
872
802
662
395
757
846
970
446
963
991
604
906
485
806
897
899
79
358
359
621
195
125
845
853
208
180
705
905
347
515
992
232
617
938
339
839
511
267
469
106
390
959
697
876
881
686
741
847
705
921
360
80
20
511
932
494
527
992
128
593
667
460
1000
455
175
601
329
469
992
565
8
464
33
717
924
103
827
422
973
128
171
311
38
86
824
291
73
687
813
929
980
464
374
840
53
32
748
54
79
878
39
837
646
918
652
577
878
552
370
674
580
201
194
973
15
710
841
554
390
558
311
843
221
992
175
839
174
505
675
402
427
743
909
309
461
678
286
724
453
670
331
351
296
76
194
47
976
260
531
951
2
756
894
938
114
870
362
969
415
853
582
32
566
753
320
647
384
689
184
40
669
454
692
26
776
560
659
339
286
6
867
940
762
97
808
460
371
240
180
223
325
16
156
901
267
869
595
693
550
849
19
22
686
718
867
410
266
200
68
385
840
864
776
840
