0431
895
33
875
170
728
434
930
148
641
64
587
19
815
290
421
132
690
794
87
31
573
408
277
430
803
866
476
437
701
951
898
656
311
441
564
643
432
104
339
819
308
340
763
751
382
481
249
245
873
455
963
987
957
392
234
363
301
942
322
743
990
878
798
42
104
59
255
393
87
274
553
510
342
420
331
762
934
470
11
962
438
322
328
401
108
59
714
215
281
738
569
633
689
693
627
671
819
129
473
198
873
196
616
807
245
860
163
170
882
308
761
248
947
75
942
123
393
572
810
732
167
327
63
278
284
99
91
692
742
817
211
261
222
651
829
54
443
636
869
912
282
559
299
652
426
902
260
181
781
639
585
223
595
831
134
334
924
857
870
991
839
619
506
36
428
46
252
600
968
758
952
760
829
629
597
78
697
130
168
387
958
917
248
559
2
649
535
463
196
711
197
598
374
52
525
595
489
966
905
7
229
88
93
997
313
90
431
772
253
680
2
664
810
537
548
159
692
467
608
8
55
1
859
81
114
993
662
742
133
