0432
50
250
278
812
89
109
685
755
483
176
22
761
828
554
745
659
990
216
52
225
938
670
907
210
115
108
867
312
202
906
43
257
976
943
299
767
309
802
979
92
245
331
674
918
96
234
403
393
283
880
360
970
753
559
932
174
87
99
420
191
728
111
328
952
95
863
859
794
899
122
133
231
665
113
332
9
538
327
192
441
832
574
774
97
893
141
327
375
573
426
582
353
391
996
361
248
105
872
37
522
854
601
481
937
172
933
590
599
169
309
123
722
74
873
628
411
518
497
790
482
156
655
693
638
331
655
866
737
528
317
15
763
310
784
39
270
581
406
960
710
157
149
681
822
291
455
892
997
728
471
167
679
519
232
110
594
7
744
198
865
210
788
873
565
652
741
946
62
117
736
809
727
712
353
884
989
36
977
975
208
18
137
869
242
798
465
201
836
418
297
727
661
676
66
868
883
411
156
181
735
527
72
540
248
752
12
601
362
199
567
321
652
37
750
358
487
44
640
612
956
284
398
426
891
93
881
690
922
38
105
327
902
729
864
538
994
280
1
659
142
928
122
9
354
125
812
112
892
508
77
315
484
829
501
640
265
81
25
526
711
995
298
213
190
155
187
227
826
197
467
105
352
877
614
464
613
242
699
474
666
933
593
20
325
192
843
809
194
872
870
90
911
352
661
700
518
194
691
34
600
922
527
525
405
323
294
578
596
164
242
582
573
538
333
875
254
929
560
79
759
985
838
65
495
185
287
447
906
733
794
581
920
109
1
376
486
237
72
978
44
978
594
798
630
21
537
308
912
112
320
643
556
859
981
267
846
977
222
933
45
24
720
197
541
117
198
60
889
502
853
454
478
665
315
444
797
730
367
495
890
682
359
349
73
124
471
926
337
369
658
443
130
16
76
