0433
674
868
929
611
80
209
576
532
401
70
356
360
644
650
123
649
773
876
493
596
422
291
204
281
391
129
523
937
121
205
510
712
465
355
705
980
331
400
446
38
986
636
580
685
948
946
848
777
628
975
473
487
832
873
290
637
78
801
211
803
261
752
689
429
894
518
470
328
896
646
97
75
28
813
103
730
738
371
145
945
820
843
252
152
479
776
698
516
20
49
569
391
411
240
72
110
716
705
871
226
143
421
551
418
199
322
361
513
598
877
112
192
533
211
420
443
935
31
594
527
390
670
591
554
680
767
234
767
364
770
934
609
464
656
250
181
748
359
363
414
586
451
190
667
648
583
392
301
499
898
925
900
359
926
538
208
195
983
348
346
682
503
245
256
785
252
858
179
506
196
449
499
572
531
85
778
73
510
267
799
893
825
471
552
453
937
770
591
173
95
913
761
525
255
617
239
290
283
753
623
470
340
966
772
858
632
411
174
266
921
415
711
431
442
165
889
832
926
622
813
573
260
13
785
974
36
812
952
13
737
671
680
944
850
2
159
692
231
830
687
538
184
996
294
284
603
98
199
427
354
849
16
386
226
852
678
341
983
968
725
708
949
763
635
589
64
945
134
625
796
218
909
840
984
160
251
437
170
917
182
615
667
55
113
644
673
460
556
784
881
403
615
253
982
849
268
682
405
16
62
331
18
43
456
541
954
784
514
264
980
53
884
735
541
90
217
445
178
190
868
149
492
304
86
276
771
862
397
414
301
529
634
12
448
49
801
587
285
36
366
370
402
200
941
695
506
590
305
557
352
503
491
932
427
848
29
936
813
629
75
832
648
774
421
591
50
914
921
399
717
410
103
977
71
866
834
234
471
718
28
772
150
561
792
890
399
200
637
570
558
4
701
673
205
192
164
453
969
5
185
341
285
497
