0434
997
164
556
717
970
676
208
680
723
920
410
510
759
375
277
729
681
160
322
766
607
172
179
103
564
59
471
231
199
847
219
452
125
822
855
419
205
739
382
213
805
177
299
531
95
588
419
789
355
504
27
571
705
846
401
700
959
885
370
400
156
549
648
250
509
172
480
350
381
372
974
113
10
568
258
420
854
815
274
297
707
277
605
595
93
887
88
263
682
920
855
735
784
118
165
11
647
834
509
987
597
131
173
79
946
876
435
477
585
267
157
99
545
857
665
878
313
827
595
854
901
854
287
684
26
184
621
952
85
69
845
904
936
145
447
268
151
326
696
434
476
703
710
101
795
676
125
569
118
772
201
581
340
884
356
480
205
86
493
286
645
213
716
246
178
238
667
67
227
330
368
75
797
409
403
400
706
980
720
311
234
723
135
530
23
297
582
114
509
637
732
551
475
973
854
605
157
251
661
241
521
283
559
154
723
829
844
306
326
682
660
427
468
861
41
657
215
87
745
426
612
28
388
290
15
389
160
658
922
86
220
594
140
764
955
946
67
774
476
384
137
923
864
238
57
971
883
425
849
838
944
843
250
625
120
819
719
847
2
654
834
775
658
488
47
117
215
181
300
997
345
450
872
653
125
69
173
956
213
663
247
398
142
700
915
657
485
431
72
243
422
515
352
927
634
111
366
3
612
178
361
536
945
4
966
364
590
645
436
544
119
743
222
637
738
922
358
95
714
723
928
125
389
370
445
171
844
637
847
863
219
537
234
315
3
903
83
574
869
978
164
880
546
447
76
698
444
434
349
15
559
593
332
866
372
382
291
861
324
959
697
717
715
157
629
509
555
480
720
553
610
584
236
686
819
624
864
776
729
668
905
117
577
91
503
135
349
700
825
321
506
675
887
953
954
724
367
610
83
776
362
454
695
97
966
441
196
422
291
827
595
236
756
768
148
368
989
500
13
385
611
535
636
147
85
894
31
375
951
133
1
507
212
771
847
786
512
107
104
218
867
470
767
668
471
782
740
767
36
555
274
547
127
580
87
551
663
474
540
135
319
175
649
393
454
864
398
196
756
55
79
454
755
43
889
262
302
700
443
418
566
580
602
688
228
70
67
447
641
990
756
102
250
