0435
383
177
978
14
783
70
14
606
605
621
659
827
220
469
888
561
272
435
498
576
865
455
910
198
798
460
772
620
635
285
224
198
511
193
398
871
699
339
29
977
720
372
170
49
199
352
648
729
958
794
266
489
617
560
374
199
807
832
124
325
890
306
734
55
504
963
967
332
673
261
578
577
549
466
251
161
480
164
499
890
672
877
36
584
246
711
759
685
299
71
570
621
881
625
242
790
513
62
584
299
553
741
684
833
625
999
649
980
289
646
685
38
481
936
498
38
514
93
427
84
821
107
784
175
246
643
685
85
814
62
875
395
488
569
379
720
215
128
45
949
427
1
285
164
956
44
40
55
288
613
842
533
335
833
796
68
5
281
170
731
169
436
306
392
360
122
207
866
677
903
656
4
141
965
145
31
365
287
991
955
674
263
839
798
677
425
714
794
416
583
961
927
842
279
677
61
355
564
50
911
886
184
424
675
192
204
196
754
560
242
43
203
855
593
559
123
833
760
166
713
740
227
148
399
443
488
593
191
593
861
124
882
661
85
43
367
214
782
916
961
258
822
621
551
647
569
848
706
279
768
262
665
154
485
46
321
240
82
19
330
355
960
367
880
387
633
612
371
555
360
444
340
371
796
947
484
593
322
102
513
521
245
593
383
574
361
621
12
176
204
480
868
173
2
376
876
473
959
5
131
601
905
947
377
574
305
742
516
920
84
628
301
156
866
947
189
894
463
622
57
567
864
449
997
58
493
49
631
767
689
573
248
397
694
167
109
670
581
341
624
682
424
738
438
382
106
271
483
480
727
66
897
40
595
914
817
88
356
167
786
127
883
76
481
849
576
768
434
125
433
200
992
458
166
939
485
377
271
361
852
246
219
317
849
369
40
722
479
242
129
117
909
382
21
779
681
733
812
842
335
586
418
139
33
202
870
568
991
565
853
806
9
345
223
737
970
831
723
572
59
158
366
679
854
594
