0436
923
968
569
209
912
392
247
643
935
976
276
481
696
199
430
124
875
285
152
727
205
126
130
840
835
979
702
340
850
754
422
730
653
399
265
245
736
60
8
738
376
921
2
867
823
875
768
968
917
907
753
674
183
345
401
767
223
866
772
706
578
93
878
283
59
89
953
403
403
336
981
764
397
589
881
228
31
852
104
814
301
632
402
516
71
178
629
838
307
218
64
675
241
930
589
906
944
711
200
562
353
503
535
397
222
746
302
662
858
737
685
907
668
422
438
438
776
654
623
566
379
130
514
560
904
845
844
439
681
394
826
798
15
263
812
800
37
107
734
579
813
897
717
635
258
709
121
842
968
360
512
449
968
546
827
328
271
598
320
238
277
273
512
262
586
296
507
295
321
670
321
600
483
673
435
746
584
355
667
997
225
953
214
447
919
717
742
927
646
106
513
42
831
401
215
717
77
189
725
981
937
848
820
51
900
656
212
343
513
350
189
16
694
496
575
50
120
462
647
592
957
120
328
347
6
69
502
247
620
3
425
202
794
201
684
551
706
44
613
984
41
75
410
886
810
927
663
461
625
40
566
506
762
83
212
867
347
628
983
884
393
674
788
591
277
138
229
174
644
