0437
753
101
974
131
539
326
973
76
233
30
721
935
633
756
572
295
728
664
698
717
807
400
445
872
904
628
766
405
166
128
910
760
447
186
976
779
168
867
959
944
497
509
640
767
835
42
164
926
393
259
79
485
661
139
90
348
264
111
375
474
297
599
327
420
571
843
198
71
495
374
419
262
318
42
626
180
408
46
406
945
20
75
260
309
996
517
353
721
447
547
458
285
413
457
189
307
70
40
676
782
8
355
34
599
668
145
370
609
464
30
66
143
617
323
187
668
160
257
392
467
451
453
487
951
402
752
468
262
684
347
803
363
719
921
303
242
851
974
494
419
328
730
271
167
442
402
130
467
716
159
567
295
360
897
344
423
313
302
560
530
668
539
206
895
914
161
568
353
926
812
219
806
439
835
379
773
829
646
912
337
806
714
836
572
945
157
356
622
865
732
924
152
900
580
682
533
480
294
651
347
41
812
975
805
650
718
384
916
432
216
786
239
337
405
436
382
500
798
195
111
100
912
66
745
415
123
151
186
988
68
599
95
424
455
727
598
810
661
479
467
298
13
429
852
402
358
579
619
487
712
192
485
751
513
170
87
341
591
459
495
550
251
560
671
675
187
949
566
300
771
498
137
710
193
819
800
927
609
685
502
718
627
886
133
73
717
108
393
959
466
162
717
650
322
65
670
393
937
584
217
77
503
146
46
445
846
741
60
606
1
988
175
357
693
394
741
627
474
567
881
829
827
440
168
607
850
234
43
50
422
818
508
145
143
5
890
523
618
324
285
659
945
346
401
592
655
845
476
102
501
617
457
18
198
869
588
349
971
708
987
271
949
476
71
878
88
492
608
657
941
890
948
124
461
758
23
520
339
94
516
69
525
325
271
90
539
307
32
309
41
185
176
78
937
534
350
36
935
66
117
617
225
61
789
416
224
152
82
756
639
572
228
987
904
53
172
700
846
614
672
162
548
328
818
638
336
313
442
88
766
496
478
340
985
597
833
903
535
998
530
699
28
281
700
704
763
383
237
452
895
138
761
588
417
66
201
