0438
484
325
144
343
777
552
988
320
707
54
127
898
216
173
61
634
93
937
152
8
578
490
493
951
415
648
416
748
505
546
254
472
143
368
283
165
785
895
27
835
989
658
112
898
474
631
720
937
303
391
958
161
699
794
821
268
226
391
644
794
971
667
945
32
173
92
7
145
778
409
495
209
668
128
140
584
469
87
954
20
440
322
865
519
203
854
896
560
548
696
278
296
608
587
915
646
643
36
294
178
289
488
6
403
361
867
314
505
539
976
846
9
955
680
338
993
128
559
459
384
826
754
889
571
698
35
302
155
609
740
150
914
234
725
112
265
321
877
905
787
576
503
742
951
618
516
93
898
545
916
764
213
258
115
95
706
939
302
705
274
340
347
798
633
76
796
410
831
419
121
500
495
679
376
267
914
3
336
483
800
39
989
470
70
827
813
471
538
544
363
304
505
48
913
791
525
756
35
652
160
44
262
897
353
342
384
875
859
673
153
40
478
659
399
705
222
856
627
465
677
565
85
725
612
25
960
319
787
790
203
698
194
15
274
52
294
422
136
791
712
709
388
497
188
774
628
69
273
236
207
51
711
617
170
770
358
455
731
833
570
791
494
480
511
543
902
270
175
682
277
518
556
217
473
77
696
319
272
564
814
594
979
328
433
727
451
774
425
420
503
833
301
114
19
312
789
500
995
25
583
327
539
396
749
937
718
320
137
690
120
464
461
538
819
436
629
387
148
736
288
400
913
928
