0439
788
747
579
274
302
276
825
715
968
969
971
905
927
208
525
949
599
817
358
386
209
493
908
30
26
482
445
562
294
739
850
923
777
769
706
84
840
612
622
334
253
341
591
474
629
701
931
809
43
186
892
969
925
602
154
372
168
624
287
908
399
146
454
559
924
696
268
284
35
98
64
783
978
433
689
925
524
366
910
806
656
438
838
202
905
807
575
456
24
958
144
285
460
696
27
598
392
254
540
718
346
665
658
214
343
565
419
751
723
907
320
280
94
822
222
305
778
345
811
450
819
42
896
861
123
448
208
956
361
513
502
664
920
202
802
323
21
595
