0440
96
265
832
418
823
861
849
187
637
483
223
600
258
25
537
118
26
563
74
338
180
899
31
515
550
214
860
499
944
689
606
600
749
829
574
973
712
489
669
572
631
588
305
284
146
787
988
451
315
772
196
583
276
520
595
227
86
838
213
353
949
532
841
380
897
713
363
602
935
518
210
861
849
264
968
760
976
587
468
846
100
517
568
953
516
766
973
524
79
808
234
919
119
344
807
785
28
338
612
806
907
603
170
1000
809
874
628
784
529
521
388
437
435
213
535
291
575
88
753
735
675
759
155
721
841
460
407
52
999
471
405
410
497
700
668
839
493
538
394
918
204
84
608
176
267
304
909
967
329
671
214
783
451
419
657
980
935
338
225
747
827
485
290
