0441
305
297
980
256
351
178
925
140
870
378
264
929
368
11
643
787
927
598
260
650
355
263
157
593
12
644
959
574
78
839
857
483
984
842
338
354
135
217
205
786
322
485
247
61
349
882
25
711
671
824
91
218
449
621
507
785
638
138
520
402
215
675
316
868
232
595
57
4
382
482
375
344
257
141
208
126
187
370
326
878
59
655
212
309
49
949
323
368
807
988
13
354
587
461
508
699
709
531
326
177
796
847
439
233
158
538
305
153
473
648
787
178
43
902
618
90
893
794
216
892
526
416
780
523
97
252
821
211
124
21
845
592
613
625
773
776
718
471
458
569
479
168
209
930
530
813
648
614
584
586
928
880
367
574
508
304
733
898
716
239
136
422
148
706
401
849
448
358
541
622
664
15
183
869
714
849
898
382
197
717
105
913
652
641
714
171
709
131
635
172
165
398
701
941
14
402
275
293
645
521
39
275
109
793
901
982
851
658
672
322
594
683
484
859
979
730
938
820
796
35
744
217
227
546
945
868
433
201
785
371
765
331
964
678
911
831
21
260
311
247
358
503
104
485
993
277
6
843
271
807
670
156
923
399
998
405
266
264
584
699
524
418
145
880
378
993
346
299
518
564
146
530
124
323
140
353
444
574
618
173
72
870
757
284
112
626
959
402
276
362
345
770
53
479
239
407
307
750
926
512
240
299
866
258
297
581
10
682
297
303
264
811
757
186
638
874
172
263
539
135
432
160
25
490
721
329
396
62
344
444
666
11
748
687
508
663
761
925
324
850
558
642
961
530
61
801
681
310
89
717
796
933
117
698
950
555
708
118
300
265
1
472
202
549
850
43
108
960
913
198
989
320
418
999
551
978
8
943
219
554
250
236
571
378
509
464
618
655
570
884
974
588
284
644
289
499
521
813
372
1
908
476
88
177
764
301
865
342
683
579
514
345
551
94
162
147
310
906
252
641
588
850
600
34
383
747
416
685
495
111
720
376
866
267
528
969
448
