0442
387
810
439
549
494
43
367
506
178
685
436
990
519
568
12
203
226
470
931
584
1000
822
778
595
545
488
534
777
915
697
870
304
399
336
796
871
79
569
863
751
132
104
464
127
606
567
302
776
39
226
656
462
637
306
150
432
475
43
308
229
118
361
767
254
5
551
231
628
355
828
258
607
423
125
408
413
148
823
997
591
405
13
282
802
240
512
551
406
599
183
227
412
929
985
795
95
34
749
882
678
836
725
498
571
429
915
839
768
127
340
331
303
221
455
633
499
106
742
424
647
163
271
295
651
401
914
533
322
120
422
637
884
11
971
747
200
562
361
122
284
600
864
192
157
29
920
979
69
159
149
588
222
90
771
824
312
262
510
56
163
594
771
386
788
736
764
433
760
217
717
48
20
890
251
528
544
743
640
352
291
615
507
793
802
890
396
444
621
627
852
87
257
260
579
824
921
182
240
981
961
690
696
421
542
921
914
4
506
24
843
766
289
77
348
597
817
612
429
196
702
860
104
744
540
949
407
210
793
104
27
570
336
447
223
810
354
905
599
499
95
248
345
356
142
889
472
736
167
53
297
569
678
159
527
383
1000
591
46
787
669
658
839
176
542
797
762
11
375
230
619
630
29
941
483
142
944
772
830
572
921
546
368
54
317
642
800
676
669
526
4
814
873
769
564
861
746
537
28
589
89
249
731
87
441
239
604
758
9
260
332
313
18
256
185
576
885
857
265
850
829
768
974
781
579
435
1000
134
194
140
18
629
107
142
243
284
24
578
114
753
5
610
840
397
598
937
801
276
433
461
660
497
941
638
419
782
446
894
467
945
42
61
377
689
793
83
996
292
578
81
375
431
735
829
916
393
694
632
25
119
366
316
346
340
46
701
66
787
148
519
374
869
406
355
454
524
405
853
20
695
258
120
106
43
321
650
923
736
933
196
496
157
444
312
463
