0443
953
514
128
616
464
233
593
295
764
391
914
1
533
336
842
929
74
916
103
527
132
662
548
491
33
196
845
767
239
340
177
607
693
589
351
765
663
595
147
661
386
408
2
322
367
807
701
671
788
894
200
370
946
113
567
115
854
439
18
886
957
136
323
505
976
116
1
515
926
480
892
586
667
166
91
525
10
746
58
784
261
167
915
412
648
905
586
309
780
977
125
999
35
511
553
507
752
815
854
133
326
177
334
471
417
81
376
819
193
370
247
39
75
111
896
564
907
170
569
417
763
413
421
146
254
899
263
415
191
596
370
528
207
902
265
670
242
98
619
946
880
370
119
790
779
808
967
783
407
36
106
725
473
607
526
933
872
261
610
138
303
834
263
725
58
84
120
977
536
455
823
204
887
376
912
366
457
508
37
861
930
48
104
73
600
749
846
773
863
623
815
224
69
866
153
733
410
63
460
823
937
747
389
937
20
102
944
271
925
381
998
416
647
874
906
643
28
482
917
3
217
457
930
766
577
146
681
564
502
634
464
444
501
982
456
514
684
365
722
205
881
943
662
887
414
931
776
302
340
223
757
150
882
306
741
827
574
678
463
747
656
460
972
542
38
218
490
425
322
869
688
154
774
324
952
43
998
601
860
267
667
225
204
772
951
800
935
161
674
398
545
68
127
364
390
375
234
120
163
987
967
227
201
494
906
637
456
637
676
790
445
417
3
17
838
80
395
55
809
127
713
686
883
97
287
494
177
987
656
149
928
619
759
601
134
223
574
189
578
479
440
691
489
70
745
895
159
709
782
36
108
19
546
670
432
187
562
653
445
333
645
480
831
858
827
987
820
149
435
849
241
725
923
768
720
405
593
634
418
667
50
104
565
53
968
299
440
828
246
256
452
482
947
790
882
249
477
782
5
427
566
728
892
949
7
593
97
206
159
659
771
80
781
193
245
838
901
298
148
860
731
145
381
964
858
125
370
