0444
45
916
436
219
220
378
19
392
786
252
365
787
722
27
118
787
522
174
833
964
930
506
801
247
699
387
758
144
297
995
965
132
147
951
735
527
439
321
810
922
637
831
637
910
712
114
343
606
609
55
614
786
644
306
19
91
82
861
901
203
483
36
355
225
69
641
777
438
510
96
390
399
757
286
504
892
851
881
939
39
497
255
157
665
600
310
424
682
455
223
335
959
190
259
175
536
562
353
221
655
174
560
125
366
164
91
637
139
145
719
126
629
769
547
594
721
987
266
835
190
627
391
326
864
986
282
250
743
118
806
379
850
509
220
417
125
50
759
345
354
925
460
900
718
949
670
112
450
415
490
739
390
294
294
368
27
300
824
436
825
962
222
98
418
172
848
815
509
698
269
323
112
167
270
431
986
885
700
301
575
974
113
97
132
72
754
568
872
658
141
618
568
135
116
240
73
440
698
52
688
209
572
269
607
695
891
263
924
386
532
899
726
833
416
499
183
197
845
923
586
439
955
772
375
389
780
854
267
316
656
852
965
816
613
240
943
622
939
579
286
683
424
29
478
227
