0445
449
868
866
631
639
667
794
125
417
635
586
708
267
260
410
27
654
478
548
372
83
671
944
792
461
707
289
353
63
164
309
689
527
223
338
806
264
794
109
907
302
946
900
529
883
275
612
241
367
942
300
493
767
242
64
516
383
993
128
911
910
295
899
848
54
630
870
983
585
102
543
466
516
64
484
387
647
19
445
828
686
558
415
740
6
337
973
42
451
688
469
800
505
772
866
11
828
685
737
274
309
512
466
262
64
436
670
342
49
395
622
653
916
592
566
266
348
499
509
278
713
286
482
368
433
977
491
46
734
208
992
374
232
563
992
796
755
96
683
266
984
601
578
841
700
612
266
900
52
488
504
96
696
895
702
326
922
996
888
769
988
72
503
760
218
862
791
983
394
340
933
473
25
202
304
544
182
448
82
315
34
13
684
498
382
100
855
695
872
686
565
955
379
197
377
915
693
198
51
865
143
875
517
518
31
358
345
914
102
548
489
290
97
730
650
46
162
128
997
380
983
306
868
998
56
679
358
464
148
283
255
529
742
191
104
109
645
918
45
484
870
822
228
863
274
816
625
393
138
296
885
994
16
583
234
286
801
830
125
80
629
199
684
480
96
189
467
946
55
744
628
566
511
110
872
327
177
980
457
81
957
80
542
180
832
612
516
507
42
104
825
39
925
852
868
980
806
448
561
956
553
48
114
876
200
557
423
184
727
554
831
526
605
34
364
151
519
242
494
905
55
274
328
976
828
288
750
414
358
868
880
495
456
298
137
73
245
337
200
511
169
331
567
75
990
6
218
408
47
157
891
185
727
710
779
791
56
966
592
513
346
338
612
755
963
575
925
605
529
905
919
292
481
355
71
167
872
146
373
480
226
594
183
281
763
666
911
956
709
173
719
682
172
622
609
902
60
598
643
368
427
606
850
873
345
476
95
980
109
519
917
695
827
720
481
71
264
586
927
255
324
118
440
160
350
402
633
243
740
976
275
715
650
223
820
37
308
445
320
447
766
868
525
250
904
985
346
867
168
64
390
574
847
437
104
262
633
426
57
791
114
815
696
368
771
960
203
567
645
90
419
714
122
688
879
908
81
230
172
755
375
130
114
534
812
394
94
48
