0446
309
333
669
410
730
248
677
728
776
281
28
441
525
619
256
77
468
257
746
729
671
902
977
758
840
501
140
430
422
330
158
298
888
524
145
181
406
318
186
704
514
905
825
676
526
191
210
373
620
738
275
792
11
725
592
365
318
383
207
408
114
381
948
140
976
538
560
645
741
663
755
685
144
288
523
719
331
369
877
465
854
763
900
662
184
806
141
640
408
671
816
517
233
172
934
329
226
442
929
816
968
768
50
836
313
966
930
386
290
150
431
264
244
900
810
20
371
777
272
545
49
803
443
892
142
755
490
541
1000
85
276
827
905
124
632
147
334
781
186
370
545
470
997
772
921
179
647
990
536
232
295
972
21
671
594
739
413
399
752
149
706
613
412
594
395
114
389
234
509
126
535
458
968
238
335
603
233
493
516
779
524
548
80
386
702
262
415
613
91
328
258
286
738
18
595
377
565
282
587
84
371
373
787
606
500
665
798
374
422
599
360
185
292
612
62
519
524
663
590
611
103
839
24
364
349
333
973
447
263
840
544
145
159
254
384
205
159
661
941
562
95
647
545
632
184
537
735
480
807
506
429
555
64
575
556
466
668
155
192
130
583
990
706
351
950
236
751
564
407
6
755
655
936
357
459
464
552
927
78
253
332
238
153
389
992
316
396
970
615
54
813
584
890
971
