0447
668
16
307
999
711
738
139
742
680
854
898
762
389
313
958
808
457
658
774
34
411
332
402
717
541
152
634
974
3
632
422
387
963
505
818
352
524
962
644
518
751
293
164
160
708
405
571
957
29
965
911
325
147
107
361
631
480
909
629
685
665
219
968
900
307
137
568
860
553
604
539
895
28
253
355
737
966
366
11
773
453
69
27
883
187
954
352
577
851
70
341
519
440
486
3
637
255
247
604
225
565
343
910
950
321
858
164
638
459
539
715
660
675
5
255
275
767
762
501
826
953
217
38
339
830
590
672
321
382
447
861
861
230
14
511
973
114
310
783
462
487
863
339
475
148
661
427
551
667
175
893
939
208
99
708
338
96
765
805
823
399
222
334
750
990
625
83
107
205
10
372
327
567
474
280
651
428
296
400
262
940
956
441
268
766
450
596
52
12
451
250
157
444
809
788
765
924
275
6
773
486
53
532
630
885
476
183
591
501
961
