0448
671
68
83
141
96
79
129
158
414
294
997
403
946
981
286
104
615
282
190
886
451
33
85
543
311
715
673
15
360
44
410
852
486
243
680
412
958
556
26
761
689
993
475
6
283
496
954
729
560
291
162
555
398
676
752
672
954
373
580
910
994
32
21
192
392
73
927
440
451
533
247
272
324
708
279
789
74
558
532
349
527
952
30
46
434
368
161
702
16
938
620
294
688
56
162
527
124
583
665
109
791
691
505
753
403
426
508
330
887
464
115
510
519
185
373
949
267
355
328
613
297
107
169
355
430
915
868
702
726
957
389
562
351
107
391
646
817
299
73
192
482
824
961
62
97
85
877
599
816
368
401
518
495
19
676
633
163
80
49
637
828
376
151
258
440
425
717
596
484
196
474
410
936
233
552
366
553
134
916
976
239
688
960
655
390
645
800
941
22
290
383
940
697
513
133
948
8
853
892
802
21
587
878
38
786
885
600
553
117
691
660
385
979
498
396
906
152
427
500
653
944
430
734
17
472
465
930
893
804
887
911
441
592
959
23
730
992
933
614
155
761
894
566
24
999
887
776
944
122
366
772
571
981
426
10
396
541
687
987
687
296
