0449
180
789
986
802
840
306
990
618
822
19
513
195
300
836
164
728
934
614
773
448
383
609
643
806
248
460
123
823
945
500
310
607
444
860
732
417
730
155
523
86
382
149
36
311
370
124
969
648
873
43
368
412
645
119
343
417
255
297
907
33
945
355
56
834
350
678
18
121
224
729
551
744
978
20
913
39
391
70
321
10
817
185
74
198
771
156
948
157
528
845
956
99
187
273
288
648
282
381
408
463
437
292
399
783
112
991
544
97
295
87
250
154
764
146
728
501
266
223
863
26
30
648
220
761
654
296
317
827
52
201
899
828
186
45
581
414
673
154
730
276
19
336
946
977
356
399
753
35
937
581
697
544
477
68
513
628
456
689
640
410
278
362
944
818
765
736
875
778
563
126
791
461
396
141
544
941
158
575
547
9
704
10
852
577
227
278
195
2
529
