0450
975
967
322
86
488
148
671
616
325
42
889
241
53
700
105
269
588
932
718
96
835
910
672
262
487
367
663
357
57
408
55
755
329
652
254
876
678
594
663
233
786
744
810
617
253
980
796
336
640
610
263
636
955
930
599
244
351
797
561
613
151
948
286
28
232
130
9
615
296
80
433
801
242
166
385
336
666
66
691
880
405
586
182
264
102
592
216
688
518
46
898
276
513
729
636
16
736
859
977
722
802
853
67
931
420
243
117
328
634
7
932
353
695
65
116
648
262
956
358
724
117
838
152
420
936
124
982
930
11
839
397
460
127
231
946
965
779
92
601
564
69
758
982
775
748
902
66
271
141
324
811
19
132
444
752
771
49
44
625
949
24
39
509
862
611
630
490
954
58
121
659
574
792
20
196
7
633
445
531
89
35
115
88
393
781
477
807
710
269
190
432
863
211
231
493
866
795
62
657
458
373
264
362
196
921
873
342
931
417
199
507
708
353
651
388
30
117
990
377
891
70
741
906
729
125
937
606
924
449
165
221
157
467
328
456
288
386
313
741
65
534
884
33
161
499
285
828
490
191
799
782
884
6
597
422
537
819
389
799
988
243
599
402
251
836
125
435
677
491
123
422
960
549
462
927
966
193
766
807
319
208
858
159
421
576
945
876
688
135
419
937
438
299
802
139
481
197
235
615
18
563
910
816
690
827
429
116
493
848
190
370
521
621
904
102
182
779
174
667
627
717
870
603
87
745
43
265
248
465
507
491
290
949
462
458
364
373
915
335
781
388
685
577
489
716
442
446
178
699
490
252
990
218
500
104
762
330
599
8
305
639
201
571
631
416
504
854
415
117
19
551
821
218
564
637
168
464
505
866
225
909
692
118
132
125
290
94
586
113
958
281
892
15
563
989
154
199
905
445
751
612
765
859
323
231
469
976
937
343
287
755
342
467
607
638
786
77
273
808
301
255
914
65
499
311
852
969
771
495
421
892
326
394
35
420
587
898
890
132
539
434
964
258
107
603
577
569
884
247
807
977
222
837
105
415
784
570
707
692
859
641
712
286
336
869
110
474
249
901
207
221
91
