0451
68
678
845
337
266
124
12
905
50
627
717
5
969
209
266
286
221
28
455
180
50
229
880
673
647
50
888
171
745
786
526
750
142
205
453
142
124
108
297
15
978
36
725
813
846
124
289
944
40
583
740
464
687
891
600
630
992
677
255
987
704
798
94
477
272
692
675
232
813
227
728
778
491
708
540
234
677
842
587
935
979
448
252
606
430
342
528
183
102
587
210
62
707
123
162
905
648
820
176
875
149
758
830
437
104
418
227
375
142
876
598
807
859
128
43
562
526
819
70
643
815
551
407
611
260
722
897
192
161
538
437
990
248
681
294
906
117
272
552
789
457
248
827
753
420
602
384
967
542
202
985
909
468
886
291
2
873
905
782
454
174
77
231
447
134
33
752
515
321
294
690
577
518
804
56
749
210
778
505
999
530
442
284
498
392
540
63
288
871
637
47
877
82
609
729
829
40
48
411
163
753
73
952
5
542
482
904
147
543
648
348
836
738
444
988
408
887
625
136
520
613
697
727
721
409
41
706
868
788
129
287
853
953
390
166
677
503
170
446
557
211
977
656
40
243
585
710
390
616
705
672
16
641
999
696
128
598
595
285
772
993
751
248
288
196
788
37
985
566
516
220
614
420
173
834
320
796
167
359
197
77
869
996
260
114
973
902
49
569
691
289
904
362
78
891
972
771
23
344
242
373
32
244
502
935
230
