0452
632
112
386
65
773
389
95
335
664
676
353
847
905
696
668
832
409
71
195
929
11
562
120
961
989
483
944
252
180
290
335
336
248
687
957
835
563
890
88
866
873
956
805
104
324
52
859
75
376
869
856
814
22
788
486
389
596
440
945
566
168
746
222
810
558
335
216
928
277
703
403
408
673
660
589
922
156
156
446
57
727
764
961
928
236
20
919
220
880
380
714
292
731
323
726
511
857
689
912
550
209
966
472
149
220
428
16
675
440
929
984
623
753
974
222
987
86
122
97
219
843
225
610
94
828
951
781
446
940
638
447
958
498
13
157
999
252
346
268
333
686
718
182
804
923
816
176
161
436
665
40
561
858
873
812
394
805
849
475
805
107
210
263
160
468
768
684
516
474
737
425
476
496
506
993
243
211
201
156
572
896
931
851
781
913
617
801
330
812
139
589
928
534
433
238
228
306
53
939
3
785
301
23
18
403
14
786
880
506
355
681
99
