0453
600
946
204
259
856
588
958
660
522
682
79
655
592
136
191
474
945
835
734
159
320
841
857
671
762
837
567
240
743
150
768
708
878
562
603
930
967
547
352
775
639
189
845
218
587
43
473
184
762
445
540
241
155
811
393
565
999
464
212
777
186
530
616
738
762
256
244
923
144
164
225
733
428
772
162
924
598
97
850
485
246
172
215
383
57
160
982
531
365
2
869
260
675
211
728
920
775
369
532
212
75
403
195
978
27
894
378
728
30
12
499
932
401
920
103
299
940
529
308
436
207
928
399
288
967
178
506
545
538
357
613
670
612
673
286
570
32
777
463
866
290
815
830
882
521
535
773
437
851
164
453
810
285
318
512
639
457
849
104
463
921
624
451
990
437
706
582
599
643
960
669
591
984
277
882
537
179
598
420
165
864
372
72
978
280
974
736
149
574
554
381
599
43
580
332
25
944
361
427
168
46
338
806
684
928
362
86
153
13
730
9
794
133
103
534
478
132
76
618
3
177
8
765
918
897
785
662
1000
765
202
442
717
37
2
342
932
880
669
811
878
101
266
270
631
254
161
683
327
249
540
937
649
317
497
136
407
49
437
879
410
96
726
187
507
698
651
125
624
285
435
893
301
526
966
898
528
505
177
437
460
378
48
791
432
322
170
9
287
660
99
176
53
822
734
191
106
362
352
214
