0454
487
39
224
647
923
229
182
21
478
739
396
799
697
482
471
57
428
318
970
475
852
469
989
455
494
908
754
660
566
408
826
277
443
766
215
19
385
964
88
757
196
543
319
28
201
581
329
172
237
652
140
254
501
303
309
936
949
249
443
630
565
41
615
858
857
316
656
401
885
738
203
411
419
159
497
354
29
914
890
456
975
457
407
621
383
914
924
81
507
79
503
898
847
674
822
623
874
326
580
293
188
590
875
197
851
416
804
75
334
358
958
406
486
569
103
516
24
12
384
561
628
338
465
959
175
482
238
138
566
979
918
20
717
518
903
19
440
578
194
62
376
304
137
579
802
782
595
377
247
558
404
53
873
208
397
709
330
256
388
63
383
650
592
323
681
472
381
382
10
429
189
126
71
648
675
53
698
882
318
864
645
975
161
707
672
159
667
830
43
964
622
51
216
554
646
732
