0455
127
159
254
347
841
124
54
279
95
388
420
162
880
911
424
550
861
669
577
893
514
868
194
473
342
947
558
723
403
217
795
461
369
176
851
189
222
621
225
24
379
394
525
109
988
272
267
620
233
110
385
704
228
19
478
727
269
130
586
132
913
10
372
679
180
731
131
52
219
181
428
461
129
492
988
676
403
673
765
465
585
806
332
608
579
446
666
320
204
578
473
784
566
584
975
45
165
59
548
971
679
376
57
206
858
313
872
546
988
474
576
720
169
608
680
863
357
498
477
369
174
883
634
232
353
633
301
854
339
213
187
379
115
868
478
114
126
708
762
792
322
144
540
522
572
239
67
856
46
343
815
45
207
745
992
423
233
735
517
71
352
253
457
470
998
584
421
384
850
196
328
382
883
544
680
351
948
220
949
731
956
19
323
66
131
80
881
415
995
558
829
307
969
300
307
707
935
120
177
131
206
378
599
