0456
761
477
783
417
502
138
68
9
212
947
343
660
609
710
129
227
961
362
41
410
756
885
234
663
86
658
325
69
875
568
281
104
539
142
645
889
560
62
482
616
431
641
113
23
900
477
396
774
852
64
585
431
260
117
700
963
849
629
166
639
581
506
232
471
180
210
324
537
632
806
951
628
409
83
383
258
874
190
61
869
222
627
514
201
815
32
140
336
4
159
5
163
637
463
705
190
250
912
794
403
195
563
543
674
661
326
108
684
600
485
938
506
551
542
20
479
311
106
916
122
771
838
692
386
727
192
197
225
81
420
153
411
885
732
359
893
969
76
689
619
996
442
894
313
914
157
447
342
190
647
645
7
274
105
334
817
249
411
112
425
674
675
977
798
29
167
758
619
659
621
62
53
606
606
339
27
292
251
936
467
111
332
982
973
232
828
267
339
214
359
111
276
457
142
610
710
580
