0457
178
460
867
8
329
249
465
887
722
484
642
921
290
274
989
763
171
277
1
68
409
568
384
858
552
493
835
352
113
981
160
218
489
899
861
829
655
721
395
18
773
979
836
79
916
68
861
185
574
417
708
181
300
54
923
354
813
999
11
517
922
80
353
697
90
17
387
131
880
877
407
278
265
872
794
121
264
702
989
286
801
237
199
362
523
809
84
463
947
170
128
379
359
524
315
879
12
35
242
676
280
288
383
994
584
963
574
455
710
165
406
865
280
147
679
808
973
836
275
904
123
835
442
686
483
790
393
13
306
699
883
102
720
299
303
443
92
772
158
11
453
123
887
622
77
719
224
264
26
938
314
86
