0458
51
294
814
460
882
962
209
1
605
414
153
811
429
693
801
484
390
559
60
469
978
372
231
206
421
851
601
631
986
100
313
51
731
262
28
390
78
178
714
398
83
967
459
559
671
68
43
191
153
504
308
571
249
599
586
502
881
841
768
992
215
655
566
773
19
330
83
931
662
419
586
763
843
396
724
13
131
896
147
485
510
324
256
91
387
330
226
995
538
62
176
745
512
539
223
919
854
962
919
390
665
334
290
308
556
452
512
444
74
683
315
477
589
657
178
100
617
780
89
138
457
695
19
168
898
198
643
9
364
487
114
605
266
552
412
708
293
313
25
52
658
866
108
297
836
42
895
306
626
572
197
171
576
440
855
446
648
251
62
431
161
288
831
989
899
452
684
45
723
452
304
915
304
22
997
477
451
338
300
464
799
396
931
369
423
625
655
268
781
275
265
439
936
502
100
363
655
179
301
815
764
883
907
638
16
25
206
385
766
454
726
389
82
265
608
990
922
180
699
827
278
588
932
228
546
787
100
216
657
128
86
703
332
891
426
295
439
602
436
605
951
898
977
927
902
108
908
473
889
723
946
401
638
633
43
955
777
584
