0459
384
317
325
485
13
748
378
835
689
493
72
421
63
67
162
304
262
967
70
407
181
956
610
268
863
514
519
318
394
544
826
547
922
873
493
405
116
935
376
835
451
641
194
257
900
921
636
802
383
29
963
807
193
746
483
163
89
446
402
402
6
182
482
94
313
1000
898
489
680
307
38
491
953
472
534
227
945
117
14
97
424
118
375
873
185
374
259
567
10
390
800
328
508
938
57
56
48
426
919
17
513
677
942
44
580
234
760
970
190
947
620
858
104
815
42
961
191
408
333
158
480
219
426
756
924
632
235
430
405
169
968
914
947
842
848
346
154
76
815
573
115
294
801
606
710
943
315
68
493
827
609
679
109
714
472
687
832
650
113
191
20
303
514
906
848
630
599
851
994
798
510
252
28
146
183
679
796
626
417
455
84
143
363
319
221
710
643
426
545
355
210
756
156
718
602
694
829
116
511
9
30
67
242
429
174
643
938
461
586
205
282
497
328
71
627
575
515
359
662
914
191
464
389
105
883
395
573
200
155
17
43
355
286
841
920
684
79
921
376
757
360
350
13
241
470
409
523
46
369
171
121
560
533
839
669
792
692
522
215
536
84
634
948
594
219
808
719
320
542
593
704
283
408
257
274
559
218
158
855
4
162
714
873
396
169
575
130
520
946
941
49
873
816
432
86
505
854
334
596
789
247
85
890
307
205
319
844
75
350
468
115
942
601
210
128
385
735
731
559
540
76
540
969
721
535
3
902
654
12
172
883
900
808
551
