0460
992
620
716
879
967
802
90
69
62
598
707
610
639
828
345
152
160
470
628
107
709
822
568
34
329
671
613
796
715
186
526
540
370
384
206
879
39
737
222
203
774
471
243
768
43
145
683
31
442
632
522
830
609
682
99
283
541
891
620
861
975
203
256
870
103
677
158
740
326
148
420
493
130
311
533
40
682
696
980
117
133
690
108
981
115
988
934
508
43
720
878
446
366
621
254
685
537
860
990
683
720
626
602
474
621
325
408
395
822
231
549
977
764
1
179
702
288
914
735
536
879
493
384
336
824
147
585
84
920
14
486
123
175
803
233
443
967
585
835
17
737
654
904
458
168
99
472
887
557
146
660
508
175
288
842
639
424
200
262
16
392
300
324
67
100
994
454
951
790
656
603
32
11
397
887
198
755
895
264
111
277
301
671
498
356
928
307
151
685
981
472
404
88
959
862
823
757
755
347
857
49
761
548
598
418
436
136
961
673
240
159
158
314
386
708
267
239
272
127
594
