0461
899
83
17
502
96
32
368
512
298
737
5
392
120
351
786
485
436
368
248
287
258
725
553
889
839
705
321
380
758
714
332
36
873
700
176
809
238
577
477
456
298
64
658
355
986
951
478
800
647
187
997
634
587
45
619
167
921
422
283
526
420
303
621
346
153
646
270
615
102
516
901
736
122
700
862
456
408
324
260
161
277
501
647
5
726
818
985
456
857
696
757
741
332
122
376
425
911
572
475
506
271
204
841
695
427
301
343
260
835
204
367
628
14
238
58
975
392
951
605
738
495
853
307
686
82
652
19
973
46
468
940
840
415
221
678
11
265
375
110
174
364
943
956
10
692
152
70
419
255
524
381
588
335
930
350
880
255
576
380
811
901
912
546
283
137
308
778
500
351
960
329
165
620
165
130
428
427
51
471
560
307
949
466
322
497
187
491
318
348
1
26
637
896
199
811
266
147
979
974
636
349
906
805
827
988
986
784
900
438
551
839
13
753
53
78
646
420
812
963
334
179
148
520
690
512
397
151
380
12
964
245
920
392
160
990
106
132
66
136
801
265
441
95
403
748
122
897
905
150
5
619
653
609
424
98
438
742
642
841
693
467
261
799
786
54
574
390
724
106
588
139
96
53
952
507
632
159
791
454
326
579
186
157
114
852
35
223
94
121
461
28
90
872
591
403
117
847
160
721
299
230
457
714
221
391
222
292
77
213
273
545
823
873
434
4
801
739
404
192
141
681
34
664
316
479
179
147
621
634
415
141
409
47
55
458
741
244
259
721
356
79
910
731
525
289
22
691
85
990
