0462
193
923
861
589
442
637
119
190
558
114
375
314
133
710
875
856
338
153
72
749
189
223
882
994
25
314
196
614
290
660
124
597
244
690
174
684
998
466
742
530
69
114
58
925
260
432
696
668
676
864
767
535
242
343
922
725
2
644
674
618
917
891
958
265
158
754
826
326
669
742
851
640
285
863
742
365
746
222
393
267
552
303
495
394
648
819
784
569
169
772
232
917
32
977
883
211
405
139
877
765
134
741
317
277
46
321
521
381
78
588
965
989
276
79
605
129
84
46
225
818
984
801
666
539
575
166
718
112
508
596
58
419
688
816
351
398
5
852
882
580
353
411
490
740
211
751
245
76
760
223
541
58
298
267
123
169
993
861
953
683
459
208
439
412
714
933
98
720
379
388
407
721
323
350
237
703
788
25
126
826
36
642
606
629
38
28
70
740
338
980
142
102
657
16
207
906
13
103
330
707
553
882
552
430
625
813
41
68
554
717
347
442
811
254
508
557
857
462
803
344
828
207
495
152
318
47
244
700
214
673
911
286
954
297
287
857
293
312
427
417
671
357
975
154
898
281
513
164
904
866
147
892
81
202
135
929
827
245
695
860
284
264
641
908
358
891
499
194
195
100
196
138
545
284
730
846
479
358
497
518
928
141
488
645
840
792
973
401
449
15
784
810
674
759
770
872
261
863
760
675
288
678
278
692
724
264
679
267
415
740
53
293
256
836
521
574
266
327
669
77
682
385
157
668
401
500
796
960
766
855
392
377
142
687
271
702
698
824
810
907
423
268
323
348
563
273
562
753
90
27
413
878
637
779
755
789
256
695
652
587
408
322
336
379
25
230
151
53
891
113
446
140
6
160
215
736
494
822
339
751
513
903
488
602
953
975
649
451
47
32
684
668
979
442
467
