0463
487
41
928
45
72
149
947
260
264
585
196
832
713
713
747
308
759
695
371
646
319
157
789
857
796
468
235
957
313
469
851
688
750
135
143
858
664
430
34
951
651
589
590
193
779
14
68
471
286
312
370
782
240
660
954
550
472
348
228
679
499
202
335
996
902
367
502
507
800
865
731
729
644
144
955
328
492
859
635
526
74
576
242
539
323
259
857
117
127
458
438
457
368
784
902
640
969
918
350
244
267
806
88
614
670
266
514
875
458
357
752
386
277
315
802
307
90
675
364
316
718
679
965
825
164
534
37
955
857
703
813
473
539
70
673
178
748
996
583
485
744
787
741
713
162
650
728
604
111
654
75
637
291
387
535
219
214
569
343
241
977
961
261
11
180
307
662
697
519
993
933
359
72
844
56
258
412
260
3
662
632
732
826
882
609
334
162
363
826
433
577
241
213
301
392
129
741
769
955
80
860
83
1000
457
230
185
479
656
301
662
592
966
216
143
694
620
420
459
698
135
437
595
929
609
509
917
736
308
914
7
47
296
329
184
409
404
612
506
158
999
587
993
37
9
327
951
535
901
458
940
412
810
329
271
626
148
117
113
999
414
892
273
378
1000
648
71
760
279
981
908
201
807
572
343
3
348
958
774
639
812
603
374
1
262
69
835
978
848
215
347
679
349
773
629
264
757
82
83
885
769
800
896
3
229
104
558
551
729
138
219
962
668
683
896
7
527
566
212
751
639
547
566
76
41
876
661
180
278
320
41
810
923
277
816
265
932
323
682
627
822
745
562
44
469
409
182
851
458
660
995
581
458
505
452
916
870
294
920
265
216
408
1000
201
802
691
545
633
257
573
424
919
80
924
586
227
65
903
131
64
438
601
234
690
904
114
602
842
79
182
78
531
40
7
45
577
130
597
20
728
489
282
703
780
813
650
364
792
698
832
497
267
947
532
951
511
870
401
608
974
235
406
223
73
41
149
468
694
49
972
569
54
861
981
763
828
98
745
924
73
311
967
634
229
611
207
651
728
427
912
611
565
447
185
489
49
561
863
553
572
435
226
1000
928
818
80
323
110
615
138
259
97
925
835
878
251
126
437
837
886
947
353
985
446
958
664
329
128
197
684
448
