0464
430
831
64
326
347
538
975
388
620
41
844
386
508
984
271
144
218
985
484
291
403
902
110
850
308
188
845
50
186
477
115
28
879
611
701
365
116
409
6
220
15
983
82
457
610
219
103
847
545
960
860
473
930
307
923
795
561
124
597
235
199
90
27
445
756
640
208
768
653
665
59
575
914
513
74
641
322
866
753
251
909
354
220
327
36
457
192
288
939
722
588
899
985
412
275
538
110
815
784
136
1
770
117
446
928
382
367
776
950
416
467
304
684
997
955
248
130
400
501
574
273
10
685
566
763
709
811
755
986
892
100
754
895
858
320
614
473
237
407
865
506
764
938
789
374
140
992
325
837
384
244
11
22
1000
568
739
158
458
570
315
15
754
888
346
824
799
667
499
17
702
511
493
471
431
696
553
615
586
556
395
