0465
958
275
36
780
77
770
644
308
927
336
457
570
776
93
8
972
547
517
237
734
653
53
798
575
868
570
314
213
941
553
555
304
617
987
9
495
337
968
460
995
547
778
974
180
6
229
731
318
413
904
755
747
688
772
484
760
418
99
578
85
38
782
609
170
703
851
926
152
213
850
360
782
433
66
439
840
63
290
47
515
80
618
348
537
419
416
741
9
300
426
604
304
693
999
627
371
748
974
519
527
958
662
552
191
119
215
911
240
763
160
4
616
747
485
557
767
46
489
351
391
29
987
118
929
482
579
142
149
204
93
357
240
848
911
176
461
947
493
988
884
242
430
766
711
746
443
936
203
58
432
499
833
639
109
671
279
493
994
72
861
582
134
445
630
679
389
454
890
807
988
80
387
581
439
347
968
660
553
966
820
212
296
524
185
459
194
722
831
342
63
276
474
69
120
730
749
872
313
518
909
31
817
464
595
107
569
415
965
291
149
62
674
887
206
548
649
475
5
994
316
880
947
824
463
53
137
136
230
76
785
587
357
168
941
709
571
75
739
569
865
527
131
275
958
152
753
807
627
7
399
332
737
165
178
718
640
283
390
155
649
218
881
342
435
579
386
480
475
382
758
703
733
521
471
408
659
939
621
668
755
709
475
243
468
381
132
101
420
714
107
586
262
745
265
557
796
531
594
886
667
585
450
211
529
89
595
270
773
68
975
31
198
860
775
385
375
318
324
949
235
635
185
454
48
229
733
6
584
325
778
592
914
724
671
861
290
181
441
687
304
526
580
358
220
800
145
79
647
767
930
534
350
724
42
108
629
500
837
423
429
224
279
620
265
124
892
377
652
114
778
99
174
957
886
244
755
809
991
930
568
923
577
444
645
103
134
864
517
794
936
481
855
529
27
910
786
63
457
466
575
428
190
894
381
634
417
382
395
270
349
781
183
