0466
183
46
746
847
941
262
702
199
809
633
759
821
187
469
78
797
483
952
115
970
834
636
549
756
307
619
547
624
96
210
895
546
57
939
772
92
690
116
11
783
322
697
300
560
254
970
606
113
249
148
829
371
108
924
103
940
75
433
144
271
427
613
190
417
485
301
504
672
421
663
906
233
119
948
329
861
478
153
300
748
275
543
563
693
642
974
904
926
871
335
460
64
380
214
497
103
723
494
608
381
583
717
836
17
246
368
804
150
378
952
180
768
550
150
501
892
842
664
493
900
644
792
443
688
307
427
32
133
962
603
287
526
946
696
416
249
949
400
580
991
732
60
516
98
2
783
726
980
817
712
270
264
636
845
712
760
830
329
373
82
363
537
341
671
982
244
6
964
957
62
224
366
348
674
669
474
197
628
32
324
134
905
677
78
360
740
27
80
933
14
20
323
136
843
412
837
87
86
28
577
505
965
890
276
647
459
208
581
708
93
577
419
432
118
172
143
863
238
734
421
293
392
446
307
226
952
378
226
466
587
768
635
38
579
361
433
315
307
725
897
553
12
441
251
634
236
953
483
447
210
635
762
873
54
594
878
148
748
972
761
250
78
516
209
727
232
18
81
85
641
457
891
228
126
311
909
681
177
428
949
499
654
239
972
396
681
725
25
549
770
700
262
782
166
921
873
423
932
840
390
438
823
1000
258
360
566
377
762
287
794
658
903
709
748
982
8
70
365
529
9
959
457
407
852
23
890
17
626
259
436
236
227
631
444
264
762
325
354
124
439
875
167
506
302
604
724
12
846
501
56
456
402
547
850
747
364
345
421
446
305
192
328
992
483
955
134
751
660
113
1
907
144
457
203
778
280
634
65
353
664
576
600
807
347
167
498
447
152
348
220
604
432
388
639
945
571
670
334
39
237
889
68
466
130
786
169
433
389
837
343
146
201
170
939
7
293
96
518
24
300
568
96
42
110
657
519
224
597
37
987
495
142
774
230
609
557
87
