0467
999
158
994
476
764
884
566
475
533
345
998
238
540
972
238
820
831
558
388
805
277
834
421
264
867
173
836
561
759
697
748
203
945
363
821
588
426
928
664
985
553
634
862
752
749
55
343
804
597
346
432
538
41
37
958
406
218
903
426
118
882
946
132
771
798
651
789
956
963
867
805
458
558
826
453
463
286
250
71
487
96
70
305
415
796
398
982
701
380
226
110
22
760
608
9
237
833
43
823
682
171
155
6
835
56
567
937
476
472
378
953
53
584
274
267
79
34
543
876
718
597
830
554
865
202
119
962
698
730
135
255
84
713
776
684
389
365
60
674
675
82
743
653
310
77
802
102
809
723
586
857
147
642
321
952
933
782
393
390
544
904
648
12
592
814
731
719
270
669
528
904
951
959
469
232
329
998
940
792
751
480
43
231
173
919
246
298
492
359
65
623
907
954
783
695
766
678
928
762
45
708
456
660
335
744
470
183
268
628
377
538
962
540
705
637
985
53
522
230
432
328
764
209
354
507
849
189
539
310
806
681
44
486
96
541
221
449
297
