0468
971
556
332
245
196
87
116
717
196
162
931
90
366
723
609
495
858
475
50
660
782
832
225
997
779
151
609
935
747
742
192
445
788
791
962
846
882
661
798
477
264
773
804
758
782
484
233
24
94
278
287
326
221
454
251
220
447
319
262
367
122
615
494
513
662
166
34
753
763
258
809
797
759
788
774
898
356
40
804
867
88
665
802
264
775
280
393
353
647
340
479
100
465
256
943
148
888
678
869
912
137
956
180
475
194
258
967
156
516
80
358
796
104
788
668
668
714
52
480
478
676
771
89
280
956
903
251
49
795
782
681
27
626
341
596
237
172
8
599
833
735
883
857
418
347
939
392
947
376
374
854
812
328
235
179
507
255
241
730
493
587
562
607
269
754
883
934
835
708
824
190
933
467
30
36
15
509
761
842
408
708
883
779
808
11
675
156
293
914
815
341
241
539
487
224
60
951
600
683
349
433
456
403
931
52
382
812
898
972
793
72
495
572
79
334
459
199
583
45
145
919
354
846
102
307
670
634
903
285
760
168
463
749
492
652
765
860
748
491
494
733
382
995
429
265
241
298
209
932
103
602
686
628
995
776
718
756
147
819
153
614
170
736
591
228
542
979
142
564
223
99
286
355
918
261
562
771
226
409
731
662
820
622
68
638
792
766
69
246
155
223
732
514
761
49
298
442
886
832
899
857
386
626
237
197
30
388
549
803
141
705
970
171
294
523
327
890
467
274
528
509
905
858
923
720
817
698
934
914
551
958
616
853
627
514
128
10
294
114
30
553
647
615
734
670
829
502
400
750
440
863
925
956
314
856
639
663
134
591
711
533
812
1000
40
995
93
890
891
212
785
978
108
147
210
196
620
621
270
201
366
786
167
227
43
448
876
918
866
37
566
626
52
355
942
966
928
464
529
361
43
347
190
