0469
379
693
128
92
598
387
368
926
339
420
845
94
523
146
261
959
77
947
5
242
733
106
951
531
792
323
113
15
414
227
98
592
524
957
716
383
650
411
816
155
306
809
853
270
507
591
908
185
136
304
496
74
672
702
473
427
20
396
752
226
167
192
706
197
974
973
344
476
594
949
980
707
757
699
250
624
134
384
261
851
831
742
693
741
627
430
623
954
245
102
258
657
154
627
353
850
380
438
648
227
361
973
533
1000
759
940
50
558
605
7
235
316
298
284
152
774
691
946
37
824
349
172
977
54
351
967
154
662
121
667
697
94
799
457
890
317
525
589
73
105
444
31
994
157
236
107
819
655
439
442
797
702
639
303
506
148
387
623
559
514
628
360
741
609
790
352
553
240
512
277
483
337
335
79
866
213
476
26
460
368
736
696
483
607
248
837
922
512
376
191
780
78
877
540
990
730
249
420
237
574
902
182
762
742
27
199
18
183
496
939
863
692
889
440
634
659
776
246
313
133
510
558
569
312
939
29
268
774
760
209
755
681
354
406
722
99
666
454
28
963
218
473
600
589
202
784
965
281
355
215
505
737
184
292
338
452
475
501
630
401
529
159
13
311
464
865
737
923
904
437
34
293
263
331
425
621
823
951
479
121
569
43
590
849
984
681
862
259
322
648
509
613
712
438
200
63
623
589
417
207
200
627
463
341
490
763
302
694
939
48
741
665
920
283
682
412
130
125
238
933
78
771
196
420
227
782
563
169
65
786
708
952
896
484
817
842
912
730
711
10
388
463
67
265
590
246
717
727
373
817
393
124
610
433
471
716
177
304
122
404
336
529
988
220
102
939
352
695
927
605
603
695
258
363
608
