0470
299
650
40
33
869
577
224
488
440
874
438
206
695
490
87
627
664
924
401
393
64
525
824
770
791
866
404
664
695
958
27
616
621
773
472
416
317
220
687
610
548
145
870
102
904
514
690
258
377
828
717
895
272
886
594
840
559
28
946
82
857
796
309
788
437
647
74
533
349
691
104
857
71
731
256
60
504
943
783
689
425
918
664
876
593
195
141
649
152
782
444
767
636
631
528
473
615
744
385
619
974
458
490
798
862
606
157
778
125
596
456
191
797
573
146
378
814
542
659
589
222
355
836
156
675
292
683
277
300
181
878
457
835
464
807
647
254
572
471
348
626
692
403
454
145
780
89
669
916
146
26
785
677
756
188
200
651
999
208
411
871
598
371
88
464
82
714
52
855
577
424
451
298
715
36
571
947
484
953
562
751
246
799
239
740
869
759
403
743
177
458
443
931
594
966
380
376
719
22
114
586
41
68
921
513
682
737
37
261
103
822
478
433
333
323
913
93
976
169
