0471
827
145
490
256
907
371
973
270
538
648
34
983
124
491
374
576
11
632
559
653
558
304
282
599
607
64
360
507
251
164
541
112
84
11
252
671
861
463
102
592
911
816
597
701
493
466
997
971
207
201
207
65
838
759
663
723
485
195
492
427
597
557
653
396
675
555
990
853
683
54
220
124
818
603
903
308
767
547
313
616
213
499
64
801
624
616
937
305
532
82
192
61
9
677
101
830
447
337
338
893
931
447
298
691
878
547
468
786
462
671
937
849
93
152
151
934
176
206
369
380
590
584
217
592
393
994
357
358
