0472
565
810
749
440
816
80
689
74
966
425
128
754
794
976
553
210
737
257
609
859
863
85
443
343
74
499
670
336
103
635
426
987
96
894
835
533
18
901
489
754
194
526
848
818
332
823
114
891
804
755
101
593
554
171
876
641
589
213
91
847
498
491
136
426
425
757
944
48
515
988
998
730
273
650
556
608
210
648
773
715
742
447
978
485
404
702
766
162
524
227
64
335
501
84
534
538
700
533
744
262
438
241
211
387
684
903
744
119
964
868
960
374
798
685
231
752
930
546
177
684
814
2
557
816
742
250
102
493
910
37
436
928
700
950
231
671
785
132
297
791
374
935
130
315
901
743
523
605
128
333
791
248
55
871
783
492
601
526
23
447
26
208
36
707
549
35
721
977
377
222
70
128
667
399
987
