0473
41
84
683
663
22
577
688
662
968
448
881
839
944
250
485
756
167
739
308
824
420
432
727
697
317
299
700
364
826
130
705
209
167
349
898
632
953
638
9
419
215
557
130
332
281
221
620
882
955
493
980
47
448
870
838
727
257
596
291
997
575
245
569
184
213
154
218
731
23
146
297
456
387
234
556
404
242
650
241
689
702
767
413
561
327
597
854
807
85
653
565
121
29
87
284
226
493
635
86
180
804
81
660
612
993
238
169
524
6
805
395
218
477
649
962
995
591
585
938
266
421
720
624
425
358
236
520
834
267
996
19
673
534
914
532
292
596
992
570
351
813
522
184
921
87
891
433
103
54
715
678
