0474
139
362
531
610
290
241
640
814
513
905
118
327
912
729
443
144
502
303
162
958
65
931
538
497
657
416
737
948
173
46
354
826
145
103
614
870
61
51
779
933
126
273
53
923
371
734
974
229
614
505
689
245
405
455
155
981
876
217
874
724
887
36
953
266
205
139
220
435
504
399
588
524
156
471
102
848
258
136
7
977
712
420
829
306
97
275
650
890
135
854
311
74
473
797
184
244
556
896
991
556
182
303
899
368
240
316
224
460
746
123
539
577
759
635
302
818
483
248
782
736
737
15
548
445
81
936
352
192
427
873
798
979
353
8
664
764
247
124
903
506
727
299
678
762
512
69
149
158
56
469
693
992
496
561
22
633
448
876
318
371
847
398
846
771
918
892
762
