0475
63
927
568
437
298
885
892
632
440
3
407
73
224
525
322
317
284
558
127
477
601
438
129
169
638
281
680
743
290
456
972
846
735
505
139
136
189
128
57
228
742
496
792
221
641
323
492
317
555
689
176
27
682
747
147
403
12
520
134
329
814
414
83
17
371
763
84
620
435
589
705
405
347
108
580
809
202
716
485
590
921
479
272
237
422
61
386
532
587
703
406
739
96
2
426
591
745
403
514
957
878
269
450
990
40
553
809
957
906
143
336
505
575
624
962
72
876
548
287
897
853
36
878
920
10
34
979
24
46
954
335
