0476
507
192
448
493
12
847
426
536
145
806
956
269
452
52
311
295
530
423
747
119
895
909
498
537
637
707
418
423
255
164
385
576
104
794
916
230
678
748
521
782
934
67
973
607
256
196
561
47
401
324
7
70
816
418
397
325
24
199
48
671
692
453
97
194
619
485
247
733
839
238
106
633
307
208
51
833
856
457
865
692
135
11
161
958
943
365
605
701
624
317
17
791
642
458
235
598
837
257
838
988
520
555
388
886
763
682
668
337
962
371
49
366
802
206
246
731
486
603
726
373
442
741
746
51
982
164
280
671
701
174
10
711
305
469
513
194
675
520
160
96
786
519
506
435
63
568
945
736
6
931
925
551
615
744
423
253
798
604
122
401
599
157
233
566
524
439
751
899
