0477
309
930
236
610
54
459
319
930
503
360
157
563
528
61
216
965
809
880
288
74
530
143
983
186
294
453
726
922
383
345
997
484
966
915
762
494
222
781
174
882
694
142
507
143
371
84
748
113
249
508
79
132
907
497
494
245
520
602
741
944
158
579
297
972
33
882
301
899
774
364
683
972
694
45
855
184
37
53
500
382
546
881
858
183
645
13
780
757
739
888
553
272
658
470
723
195
581
946
263
655
310
92
436
460
385
617
388
963
217
120
856
850
504
599
310
113
96
160
350
496
14
377
680
129
960
244
487
75
654
314
880
722
968
895
333
165
278
992
717
459
459
232
143
892
646
96
572
259
568
380
577
968
783
288
319
295
230
798
483
408
536
258
681
80
597
621
81
719
421
643
176
922
732
768
754
368
682
585
301
605
31
17
65
196
933
484
126
81
603
900
139
814
370
811
419
700
947
15
249
589
658
595
776
46
868
986
951
853
222
819
112
915
388
932
322
688
890
974
436
331
810
197
297
687
538
872
364
631
921
937
505
292
596
149
541
420
756
943
639
14
27
84
499
749
994
985
782
362
582
510
629
295
82
196
377
976
193
955
282
620
378
135
925
185
775
421
371
913
924
778
908
734
529
937
20
3
731
611
700
218
786
343
915
873
238
790
975
653
465
766
964
655
107
187
317
741
706
736
828
751
546
9
280
715
908
898
67
164
599
168
168
373
884
628
87
812
59
930
537
989
110
543
389
480
897
746
596
876
313
105
9
778
779
600
260
18
32
418
722
535
189
931
579
233
381
770
112
337
306
834
366
317
838
50
959
817
134
975
913
448
659
328
914
342
312
227
222
159
834
491
902
414
871
364
864
574
630
162
535
324
680
535
467
35
725
281
135
595
645
229
468
285
774
143
870
375
901
254
826
195
563
489
923
719
747
819
195
212
230
306
771
602
267
841
508
653
995
497
852
733
460
539
553
541
647
13
828
773
546
934
338
318
655
610
