0478
974
364
444
657
215
258
550
558
528
833
528
688
536
718
905
248
792
261
776
906
959
185
857
309
838
978
578
904
620
537
990
400
881
800
871
939
779
179
172
358
706
612
191
973
402
217
367
949
667
199
414
922
396
549
339
126
844
62
26
75
197
336
795
809
373
763
627
640
300
532
661
932
258
125
45
118
307
127
841
78
51
753
204
476
515
18
173
188
230
774
600
838
37
967
145
100
291
267
651
939
507
456
823
333
603
994
415
17
725
27
305
847
485
240
324
391
99
818
339
506
761
709
37
856
663
92
385
800
236
130
779
532
885
200
541
84
201
614
150
853
417
627
310
967
709
453
697
129
723
376
150
927
409
814
41
688
192
653
821
341
523
903
474
642
102
294
117
454
906
629
980
195
422
534
904
377
117
248
603
427
187
951
138
194
333
216
642
991
37
155
814
241
174
984
83
60
641
15
888
589
894
16
904
692
423
580
742
74
225
735
570
553
897
294
554
948
478
499
75
873
871
929
736
879
589
819
753
316
615
458
696
594
340
443
327
588
819
542
944
130
898
141
508
424
947
942
598
440
853
746
902
212
835
326
812
48
290
826
425
971
167
731
593
425
179
419
868
538
328
94
576
288
771
293
559
634
27
366
879
822
698
223
102
673
677
351
653
851
3
675
221
170
316
468
641
592
5
685
913
443
682
537
98
288
167
714
164
622
752
861
344
378
341
521
406
537
950
800
575
798
158
540
424
61
826
955
310
885
925
194
432
643
48
946
500
847
569
803
851
391
198
317
286
336
348
694
101
784
428
221
625
812
466
611
389
764
363
838
191
927
978
871
370
177
276
306
965
752
509
123
138
110
294
792
870
540
20
774
857
304
867
573
189
293
609
839
585
66
908
926
384
889
637
44
267
911
162
161
874
412
459
280
299
68
515
913
929
696
838
827
951
235
125
399
834
644
163
845
831
