0479
166
782
660
801
625
922
296
748
297
155
576
681
570
114
337
262
385
551
43
183
736
437
520
879
517
749
918
317
133
120
351
142
110
180
608
592
748
289
700
138
325
979
733
841
193
541
276
536
207
931
971
892
547
53
628
224
432
367
708
45
701
605
963
521
839
947
279
314
376
947
241
917
578
638
108
263
468
91
14
16
630
289
607
287
886
205
345
987
586
238
694
628
783
255
947
250
588
895
682
946
58
716
583
224
642
792
432
153
950
96
237
767
131
398
942
252
923
900
236
252
148
996
403
221
753
417
349
126
83
573
889
905
197
849
164
344
727
170
105
236
537
715
88
250
862
48
632
466
858
936
841
956
207
417
628
981
659
806
17
129
465
422
124
408
195
183
399
240
277
555
609
614
209
552
488
926
252
110
464
684
716
534
615
744
979
523
332
362
120
153
12
809
24
366
694
593
970
401
370
82
600
193
802
505
134
971
786
515
276
225
720
513
594
547
258
988
818
177
993
807
938
434
709
653
301
917
515
472
58
503
93
850
311
7
688
881
334
293
243
677
67
542
326
215
239
523
392
919
170
404
843
475
361
900
6
689
533
828
176
610
419
362
640
661
57
700
435
161
409
609
413
428
61
650
32
690
943
506
805
160
771
649
701
259
14
175
322
669
405
641
832
55
818
730
409
781
774
