0480
402
357
657
141
671
400
557
115
269
321
682
646
65
599
877
10
853
740
242
82
18
146
302
281
681
769
676
513
21
63
904
250
367
563
723
945
920
84
871
387
54
586
568
804
32
902
148
109
458
202
275
928
967
742
712
709
189
183
286
159
864
91
615
474
485
260
503
63
561
625
259
891
986
401
44
99
377
730
162
70
436
147
306
809
87
417
745
128
849
278
523
383
6
789
299
866
625
475
77
402
413
317
521
23
581
584
502
584
181
613
992
275
721
981
358
908
541
576
579
398
1000
661
160
480
704
1
937
543
79
266
279
178
336
226
520
501
208
918
829
225
995
687
