0481
350
67
657
197
532
115
491
368
84
319
658
141
396
297
262
905
806
460
922
453
812
104
802
813
628
791
557
310
892
514
177
657
64
811
658
363
919
821
908
589
93
946
598
83
234
965
621
842
284
54
360
232
153
154
625
339
215
985
715
16
631
824
588
241
868
20
824
414
511
724
750
402
120
883
663
279
824
171
139
144
213
459
421
639
464
454
144
217
962
45
119
435
270
605
825
843
574
617
499
929
772
858
480
492
544
425
823
445
887
1000
126
993
341
733
831
218
250
494
585
614
985
960
329
854
726
961
360
697
906
335
777
495
235
437
784
548
922
73
958
63
770
909
793
911
300
329
708
108
499
618
691
453
996
646
837
733
709
121
644
990
110
303
736
266
365
924
235
285
844
890
681
578
921
222
353
745
398
335
478
384
61
506
407
68
237
637
740
65
379
546
651
520
166
928
671
153
730
175
186
769
776
335
922
139
36
248
704
594
193
443
411
769
243
812
402
440
671
147
833
168
687
324
922
307
