0482
146
490
681
583
789
106
496
919
927
235
15
260
536
353
133
866
588
667
745
298
551
701
699
741
282
861
791
648
278
2
98
114
93
447
205
968
430
723
575
145
421
307
25
105
33
415
549
936
405
337
195
695
555
72
443
701
754
924
308
390
872
765
340
291
178
984
703
222
453
824
781
582
288
718
419
526
383
19
629
631
602
922
765
723
167
275
177
104
634
557
994
130
136
284
796
307
325
19
731
238
49
283
58
368
786
622
381
140
407
397
640
577
620
115
347
84
809
499
35
619
590
734
271
828
548
909
53
83
610
75
658
513
73
183
440
165
579
238
305
368
3
360
505
282
227
270
689
114
713
786
894
861
266
517
843
861
488
841
624
650
144
703
479
317
81
105
644
633
756
227
439
5
976
170
729
895
207
428
621
682
650
223
325
74
808
119
471
13
378
327
100
68
