0483
206
372
278
395
373
244
911
841
724
893
938
293
996
65
544
634
188
919
609
250
63
254
577
377
99
310
193
642
517
305
946
602
674
492
553
866
90
219
658
568
871
565
249
210
758
433
733
987
40
131
742
343
312
1
61
775
13
626
229
741
878
32
670
598
130
277
952
105
594
220
550
191
348
457
106
256
427
170
835
834
436
147
99
29
37
107
833
239
734
984
286
297
324
69
888
25
925
199
430
9
925
683
47
758
977
381
531
208
20
392
421
431
306
482
97
681
457
606
391
63
187
718
616
794
94
654
672
987
134
236
628
960
972
130
94
336
973
535
119
974
659
240
609
115
391
532
626
260
932
959
83
93
430
343
900
25
289
527
180
386
101
