0484
423
499
942
616
779
92
481
730
128
218
852
841
656
193
125
630
146
881
692
398
623
972
829
352
336
131
854
106
855
548
219
22
362
897
693
329
326
269
580
346
603
879
528
537
485
362
782
747
977
491
129
32
915
226
793
28
601
352
268
37
824
676
800
686
260
945
485
944
877
133
642
244
663
718
310
90
966
154
860
851
359
89
975
184
557
110
782
861
235
323
874
239
312
82
711
541
257
674
66
510
458
543
436
145
424
751
369
405
974
166
513
893
345
30
117
441
845
258
251
586
877
388
933
500
292
661
596
854
206
702
183
737
458
731
235
18
53
273
196
263
389
243
600
76
667
139
543
325
180
698
566
620
25
240
727
498
900
358
421
188
525
435
126
590
877
604
671
309
105
106
832
911
517
286
356
244
295
427
599
159
254
324
654
571
690
827
156
850
601
432
182
