0485
652
267
631
187
799
56
540
86
526
613
727
239
579
359
262
950
440
355
115
820
56
155
631
447
544
242
72
83
531
729
119
485
430
243
785
990
351
309
271
35
964
516
112
879
169
737
105
470
573
590
399
367
605
289
120
77
421
339
646
199
755
548
332
52
164
633
963
997
1000
973
858
426
802
667
738
764
201
849
699
852
848
77
120
229
596
179
126
205
578
642
110
530
718
624
880
395
676
289
987
328
869
692
339
464
337
946
675
776
91
426
296
579
886
211
80
300
953
467
803
172
999
65
977
840
289
637
743
377
758
499
316
56
610
731
787
926
309
669
959
324
990
59
923
180
918
588
404
7
124
605
102
843
508
683
469
418
457
347
24
576
704
306
502
646
470
925
499
614
449
702
757
898
485
784
761
695
524
289
948
233
135
135
800
841
785
222
132
711
821
481
656
790
377
177
428
390
286
986
920
689
406
785
642
803
33
197
740
578
231
839
483
667
833
494
350
717
968
735
50
547
236
88
909
35
567
468
677
196
13
676
492
635
687
870
129
469
624
226
811
809
417
261
906
764
142
405
842
465
822
77
870
424
359
218
414
709
954
516
668
916
211
943
253
154
12
280
801
426
194
167
730
605
106
702
936
394
866
205
297
112
215
177
827
187
481
387
602
567
96
600
87
59
915
700
108
879
717
227
558
798
327
412
58
239
728
993
901
333
163
333
385
753
104
795
392
383
498
494
500
935
232
590
738
704
944
260
835
644
770
108
798
290
208
370
278
778
149
648
306
86
259
216
712
771
395
434
954
532
759
261
489
475
772
369
520
433
494
115
635
547
818
263
704
298
272
656
258
771
546
890
602
177
626
553
635
238
645
292
549
722
592
37
625
992
841
544
721
281
377
800
356
885
749
440
311
634
235
175
372
466
113
393
