0486
690
864
233
79
836
693
514
335
398
731
247
524
615
733
806
382
907
317
324
46
13
275
203
974
582
235
593
5
905
320
380
333
410
605
526
504
150
545
407
853
673
193
170
165
203
309
664
83
758
55
362
296
773
798
502
709
394
163
88
264
156
150
288
710
383
330
833
948
344
643
253
793
220
553
340
977
194
913
697
3
60
684
833
335
207
282
301
151
402
712
489
545
623
318
597
463
2
622
714
566
476
568
425
539
665
608
439
186
883
647
124
658
487
794
858
82
14
944
293
842
156
78
251
614
393
440
590
782
112
464
879
982
49
222
260
75
617
244
998
992
720
88
720
332
135
450
264
993
907
833
320
124
94
450
231
195
89
915
131
186
675
58
506
841
426
