0487
903
488
480
4
259
850
56
339
358
661
998
298
282
306
693
290
979
761
932
121
284
548
193
906
449
547
302
663
232
743
614
216
445
962
558
109
537
532
748
546
365
519
761
716
507
987
818
963
479
209
777
229
520
626
868
23
232
749
336
176
199
262
341
996
40
882
896
283
578
112
418
976
964
653
867
392
113
670
687
870
548
190
884
685
411
157
842
867
424
448
32
751
169
888
66
854
496
194
521
598
735
798
670
648
773
88
742
739
698
886
582
816
21
989
418
917
14
646
519
737
262
480
476
238
777
705
853
721
224
583
10
769
499
288
688
543
886
835
466
256
853
247
422
7
972
133
987
644
592
609
613
358
478
840
77
373
957
24
441
780
464
168
683
313
849
722
408
545
637
72
665
353
652
460
947
482
263
407
145
655
21
913
681
322
547
994
4
47
930
332
355
59
508
419
950
201
908
481
146
800
536
697
905
383
735
966
728
396
443
905
940
57
681
521
643
918
953
598
104
114
449
444
454
833
120
577
20
781
641
376
112
376
644
447
371
855
603
918
421
65
329
644
965
219
233
502
628
547
253
660
299
629
717
281
721
184
910
112
514
624
72
914
277
453
127
185
196
681
993
424
590
552
327
178
361
864
391
671
907
85
45
736
868
189
907
270
782
155
482
436
162
372
989
749
773
328
941
509
288
222
359
174
894
366
505
598
220
589
392
302
631
70
782
239
465
649
942
586
560
468
453
933
959
70
128
742
353
840
887
8
639
6
155
350
83
293
633
29
759
368
835
429
495
797
179
240
909
291
491
675
224
407
789
