0488
423
414
593
429
328
272
586
517
854
268
594
515
293
236
814
196
590
746
504
298
256
961
899
87
778
735
383
301
329
723
164
901
581
896
527
36
727
895
726
174
310
802
834
375
241
926
201
857
768
507
576
334
559
562
115
534
515
808
80
923
790
254
257
732
220
34
607
695
946
833
177
599
32
210
970
665
935
738
826
347
528
583
558
883
564
262
645
386
427
439
195
796
668
468
748
441
123
454
413
609
686
356
512
97
523
572
589
897
869
82
403
703
420
319
50
838
509
355
769
980
890
260
796
57
316
218
715
771
712
36
32
511
848
573
505
501
709
347
35
865
624
584
686
662
461
64
670
218
24
886
319
458
760
231
562
439
844
313
179
457
597
918
229
572
664
187
600
194
276
68
692
49
147
122
940
312
648
301
396
253
528
178
277
157
267
177
225
793
928
453
774
729
10
578
635
866
956
879
999
484
281
563
9
746
38
347
3
367
301
448
462
2
151
566
247
235
307
23
673
266
214
649
63
345
624
676
594
292
689
460
299
767
653
214
870
911
20
957
723
941
450
365
556
527
585
168
848
462
588
335
213
614
126
862
248
199
889
700
793
165
560
143
320
291
138
134
358
528
494
789
12
555
148
476
361
119
489
128
942
392
363
822
359
317
504
491
976
507
862
942
251
842
929
848
45
842
442
240
941
743
221
495
824
864
735
616
407
712
279
746
371
926
595
328
210
508
838
887
481
686
137
863
745
698
178
86
876
201
925
467
320
227
232
321
130
823
686
269
844
137
993
433
239
335
273
666
231
219
216
121
9
244
891
76
229
730
273
7
128
312
90
773
922
526
239
612
432
727
299
855
185
751
955
602
790
555
975
567
824
948
523
610
937
676
480
112
511
255
447
426
379
122
453
976
38
914
261
159
840
724
833
327
727
815
596
200
333
451
344
799
7
316
279
944
603
480
227
259
813
825
107
477
582
492
106
952
881
602
744
855
583
686
870
276
752
383
607
525
504
592
309
340
562
780
53
56
842
266
198
405
59
324
205
510
857
364
703
865
67
799
190
227
611
27
177
30
31
121
550
575
919
655
141
388
