0489
898
239
711
952
449
665
788
368
808
741
990
671
392
897
806
350
785
62
811
142
872
393
900
194
673
75
316
287
203
440
562
747
664
649
323
677
565
626
462
285
51
373
545
186
487
334
358
125
632
944
558
376
649
253
144
386
582
23
409
637
222
258
403
615
997
555
578
635
297
34
788
789
202
65
950
675
101
387
268
160
893
632
456
618
748
470
163
744
244
703
101
811
644
554
978
975
108
155
129
248
881
903
763
592
55
622
555
515
571
610
972
391
201
81
32
425
858
494
522
570
653
632
40
670
355
640
62
995
1
281
404
352
960
270
57
253
849
242
429
141
207
428
176
792
977
270
243
49
440
84
808
680
659
666
694
3
660
860
