0490
960
730
480
238
572
755
737
967
148
445
408
259
405
238
715
618
104
861
503
718
887
45
154
768
975
551
793
510
432
64
539
113
181
337
724
176
983
683
361
712
576
150
956
455
2
198
126
235
984
138
710
831
488
895
461
849
301
943
65
958
131
391
317
765
661
694
353
355
205
675
351
820
425
871
184
713
543
827
271
725
645
504
535
931
474
461
542
204
769
300
85
158
145
742
702
646
212
833
427
81
981
867
11
272
740
15
558
325
384
139
417
318
529
233
17
200
993
518
31
705
845
304
868
661
577
147
935
315
835
112
250
642
834
577
823
994
91
89
4
728
756
801
51
913
375
107
498
596
875
784
985
282
961
890
761
847
276
128
133
50
203
311
801
990
913
217
934
292
619
435
86
238
317
890
15
258
501
190
516
734
116
576
281
618
830
713
535
415
907
546
704
306
959
869
60
573
487
208
742
154
958
330
53
216
474
784
514
808
76
228
499
291
574
413
494
495
231
112
237
980
159
649
513
97
703
973
856
511
372
226
475
92
611
633
815
268
964
175
212
749
634
931
669
573
177
853
687
983
587
966
314
495
595
362
66
900
943
330
618
410
891
128
902
448
885
35
372
550
728
641
672
194
342
193
615
419
622
11
732
540
638
939
416
53
737
394
886
395
118
789
239
425
322
38
783
316
573
739
547
778
914
839
262
15
861
665
131
809
943
236
822
166
473
830
745
649
528
436
225
669
339
487
373
962
939
638
41
189
722
147
840
154
988
500
41
582
607
308
123
660
803
51
276
347
38
865
154
847
320
823
479
516
356
175
236
4
810
445
835
751
87
773
423
340
463
174
887
197
535
914
463
708
675
604
733
391
197
220
298
217
440
413
22
730
503
546
95
775
995
999
244
597
895
976
497
646
622
132
986
615
871
219
306
281
591
690
284
88
233
495
482
2
47
568
324
676
610
297
23
917
481
548
786
140
631
203
989
872
870
628
584
732
584
834
391
804
123
895
489
639
565
552
659
891
125
703
744
886
232
674
444
26
178
219
259
530
579
258
519
433
503
563
194
274
833
107
819
636
656
40
718
420
175
602
549
542
556
773
220
876
598
866
639
912
895
855
735
610
112
386
416
335
570
956
