0491
313
104
816
370
134
365
390
734
849
218
725
102
578
729
474
171
259
884
639
20
962
784
208
426
568
697
393
506
751
67
173
688
789
789
906
253
83
939
489
655
891
171
867
190
72
842
878
421
409
484
470
544
512
863
242
496
175
967
738
658
652
454
144
922
973
103
967
310
775
333
2
521
581
663
461
263
880
207
126
594
97
30
23
198
445
762
892
22
588
878
134
365
50
715
32
436
353
525
711
250
516
646
132
357
717
398
208
229
839
468
318
231
169
724
15
952
369
77
179
592
783
830
228
342
635
335
775
218
875
71
321
76
463
349
923
595
197
61
544
227
836
490
734
201
90
545
430
489
185
286
347
769
825
879
750
180
373
950
425
492
341
768
469
365
590
606
892
883
905
551
389
827
802
378
358
575
324
290
286
477
723
491
812
940
776
371
56
519
35
511
841
470
628
956
320
892
154
698
814
5
52
608
875
209
500
990
629
519
150
993
736
576
238
939
650
642
851
85
174
568
934
7
967
154
713
730
661
831
955
982
719
177
877
246
66
915
354
733
973
66
261
774
773
48
116
510
752
70
594
312
356
679
483
954
873
658
191
115
484
581
353
856
579
153
232
568
837
30
276
70
602
106
836
555
222
131
419
777
498
230
110
156
39
436
405
150
744
739
52
780
60
990
339
637
460
784
340
447
458
422
164
759
306
303
147
463
202
361
801
56
233
885
128
312
35
339
122
668
397
370
512
955
172
632
107
41
621
341
409
473
448
87
907
326
601
238
11
520
1000
296
360
192
785
860
585
53
727
233
8
755
754
731
623
138
188
662
54
328
285
557
71
271
767
251
44
83
686
415
316
344
308
949
817
711
260
671
514
765
749
888
468
646
947
649
167
299
272
661
58
251
625
791
311
688
16
432
995
59
432
471
805
30
982
502
981
588
941
556
637
428
378
21
757
497
127
504
599
664
584
209
598
239
440
185
566
862
219
553
262
143
540
811
203
721
700
204
792
616
296
310
730
93
817
945
191
912
187
183
242
911
509
445
360
432
713
94
72
715
875
520
606
428
382
30
851
673
842
39
59
185
