0492
504
934
180
119
809
638
512
159
819
276
362
208
952
66
537
714
306
1000
318
333
373
308
684
908
490
44
358
918
924
441
306
939
219
938
4
345
918
573
520
838
313
783
529
594
838
126
517
666
523
517
714
860
404
259
608
688
17
84
514
587
599
397
421
230
276
913
187
346
891
698
546
768
49
437
678
279
984
210
562
465
924
238
740
239
825
203
376
662
829
644
883
332
57
719
904
701
26
923
482
153
859
102
424
741
947
395
75
859
229
374
925
92
213
626
434
444
293
974
33
453
188
756
451
218
971
148
529
24
977
555
849
963
552
639
523
721
962
165
99
890
456
729
382
575
706
490
422
753
133
796
612
634
433
837
143
168
365
442
39
735
49
753
293
380
35
247
704
363
477
778
934
192
194
270
215
643
379
985
357
219
675
924
869
42
275
275
20
725
403
891
454
987
973
175
892
756
154
126
806
241
261
141
134
298
917
110
706
697
882
76
100
736
830
764
69
256
