0493
456
31
646
881
942
692
464
31
705
960
385
548
514
514
203
587
41
355
582
596
372
145
631
187
265
300
946
657
751
730
684
201
809
979
439
521
316
171
599
293
853
532
597
108
827
620
20
882
899
947
170
304
494
514
280
332
58
742
150
424
83
496
793
592
42
337
558
912
123
448
231
174
466
237
633
560
309
990
750
5
932
871
827
592
22
37
495
529
385
840
832
208
89
42
184
105
670
805
225
819
393
293
776
205
711
765
234
435
418
704
992
22
82
82
975
133
531
152
364
194
73
471
78
558
133
699
969
23
531
873
855
204
114
290
685
279
280
943
741
4
809
8
535
455
432
806
723
648
583
905
792
655
240
589
799
17
427
188
161
208
606
201
295
497
992
699
114
176
229
832
11
123
684
972
752
793
388
261
337
417
520
980
154
770
766
899
627
970
31
621
619
296
784
881
780
811
194
350
495
897
151
225
149
422
237
388
375
431
363
811
576
548
516
851
815
994
398
944
336
279
308
992
877
733
361
607
157
472
784
978
195
94
283
814
532
377
618
843
399
501
570
523
542
161
768
627
386
941
874
603
855
996
741
143
822
92
904
217
577
865
214
479
277
930
661
499
6
190
991
745
38
73
645
910
261
128
429
353
255
498
30
717
515
929
888
218
173
135
886
237
131
30
936
400
294
609
856
705
48
151
90
829
391
476
441
139
279
977
771
251
290
217
297
156
394
712
583
648
829
730
184
514
540
810
828
437
911
652
694
855
558
164
401
481
320
833
21
164
60
750
802
858
3
558
687
61
309
464
268
284
324
130
977
565
790
926
439
209
183
973
107
341
212
76
192
880
103
545
619
227
62
898
