0494
327
940
512
969
80
900
613
104
666
478
261
404
348
957
574
990
678
385
244
56
507
501
400
148
257
88
832
7
633
480
548
770
778
775
940
862
206
161
293
834
198
283
878
323
829
214
783
334
268
53
876
194
196
718
56
529
562
496
863
871
257
839
551
58
245
424
866
512
950
545
176
264
217
421
235
313
209
886
946
258
205
761
566
955
760
804
353
372
326
437
639
855
278
790
792
880
579
810
443
538
681
286
149
671
469
346
92
766
510
58
314
204
26
198
877
340
727
913
203
198
593
179
814
48
47
243
927
191
659
379
36
255
56
94
808
895
976
230
406
894
847
269
839
763
758
475
771
61
491
368
744
483
97
954
345
947
775
478
373
34
822
610
84
622
813
674
91
764
96
196
992
792
551
979
663
401
100
956
700
485
428
675
77
537
773
787
227
24
178
582
59
255
531
715
539
481
572
651
971
427
788
356
234
486
982
423
219
385
481
663
623
736
817
107
490
159
71
176
343
245
983
758
134
149
246
594
590
737
612
977
439
735
186
304
774
462
379
297
563
97
79
46
391
324
801
652
888
224
972
57
565
913
492
234
456
366
625
412
730
946
670
842
43
443
661
623
694
75
265
654
481
993
603
992
136
916
149
801
11
609
933
410
428
285
691
585
725
224
672
758
81
560
279
376
94
341
862
472
264
482
529
510
684
834
206
756
691
496
852
212
641
1
181
298
739
95
557
874
404
681
96
458
952
272
407
276
91
681
473
556
89
98
96
514
252
249
59
765
887
125
652
79
575
105
374
53
862
730
807
855
940
918
201
490
540
840
731
826
467
364
995
741
143
598
921
859
904
128
377
302
421
525
732
231
439
494
690
30
49
594
409
269
925
327
666
853
228
786
194
99
67
677
36
234
381
894
496
474
946
579
556
487
182
624
854
681
315
855
550
88
866
906
863
415
72
689
959
53
709
170
277
376
235
96
623
270
10
287
669
200
934
811
358
566
418
852
797
230
165
153
352
614
77
899
24
439
80
917
304
363
224
224
544
398
318
634
638
521
717
755
911
653
316
154
613
597
481
10
870
851
403
428
554
815
325
433
501
666
761
562
832
41
656
82
29
