0495
716
301
888
457
932
202
22
241
881
949
459
255
366
95
901
320
249
678
814
886
241
515
331
653
296
66
209
658
186
302
214
675
892
926
506
392
124
601
70
412
575
54
43
238
406
545
706
607
562
123
716
956
237
839
762
775
841
636
586
488
328
690
753
690
627
78
215
486
293
680
292
506
113
928
278
256
458
486
392
680
380
332
332
26
147
564
305
213
612
495
488
789
180
80
910
704
637
292
482
431
198
963
633
521
550
846
153
366
850
630
144
797
39
968
920
19
376
857
282
906
344
252
420
746
37
507
253
962
779
133
684
787
659
44
425
94
652
780
871
593
890
371
955
572
430
375
68
473
855
524
648
76
255
812
239
271
157
512
926
683
627
748
553
318
102
843
100
202
12
601
836
278
88
993
104
803
219
831
318
377
17
524
529
714
941
653
132
799
