0496
966
904
578
739
200
884
892
473
458
6
980
802
965
474
990
826
75
249
990
419
130
854
959
670
347
250
590
358
977
151
506
229
901
729
435
694
273
660
674
594
143
901
116
214
993
448
849
424
422
543
791
166
843
374
716
527
658
452
725
9
682
534
590
723
27
304
407
894
982
173
904
290
678
845
181
131
364
78
62
200
166
311
493
926
291
590
192
172
552
39
954
477
326
860
395
731
704
807
448
493
43
636
143
521
94
860
535
143
745
429
70
139
687
259
10
539
962
478
965
150
683
337
654
583
192
993
238
298
165
95
261
203
277
136
740
345
336
401
732
815
340
230
440
798
149
503
383
834
311
566
129
897
226
57
419
442
359
900
352
928
699
402
776
709
183
382
526
203
253
744
485
663
595
948
344
726
869
491
96
542
380
75
87
611
650
347
841
957
960
791
224
596
866
994
40
744
399
353
691
10
387
509
101
93
708
900
762
745
428
1000
661
563
587
143
625
962
314
889
95
260
198
915
634
775
381
389
410
774
408
481
701
823
899
776
613
747
49
936
225
271
615
613
988
517
581
507
372
469
277
136
22
97
878
163
236
517
753
47
464
835
399
278
937
158
637
647
911
707
695
460
710
189
718
130
955
521
134
290
30
489
767
922
217
450
69
214
678
224
346
638
586
922
517
595
241
53
946
426
693
202
882
882
997
15
205
386
929
803
83
829
959
71
45
310
559
973
398
711
346
219
742
183
331
155
889
547
256
633
348
512
517
752
725
724
734
687
402
888
685
2
867
494
818
417
506
163
319
879
629
489
413
520
113
106
432
753
884
493
845
776
667
655
955
486
711
740
102
529
71
161
151
728
565
3
45
5
682
916
684
352
378
564
400
517
237
703
917
839
860
873
563
989
610
261
218
60
348
90
354
939
399
610
34
268
779
771
541
656
720
904
241
302
937
291
330
345
49
760
384
591
556
649
758
626
414
716
34
353
769
68
68
404
254
690
468
342
101
642
152
590
314
171
393
174
127
578
53
336
18
376
929
156
901
813
191
541
531
222
187
317
428
808
311
