0497
397
823
863
805
505
484
596
28
822
693
915
140
539
318
506
89
900
313
313
536
836
951
519
208
352
335
561
791
417
316
847
266
528
877
167
529
279
984
931
180
998
498
762
113
63
885
309
918
155
277
69
189
18
500
116
167
452
103
92
248
70
339
150
16
906
863
156
268
817
112
521
844
633
353
865
790
552
149
936
719
925
552
399
593
769
771
57
276
123
826
126
93
885
188
906
898
719
724
14
500
481
397
306
979
850
509
899
31
476
352
702
404
629
355
277
861
752
996
51
57
441
772
942
283
189
164
8
492
361
600
794
432
825
669
186
359
52
636
815
81
672
368
73
787
887
453
572
579
225
719
215
362
542
631
394
688
418
481
419
764
541
87
455
960
908
835
683
1
718
411
882
345
365
232
166
583
599
630
458
210
746
746
513
53
861
323
597
37
122
626
971
703
827
452
260
968
231
736
518
575
368
744
857
236
637
912
294
325
761
38
1000
210
536
173
136
620
330
371
85
174
223
171
861
203
713
440
58
480
217
647
609
685
712
841
879
780
89
135
989
374
487
851
774
734
331
562
175
93
97
651
207
527
498
245
114
268
507
935
84
705
321
739
824
691
703
641
807
87
959
501
263
375
845
200
628
600
89
126
69
322
762
517
439
545
456
107
243
156
577
279
625
689
786
241
632
17
991
807
177
167
375
462
863
755
493
159
545
206
746
467
360
64
788
594
99
423
843
784
698
292
423
309
167
959
974
970
892
174
273
947
527
692
551
963
236
349
43
468
172
435
177
596
186
627
406
344
630
691
654
541
673
80
213
24
37
405
152
639
430
882
765
854
407
469
100
799
235
851
906
774
370
78
689
919
959
528
972
469
78
759
39
171
7
730
72
629
283
643
837
585
604
355
185
721
8
497
940
852
771
721
562
581
106
757
722
320
530
856
601
137
956
179
709
76
683
449
492
712
843
849
801
433
68
804
481
106
303
819
290
496
769
106
199
210
661
972
335
424
617
42
8
320
799
172
27
890
305
211
395
157
689
712
209
865
222
459
764
554
242
809
680
729
421
706
164
338
