0498
70
157
294
880
243
579
78
572
368
376
623
956
1
15
262
56
739
950
559
687
762
300
211
110
592
560
598
48
159
878
264
29
398
739
195
764
583
391
178
195
778
9
247
395
179
601
610
441
277
502
368
478
429
1000
960
700
213
829
324
779
61
825
711
800
475
187
263
671
455
972
446
530
139
22
813
929
59
74
995
144
598
702
133
736
112
832
788
459
583
372
655
782
651
48
23
396
705
107
139
835
979
609
424
118
662
481
789
353
692
545
438
847
862
713
783
923
414
707
748
811
543
220
450
415
472
679
320
482
973
603
346
256
54
887
938
887
354
160
478
652
492
282
85
679
19
83
826
420
287
701
883
553
887
477
211
508
199
716
