0499
351
527
171
753
163
42
982
425
668
189
732
84
901
745
982
429
147
122
128
32
885
436
709
699
20
889
157
144
766
264
236
216
95
141
880
486
513
829
706
827
868
761
686
807
120
655
710
546
889
140
949
573
382
977
374
949
281
8
742
680
426
832
296
465
538
51
539
525
516
98
66
45
775
828
432
977
789
593
765
243
125
727
407
207
712
56
838
16
653
38
4
921
88
761
365
456
374
451
70
47
497
798
47
469
263
997
454
380
311
485
857
877
118
14
790
122
314
448
423
496
10
429
930
23
211
598
742
817
72
122
610
213
944
894
395
87
758
606
331
312
361
769
209
843
248
594
936
795
928
194
330
820
648
73
628
828
446
751
324
39
313
685
766
862
583
16
681
696
189
694
776
87
116
49
144
454
395
906
361
474
314
711
272
339
668
728
184
810
93
915
947
866
230
325
230
405
812
798
149
60
600
279
900
311
818
810
871
433
20
19
799
658
426
384
142
30
81
292
346
358
840
941
363
908
554
235
519
688
190
602
260
823
185
983
663
569
983
597
961
276
256
816
751
32
49
938
301
438
800
12
358
877
225
520
73
334
264
963
994
170
121
3
746
686
430
40
115
524
91
738
993
654
259
483
199
912
443
381
38
854
826
766
857
864
4
803
813
973
236
840
781
857
524
862
876
217
529
14
716
47
669
259
469
673
917
896
422
686
597
930
71
246
569
786
805
81
565
537
454
309
213
765
332
670
301
834
869
220
657
447
143
742
8
901
521
420
688
937
346
817
658
143
559
914
410
349
764
695
872
956
165
685
213
370
222
983
687
487
52
655
168
871
572
440
856
691
734
304
546
63
902
848
487
793
130
800
172
759
576
998
104
859
887
585
315
74
641
302
209
488
660
324
631
802
132
224
830
247
960
218
438
579
183
869
740
513
111
342
499
336
997
970
541
391
341
803
239
806
1
2
897
222
586
980
624
776
434
752
146
65
377
938
358
224
49
855
36
31
16
185
284
87
645
356
342
155
211
901
850
430
179
191
58
131
660
384
826
611
636
735
721
488
924
477
317
800
543
497
155
449
290
214
832
973
442
868
352
622
818
438
311
957
173
113
619
458
435
212
425
564
580
290
717
399
163
577
214
