0500
494
571
184
424
436
453
891
150
434
31
142
969
581
280
269
68
814
374
229
765
215
100
537
525
891
570
53
511
69
673
911
350
522
193
779
812
888
347
891
366
121
423
622
748
772
49
244
686
766
982
695
702
18
46
325
340
934
244
956
199
943
936
516
559
308
620
88
457
408
583
130
378
999
790
916
492
230
719
505
294
684
341
976
786
967
623
498
269
781
747
684
834
987
883
8
416
372
20
200
507
709
826
784
680
199
185
318
376
165
985
220
233
326
741
410
781
850
650
401
782
292
194
976
343
519
930
18
13
264
131
713
286
77
819
955
305
316
258
126
108
912
246
80
289
129
10
178
272
74
546
284
927
831
680
524
985
352
807
388
334
716
9
238
481
261
955
762
626
366
280
976
874
270
931
389
849
757
636
917
294
31
635
197
963
451
529
37
60
130
688
600
71
802
175
434
991
860
773
402
319
139
552
912
119
428
597
926
941
328
179
794
99
250
968
449
813
716
851
195
826
263
912
810
775
647
814
82
204
345
985
831
69
422
842
887
