0501
776
419
707
106
154
429
219
678
39
14
558
19
639
602
304
430
582
688
906
445
419
892
193
180
21
683
872
852
147
374
53
327
396
812
818
959
586
941
165
829
703
524
808
908
226
233
165
948
549
493
405
254
240
974
546
779
406
703
356
433
4
412
378
192
989
528
921
169
937
126
839
615
571
585
959
132
46
92
25
191
147
935
216
73
923
829
945
953
471
332
85
293
578
911
622
647
134
379
858
946
997
281
885
759
947
739
174
364
929
448
63
624
577
578
404
487
215
661
155
681
392
612
548
414
67
788
609
251
886
982
24
385
933
398
534
600
315
17
13
791
829
640
833
25
374
110
226
915
128
353
193
438
582
121
192
532
264
851
371
330
596
97
692
22
747
803
986
1
285
86
701
382
257
431
51
353
519
216
9
344
652
183
965
334
656
256
617
506
167
611
238
262
597
82
968
682
166
705
429
99
44
9
779
984
299
328
274
289
605
572
823
241
681
660
106
485
978
63
596
433
605
692
470
92
848
583
827
445
16
888
922
233
812
304
144
919
394
927
120
980
962
377
155
729
252
324
535
474
381
980
846
70
950
932
647
826
608
225
306
421
110
795
670
709
818
917
753
48
9
76
838
198
293
75
679
553
413
545
988
522
378
937
760
107
915
838
706
434
132
359
233
594
987
624
739
785
336
312
328
313
223
376
835
848
188
575
536
61
8
666
90
1
898
943
82
323
963
645
674
209
429
292
902
808
105
27
602
176
635
553
778
804
679
731
914
23
514
954
13
237
46
405
371
980
237
107
157
472
611
196
176
815
967
268
318
31
119
151
734
337
558
113
893
803
139
8
231
244
89
536
107
433
751
361
819
586
399
249
720
388
54
291
363
39
594
86
715
629
407
854
711
804
126
486
157
354
250
393
206
298
289
140
282
845
198
67
692
334
851
910
709
544
932
