0502
432
426
824
308
503
24
420
173
344
786
249
43
528
807
482
629
767
49
703
377
460
492
627
465
87
680
729
87
537
158
422
22
144
505
836
402
30
8
360
746
209
442
47
169
36
102
206
864
265
609
80
122
628
85
47
975
89
830
451
350
827
43
208
679
435
329
733
860
681
91
563
276
958
815
19
682
585
262
738
98
25
260
55
89
946
899
567
644
5
311
294
407
430
115
383
667
661
23
595
162
905
574
661
34
321
226
65
829
934
78
677
684
376
364
123
182
158
973
493
500
934
991
965
598
141
243
568
340
449
252
178
554
820
554
