0503
661
184
704
168
687
926
1
479
780
982
512
181
116
820
369
550
601
4
325
456
885
839
244
540
241
970
889
167
198
180
694
81
236
330
305
123
792
836
438
829
418
649
595
827
490
276
644
128
157
663
597
186
741
51
273
448
144
387
748
117
719
127
270
591
405
159
656
508
773
650
982
884
395
2
540
813
942
528
480
550
94
270
845
217
508
209
265
723
271
569
831
426
584
627
476
651
238
28
220
159
340
341
173
188
811
332
136
2
739
148
55
367
76
215
537
485
687
983
567
851
723
343
493
834
860
34
566
469
456
204
475
720
55
749
278
19
426
97
444
38
118
629
261
532
654
826
927
960
259
874
691
954
551
912
236
234
458
622
683
265
446
74
370
733
148
703
360
581
866
811
66
989
201
34
875
501
107
771
382
405
625
243
136
734
769
49
388
297
150
289
719
123
980
969
837
409
584
425
868
923
120
942
363
181
80
719
207
977
108
594
234
973
713
1
273
122
718
540
363
680
966
460
102
209
672
602
931
535
863
781
725
827
898
492
754
793
265
604
922
18
791
864
165
623
312
753
673
594
505
159
898
56
840
143
856
548
855
84
727
876
480
109
893
756
258
601
826
975
192
492
665
250
729
555
408
52
427
935
474
781
730
392
497
485
707
615
997
164
364
870
382
723
551
73
779
434
525
353
782
479
656
164
925
342
230
129
720
124
928
498
950
81
114
395
227
10
390
320
111
263
989
756
381
761
140
493
641
65
965
618
406
977
483
864
257
690
11
85
163
551
507
787
303
647
145
410
173
903
886
178
848
433
765
239
433
824
486
881
650
412
720
114
339
284
628
147
916
259
436
705
870
977
112
867
386
468
799
633
350
658
803
701
800
168
40
241
284
274
499
392
345
835
42
124
407
243
642
246
457
976
550
61
292
690
255
984
547
663
117
316
983
444
251
427
644
415
783
608
821
353
145
387
205
964
593
142
746
199
456
169
288
836
870
422
575
997
794
600
174
661
829
14
442
208
503
493
784
439
873
177
337
9
750
415
842
166
163
589
773
935
70
596
961
580
628
179
140
359
888
883
401
279
119
628
75
473
373
858
612
540
885
427
607
617
760
780
359
312
914
