0504
581
938
160
104
513
374
848
461
524
893
582
547
67
570
363
96
771
139
110
218
783
188
364
379
948
559
906
914
807
967
856
711
218
726
866
165
335
219
339
703
841
931
832
840
978
997
159
788
395
441
48
458
882
664
664
385
732
314
910
578
986
814
837
647
187
996
809
436
617
268
333
934
507
142
188
190
601
169
130
725
547
517
257
307
816
307
666
500
260
999
623
933
363
71
32
258
440
325
769
671
982
669
959
926
969
450
617
825
662
871
102
350
996
210
168
133
286
300
719
752
793
636
129
334
778
60
445
415
784
454
173
217
679
605
977
553
11
714
104
147
896
546
19
187
112
802
99
550
730
41
745
875
673
845
107
740
994
480
915
852
94
304
229
17
247
698
287
338
871
807
512
336
817
82
144
207
641
34
229
783
836
715
19
538
592
12
384
82
750
231
842
315
956
873
560
804
29
888
549
384
640
927
279
67
292
551
811
321
526
387
422
498
414
631
650
959
640
259
597
172
118
740
625
37
302
106
349
389
763
166
724
249
855
683
81
257
557
733
479
863
558
889
773
714
26
495
220
26
647
1
624
148
67
363
116
307
306
289
792
314
441
730
586
367
351
710
347
244
277
723
636
781
987
794
85
520
188
114
34
80
6
468
795
914
83
931
410
450
614
51
743
916
19
335
458
339
996
308
874
655
426
782
699
491
505
467
43
975
748
578
274
527
662
719
775
776
839
521
584
912
718
570
727
807
338
654
123
290
222
45
741
509
113
806
514
378
739
464
574
528
877
711
476
131
348
845
992
502
961
782
518
533
985
317
19
765
419
238
981
688
945
788
544
754
205
601
510
963
157
584
475
111
921
744
850
956
528
634
675
549
787
147
899
139
537
615
921
75
511
644
943
965
387
268
735
286
96
389
991
767
736
402
963
988
100
583
703
725
331
751
760
726
432
833
314
601
919
998
155
520
3
588
238
708
944
432
107
784
925
776
69
586
168
108
530
61
372
632
616
304
936
64
4
