0505
566
176
801
966
720
718
628
161
72
973
35
38
161
464
913
260
19
348
845
84
753
956
517
628
630
492
185
228
412
409
409
834
816
797
865
901
126
402
176
542
910
777
591
417
406
11
132
526
191
524
291
506
478
998
966
10
709
535
533
115
544
310
20
839
489
874
869
757
790
833
829
300
449
314
719
518
679
137
705
23
627
319
268
865
569
733
335
645
131
553
890
724
460
85
605
227
293
655
368
266
355
673
866
456
355
65
549
179
916
502
150
555
366
258
322
726
4
710
732
596
776
779
404
78
60
316
552
291
13
842
501
19
700
736
807
34
276
703
657
958
234
297
209
337
252
831
562
53
831
676
480
218
708
607
702
252
689
806
435
113
994
375
523
439
336
733
147
550
688
9
247
312
536
910
207
538
662
353
683
526
618
548
916
131
293
704
552
804
369
854
698
497
459
931
728
899
730
241
980
713
708
397
991
747
166
835
25
594
688
592
