0506
703
881
855
235
275
784
319
14
191
642
344
853
424
638
845
165
319
968
332
939
975
265
501
151
163
875
293
722
943
831
772
335
30
560
581
512
320
810
281
73
621
830
662
591
47
69
357
792
165
235
776
470
511
503
581
63
774
278
977
276
774
83
176
997
563
384
155
861
635
365
774
623
356
109
826
903
358
65
575
158
273
601
430
88
24
218
489
33
27
747
23
377
935
1000
99
879
359
952
166
880
363
565
926
452
756
640
517
176
605
713
571
712
65
542
370
629
798
533
42
217
237
740
158
348
925
592
779
854
568
21
683
268
719
120
717
96
348
724
993
110
222
679
669
819
631
340
418
603
375
372
642
100
236
263
681
132
873
943
301
716
927
793
906
136
10
433
454
705
910
931
649
824
63
380
56
442
687
156
695
785
365
447
751
136
357
872
459
617
607
558
862
158
384
690
574
416
979
816
32
123
668
755
562
815
751
610
974
74
852
163
695
584
663
803
749
961
563
540
715
464
350
117
253
407
108
190
400
814
574
922
956
175
591
59
757
98
977
892
568
221
808
321
668
873
138
336
670
756
895
855
385
157
763
