0507
342
621
711
839
970
834
996
235
508
443
84
859
398
795
64
649
664
660
125
603
998
97
972
994
735
241
445
95
198
596
374
394
354
559
366
130
289
749
236
128
648
371
433
162
274
361
975
294
101
556
482
829
517
397
548
11
354
536
928
680
721
907
666
64
228
628
340
95
999
161
241
762
570
326
521
201
546
215
505
360
506
147
110
997
458
614
981
796
765
380
401
4
221
37
913
707
930
453
941
319
814
81
621
97
398
72
869
506
486
414
237
167
496
161
585
573
494
840
1
45
296
326
229
192
376
140
826
233
299
46
739
804
792
406
4
42
670
690
807
969
318
942
486
508
