0508
111
210
212
65
922
660
374
779
795
793
207
878
247
880
751
821
361
160
498
217
68
437
247
836
444
940
704
566
754
156
105
535
229
655
8
463
708
802
255
311
737
817
162
125
742
866
46
705
324
127
516
398
627
399
307
169
167
17
277
835
914
127
7
379
331
438
897
513
163
663
331
737
319
25
629
12
467
394
404
488
70
300
250
562
219
741
557
507
363
471
449
158
687
244
872
372
548
751
79
395
218
285
749
533
657
679
316
934
557
431
106
521
592
871
977
987
966
616
350
14
598
137
551
821
944
187
959
744
309
431
714
809
308
909
290
935
235
655
483
974
795
882
961
695
190
477
498
164
59
240
670
476
800
429
176
122
897
605
675
336
842
672
389
595
659
70
708
565
672
741
307
810
820
299
562
731
591
723
872
344
551
145
82
530
308
507
620
137
449
400
535
240
633
535
158
513
933
525
516
305
632
419
456
663
18
232
959
851
157
156
839
399
909
812
78
899
597
296
63
962
556
42
722
509
207
111
52
773
549
866
206
78
493
954
899
996
519
185
916
695
307
669
