0509
785
174
466
765
951
339
680
331
611
167
518
889
715
876
732
950
151
247
874
489
987
287
298
743
864
124
378
916
348
942
236
931
346
351
635
976
487
232
131
874
606
509
471
734
790
135
326
489
66
471
749
878
246
118
769
992
985
388
852
552
636
852
606
346
309
682
341
674
264
391
936
348
897
814
526
217
573
677
512
896
307
745
730
682
182
535
507
123
291
252
253
320
96
2
331
68
800
328
610
762
844
550
207
254
71
937
448
617
195
853
380
339
729
605
969
12
166
917
417
241
956
999
276
269
452
169
150
831
928
737
698
226
801
363
69
617
681
294
967
122
370
20
15
916
85
641
735
621
843
967
531
136
748
21
62
944
306
359
172
979
759
144
166
545
220
179
308
705
841
423
243
865
222
961
843
103
230
359
110
846
667
294
65
977
379
136
465
821
173
467
374
44
799
983
790
995
452
196
269
553
103
445
734
759
158
405
305
195
11
166
821
83
964
959
105
776
807
166
488
180
768
177
779
713
329
597
622
468
886
898
502
302
160
424
383
189
443
36
933
963
129
731
797
181
45
963
55
899
182
477
667
272
265
22
722
951
855
215
706
374
919
639
598
651
173
469
150
723
883
679
796
22
842
2
41
408
294
144
854
947
774
39
85
574
553
807
483
217
758
344
772
282
661
331
462
772
427
441
558
945
565
917
895
846
157
864
566
547
564
938
243
70
655
462
50
614
40
718
292
500
184
202
95
777
226
801
460
803
221
761
114
386
268
469
901
87
681
303
407
272
775
905
421
203
223
889
940
572
602
844
454
217
155
324
135
219
25
735
774
857
60
132
880
614
363
735
372
262
304
174
171
243
412
180
5
768
70
10
192
308
722
700
139
327
706
839
488
647
476
428
293
164
590
492
683
738
527
86
725
92
9
598
716
124
348
158
789
270
19
382
726
474
303
690
127
93
576
413
75
64
712
329
302
944
439
970
320
212
598
557
967
943
179
155
622
331
943
288
617
762
926
299
677
791
992
245
709
396
256
298
298
631
558
9
501
733
457
278
245
574
233
113
309
459
67
306
593
513
356
843
160
583
381
920
807
926
454
229
565
577
87
546
249
875
619
202
966
5
351
802
197
381
170
694
336
387
