0510
522
82
630
564
53
89
321
99
816
38
674
559
880
502
828
273
572
784
942
151
3
179
981
529
122
315
924
52
562
457
934
805
169
858
711
274
180
130
446
145
508
337
474
543
760
236
773
155
574
249
940
104
847
174
712
123
68
512
695
65
872
340
873
314
259
735
483
647
557
541
821
376
101
738
395
872
56
683
1
547
473
660
769
745
117
6
14
724
751
204
540
155
224
800
870
467
950
887
96
807
654
212
527
901
128
821
677
518
882
783
330
250
329
645
285
865
943
411
553
265
946
595
376
195
780
175
485
145
627
286
617
405
266
651
806
652
702
474
725
972
713
5
454
946
710
594
505
13
829
709
34
667
774
387
