0511
676
83
404
938
482
49
504
389
969
148
509
299
745
352
739
815
42
660
28
651
592
873
320
803
317
980
101
385
787
122
843
617
958
860
733
690
263
737
832
3
340
167
655
685
579
210
587
980
816
583
459
927
320
692
353
35
743
678
19
664
999
335
53
390
637
767
921
806
35
336
923
991
69
762
691
330
759
861
203
15
674
193
802
959
389
708
248
67
427
765
189
37
939
839
509
788
846
919
214
807
832
812
451
946
603
709
653
1
911
456
218
921
760
979
913
371
414
582
666
596
376
476
208
469
61
348
480
652
346
302
908
514
889
676
165
21
380
381
258
726
539
19
142
953
621
364
872
21
718
476
581
57
254
689
62
134
142
743
893
610
467
785
744
