0512
980
813
318
49
890
294
914
618
521
830
488
541
686
509
860
701
964
121
550
725
58
478
258
741
445
155
4
198
905
847
888
197
554
732
119
743
508
680
399
911
717
225
629
514
791
342
117
708
384
635
374
860
358
105
40
848
343
238
115
131
326
549
765
204
616
432
41
132
472
341
382
230
163
70
831
825
785
488
252
895
893
526
206
92
809
432
719
16
23
303
329
783
743
88
579
442
283
578
725
320
124
212
918
944
138
873
351
659
785
250
139
964
279
316
705
205
257
104
349
731
808
476
452
658
392
141
829
552
406
534
268
886
567
525
478
429
124
930
798
186
444
778
414
406
855
913
419
822
531
301
172
396
273
751
232
152
608
413
386
963
933
557
716
22
360
581
616
152
839
55
969
453
447
678
290
302
707
836
647
213
403
417
298
372
655
103
774
890
399
455
3
867
610
475
918
237
505
184
310
244
790
994
319
445
260
539
861
951
972
362
650
469
84
646
749
856
676
17
918
372
28
502
551
731
641
650
702
824
293
351
746
776
720
48
673
454
56
657
358
6
454
670
