0513
856
785
280
420
87
990
96
241
304
996
383
349
605
534
495
496
309
142
639
92
829
741
365
170
904
760
54
649
83
901
588
236
152
627
120
213
289
271
176
757
502
822
984
715
597
750
721
737
445
528
798
133
608
586
332
342
626
556
295
565
795
206
692
429
371
219
588
563
512
163
926
728
835
82
547
738
275
959
446
171
177
439
655
52
1
599
708
859
84
310
426
448
771
493
405
997
32
561
883
501
262
820
411
549
712
735
192
366
92
774
89
300
639
259
801
477
290
103
386
268
256
276
793
219
464
15
108
273
573
222
611
388
371
341
881
871
964
534
632
485
849
620
771
455
185
351
12
59
229
202
105
329
42
108
547
900
310
169
122
925
263
542
179
105
899
963
4
395
560
440
217
436
898
905
172
133
385
990
985
235
294
305
878
446
67
343
440
956
69
712
774
863
405
450
606
439
475
403
809
183
220
647
363
856
790
210
844
594
235
894
536
361
585
798
770
629
159
694
901
360
262
600
59
782
574
845
751
74
18
228
165
475
502
22
491
56
183
183
796
13
824
794
203
697
382
548
339
404
497
894
951
475
17
864
970
915
608
113
435
908
155
123
252
610
933
603
547
455
538
93
160
941
898
916
356
557
228
108
324
234
72
828
973
126
390
660
112
940
591
189
433
641
935
727
328
304
562
12
981
616
202
842
36
521
441
207
498
334
282
473
279
852
842
866
694
869
605
692
285
991
230
73
208
579
184
59
160
393
133
239
988
340
447
188
806
320
3
161
889
341
173
804
638
799
745
502
859
216
688
895
883
24
190
495
262
601
38
666
932
555
976
405
621
238
382
854
223
920
839
484
255
757
318
524
841
635
719
237
47
680
105
851
189
217
870
392
547
980
274
496
712
427
750
909
946
782
60
841
