0514
319
969
124
27
224
887
243
383
848
132
315
96
266
180
888
310
28
170
747
471
284
740
500
968
152
260
283
493
272
390
670
85
574
574
9
577
25
644
439
992
100
921
700
714
722
220
369
897
471
524
57
106
568
791
117
743
892
111
759
769
583
269
944
683
591
803
514
515
280
716
512
616
450
840
695
586
150
133
550
312
625
496
864
642
541
596
945
462
623
477
538
692
859
704
339
366
480
707
127
400
174
314
311
219
396
788
285
825
778
572
810
549
665
743
830
488
61
475
866
734
243
17
694
176
499
495
449
819
205
362
708
450
59
180
907
617
625
182
308
906
148
951
26
866
847
401
867
408
856
860
286
357
313
295
152
502
299
715
856
768
840
239
390
537
106
329
479
911
913
756
295
69
377
6
984
176
108
500
68
30
830
48
81
280
4
638
902
406
24
738
769
593
235
606
848
902
836
907
504
279
634
65
547
141
618
677
349
768
510
667
759
777
