0515
174
128
772
908
569
800
473
766
598
6
460
14
685
950
72
555
764
71
306
980
443
488
29
419
555
876
148
190
956
907
659
810
659
770
940
145
597
206
224
839
194
90
889
166
536
68
810
972
188
75
215
302
898
577
937
630
870
431
217
336
617
580
88
305
824
545
284
668
208
195
432
631
351
349
378
556
3
142
470
386
381
646
576
435
34
789
632
62
110
217
619
434
289
838
447
228
485
937
683
380
896
256
88
948
236
709
434
139
683
22
479
476
691
211
409
346
373
675
968
468
917
68
365
814
955
446
804
288
559
128
121
565
540
522
434
959
290
540
