0516
497
263
716
425
893
660
4
695
638
498
867
810
970
856
392
946
837
22
572
1
395
415
822
270
355
559
786
936
143
72
568
695
295
420
643
20
699
573
412
555
309
376
154
644
408
962
257
41
210
176
127
325
129
53
611
588
358
914
484
435
642
589
721
990
45
953
778
510
632
728
876
336
250
296
220
194
775
606
198
231
458
683
793
682
752
442
213
959
565
482
176
733
996
668
497
442
270
183
424
289
810
539
658
86
370
638
218
144
754
272
511
389
881
544
586
705
329
895
790
421
152
947
172
495
962
370
101
22
992
959
448
971
76
96
382
756
253
20
338
377
357
226
866
555
604
34
739
721
691
855
821
857
54
287
314
651
24
322
620
