0517
888
39
403
955
699
874
48
488
443
999
332
201
775
568
530
951
454
993
54
431
430
765
813
136
318
528
924
412
999
401
676
972
554
690
673
728
389
13
617
170
592
902
590
257
98
14
147
502
724
558
566
144
709
155
836
803
93
49
705
652
778
943
260
12
6
673
622
728
535
912
68
185
945
622
161
837
70
111
361
80
462
470
424
439
56
816
443
383
636
247
730
681
864
287
918
661
427
675
603
599
610
39
702
241
288
849
79
502
445
462
669
925
241
278
789
954
631
149
787
949
687
307
710
427
256
37
221
516
513
144
756
23
289
170
801
264
750
256
8
124
908
155
857
187
406
47
333
565
729
867
806
128
