0518
703
553
958
982
498
277
4
604
38
774
123
121
135
356
59
234
359
35
703
39
883
409
794
906
347
579
721
682
442
58
650
270
83
249
216
16
209
450
502
753
78
588
477
408
516
745
535
978
788
975
88
898
401
568
466
295
797
671
318
26
71
272
121
283
281
917
725
996
134
660
906
633
303
104
674
309
415
943
644
157
489
820
240
8
964
176
516
934
923
43
32
811
852
453
172
968
587
418
355
334
707
732
444
127
455
754
961
661
970
887
397
445
436
813
409
946
744
393
349
179
268
161
600
53
672
985
993
439
207
132
419
450
596
724
128
647
526
157
60
111
812
888
453
234
41
554
25
284
986
510
619
798
426
304
541
906
236
56
354
576
767
460
750
925
160
469
38
899
923
533
417
822
46
801
717
661
247
492
423
959
654
277
313
99
61
336
570
652
507
299
939
711
137
643
140
958
296
108
536
979
257
771
543
738
954
18
679
579
451
142
994
238
413
432
239
679
447
877
