0519
494
867
824
771
782
644
712
463
898
291
833
623
863
170
111
866
527
905
944
760
54
545
287
730
718
969
152
259
668
862
101
943
843
763
706
66
920
377
665
982
432
880
89
994
185
236
227
552
5
87
938
507
779
437
436
422
259
764
764
78
126
778
522
98
86
565
887
137
604
54
632
871
84
285
995
528
704
182
882
965
963
761
843
157
907
281
998
968
379
493
953
413
809
355
186
458
153
257
144
191
27
290
286
91
222
415
598
431
992
791
656
574
505
359
739
586
306
117
909
249
140
812
390
346
922
28
651
982
516
633
87
991
192
404
892
372
188
40
858
265
990
604
395
263
813
527
858
160
973
31
438
287
573
743
499
670
549
833
455
376
109
984
999
952
6
674
968
951
487
24
533
661
78
951
259
795
950
148
976
430
156
501
214
168
457
85
558
710
653
140
612
8
188
175
994
643
473
5
140
574
665
75
206
365
149
104
568
546
682
207
645
415
621
819
564
461
833
682
160
557
381
731
370
743
689
286
926
433
645
933
250
225
259
162
317
302
586
770
711
206
683
536
948
718
309
565
384
782
126
691
470
210
233
868
905
586
765
551
784
464
801
745
230
48
585
59
904
673
410
58
590
558
186
493
367
723
39
731
361
751
949
12
794
956
955
28
810
319
996
693
432
289
758
299
640
526
672
320
43
60
942
872
552
455
871
723
449
108
427
173
106
533
123
577
127
40
228
575
432
839
235
467
733
29
942
408
691
507
845
57
46
8
98
688
740
934
746
197
328
92
114
667
582
714
23
678
923
993
966
547
637
409
290
704
218
410
849
158
670
830
382
345
113
195
85
521
643
426
417
543
667
146
165
320
718
938
786
835
527
304
196
169
535
