0520
842
646
419
362
339
672
859
452
316
531
5
251
795
397
459
194
560
508
249
90
637
565
537
144
801
817
597
747
520
561
542
364
893
386
66
826
43
85
488
47
732
552
627
191
992
155
213
302
278
965
389
446
858
371
317
693
407
315
419
721
360
717
718
730
295
565
212
209
527
710
163
689
966
733
751
52
272
494
436
723
454
253
945
821
36
708
267
371
80
291
753
623
237
463
354
560
998
304
381
111
589
608
865
364
207
839
727
847
320
81
182
780
162
459
742
441
683
996
210
283
696
672
870
548
728
327
522
873
80
277
520
129
179
225
435
528
399
631
24
184
795
385
982
660
925
768
981
637
19
154
494
527
126
828
476
421
580
394
717
465
362
736
502
292
389
369
159
878
925
187
294
868
864
614
62
644
956
119
659
142
188
891
87
753
755
76
2
50
376
202
375
391
251
249
16
811
709
470
252
186
132
35
776
575
737
617
689
241
960
374
751
933
370
578
773
211
853
104
7
845
121
656
