0521
321
156
435
250
785
413
308
731
215
581
594
400
316
293
818
143
810
579
353
286
760
53
783
304
39
352
278
389
701
592
964
230
322
526
371
458
878
295
285
816
195
88
600
644
95
154
372
827
62
664
831
495
232
260
270
94
341
137
400
470
779
396
775
791
509
710
806
560
12
411
456
279
25
710
17
311
701
69
956
702
118
307
462
1000
870
721
272
186
862
822
880
130
487
441
295
560
632
837
762
191
944
218
237
994
732
39
307
950
1000
842
360
266
406
7
989
112
718
672
521
663
335
129
661
932
233
921
311
352
875
129
584
