0522
930
884
614
872
607
965
370
345
197
514
209
681
776
363
580
678
392
852
696
698
227
93
113
613
309
532
2
48
473
566
584
463
400
358
388
298
617
764
958
206
815
639
72
598
99
520
319
649
182
26
722
458
15
245
216
480
803
684
332
588
984
860
233
994
780
689
160
325
243
779
539
103
692
298
717
202
952
654
843
558
610
909
808
83
367
147
886
953
958
140
286
176
299
44
53
966
567
181
466
532
157
292
370
182
299
703
330
545
999
12
434
215
252
298
280
728
266
40
825
245
98
421
470
602
264
936
124
685
284
267
931
102
716
787
999
928
214
709
262
34
609
104
176
479
420
107
79
892
296
669
233
439
57
737
85
141
610
702
428
247
346
121
522
204
865
377
522
696
77
533
627
467
218
567
834
242
380
841
191
914
949
436
158
218
260
646
801
605
918
907
456
627
542
987
117
555
952
340
147
89
735
486
365
414
899
483
568
187
220
6
972
861
324
299
915
423
185
167
958
664
752
329
281
232
197
584
782
918
101
832
894
756
755
811
218
66
179
680
324
557
343
441
446
301
63
543
462
821
831
560
73
920
879
538
783
564
712
737
749
828
551
831
81
987
430
44
458
321
19
314
98
379
112
473
939
909
567
744
632
268
326
425
145
62
289
290
699
577
21
500
734
211
449
943
356
298
96
985
967
284
41
304
301
299
425
743
460
734
1000
599
757
372
56
724
557
301
548
613
600
17
886
618
410
431
660
355
620
46
542
828
943
184
876
652
589
166
339
860
638
828
773
712
156
734
406
654
208
170
323
708
875
292
742
362
797
868
435
36
417
698
957
894
248
193
783
834
414
791
387
462
117
594
964
712
252
911
636
265
626
805
466
13
600
417
145
349
584
179
968
675
330
787
445
533
114
791
624
636
654
105
298
398
783
755
420
344
510
504
794
642
240
84
644
898
378
384
118
314
410
243
871
690
393
232
100
735
380
383
780
915
147
830
422
987
712
338
566
540
56
80
785
585
276
885
910
20
384
