0523
707
36
376
18
96
126
736
330
750
824
739
418
35
635
609
750
491
483
14
75
812
584
574
942
885
727
545
881
876
507
470
881
604
563
582
466
387
28
723
797
109
886
215
977
170
247
472
445
46
271
209
89
216
887
902
619
212
479
131
688
263
635
382
807
230
552
335
248
531
864
270
196
356
661
39
797
609
490
317
908
254
148
79
386
716
348
946
920
715
263
545
861
122
979
89
763
348
490
357
577
682
467
369
227
762
609
438
444
989
623
898
387
460
475
442
128
875
887
588
498
517
808
467
25
544
900
653
280
631
909
951
436
899
294
918
842
968
346
141
276
932
182
546
850
865
902
515
415
445
531
54
595
995
155
667
816
714
236
984
329
745
594
500
97
88
179
669
851
405
784
608
883
661
850
736
59
841
69
450
465
624
480
580
688
318
768
61
564
559
531
199
313
868
649
163
780
945
419
324
524
338
318
234
422
86
883
672
526
831
37
519
212
779
662
331
615
692
795
81
613
545
891
224
575
727
540
206
683
770
619
825
102
86
145
822
320
689
588
788
955
898
882
870
823
703
220
483
166
825
384
486
440
849
76
328
370
284
437
606
538
417
230
20
505
122
627
351
112
292
139
893
336
599
590
527
731
746
692
739
583
376
924
905
494
643
75
207
27
950
831
707
234
924
615
570
858
635
610
566
99
846
802
610
366
710
68
628
578
44
737
237
734
478
774
782
37
124
825
996
8
54
869
409
950
283
649
467
184
746
801
278
907
739
176
307
365
491
205
43
955
373
706
396
922
807
583
380
579
497
188
319
54
471
852
312
718
647
874
710
870
333
534
850
10
113
830
585
359
938
975
334
306
754
928
324
996
927
481
597
666
993
511
570
981
1
722
351
324
987
804
29
81
611
453
545
627
295
671
383
984
749
915
644
376
833
5
387
733
945
922
