0524
74
460
19
669
980
271
677
277
446
851
832
388
719
537
612
599
992
632
959
698
636
727
376
652
734
70
452
779
305
230
498
12
325
996
431
781
743
521
582
318
346
192
213
272
207
721
283
654
469
200
798
64
283
144
585
634
319
963
171
320
292
898
595
108
84
433
606
533
172
694
353
460
101
336
287
658
569
557
777
740
826
907
771
676
845
688
852
450
845
732
336
788
838
278
536
70
819
791
661
781
639
665
506
932
423
710
23
490
3
707
927
964
796
493
650
239
207
103
161
594
869
206
981
810
772
508
219
421
474
739
585
259
644
164
969
205
178
71
415
415
87
938
776
625
635
586
325
20
107
189
525
250
380
238
302
326
511
527
920
496
345
775
727
433
727
598
113
716
89
682
778
974
982
270
414
929
184
595
10
698
218
152
118
347
868
290
685
406
241
41
141
677
436
177
440
858
852
807
987
596
422
598
47
339
201
464
379
693
354
783
680
171
438
940
253
425
834
180
186
377
980
677
974
589
195
872
917
771
94
440
828
188
285
394
557
89
381
378
806
704
206
49
82
84
752
456
682
896
26
876
853
638
594
731
608
444
996
160
200
790
37
337
108
748
275
212
102
118
481
621
205
349
560
977
389
289
281
241
96
254
48
157
840
661
801
176
175
634
698
677
974
323
664
170
905
383
605
176
562
912
306
138
279
256
723
618
178
141
323
210
549
978
197
572
670
710
953
668
704
914
903
921
515
881
553
94
678
22
213
672
507
467
593
48
629
592
756
228
786
175
646
685
362
297
862
673
493
367
931
884
284
50
34
726
440
1000
