0525
65
824
348
925
64
31
37
760
825
159
832
540
643
153
156
464
97
540
455
32
524
701
939
421
460
272
180
891
193
147
822
105
119
918
34
112
202
765
664
258
539
375
20
431
76
881
407
786
854
190
729
137
939
108
329
473
751
43
878
27
766
526
843
646
61
855
433
915
58
88
28
684
200
771
975
779
881
777
170
367
671
20
273
886
391
71
977
985
917
457
269
970
492
47
539
140
507
738
676
861
396
368
828
946
111
539
189
560
891
567
94
321
354
762
58
963
550
721
209
691
842
111
380
647
101
184
287
456
672
662
890
629
215
713
544
321
402
495
647
524
704
606
18
438
388
52
102
368
759
757
558
737
705
407
301
609
500
693
976
12
744
850
46
945
578
24
814
862
692
592
230
609
848
410
771
435
499
166
359
474
494
993
199
939
178
443
271
543
620
747
323
477
358
