0526
49
558
70
784
322
814
665
69
886
396
577
590
415
161
915
168
797
25
522
849
715
991
164
243
710
804
310
334
790
43
809
800
393
640
195
849
981
895
607
450
730
949
714
761
654
216
600
299
425
253
163
129
609
956
118
966
520
266
899
714
930
82
498
621
738
493
739
922
899
703
382
74
453
657
626
100
304
205
782
64
809
482
741
804
650
876
640
832
839
549
663
445
483
777
607
282
245
513
444
356
283
514
378
68
901
301
613
744
377
251
992
442
408
556
938
753
114
207
946
764
582
183
290
696
691
577
570
568
780
185
570
979
800
220
35
311
568
980
442
855
985
289
544
593
746
398
406
800
673
375
747
913
69
953
377
424
698
978
363
581
828
184
475
796
570
316
651
173
798
378
278
573
157
318
99
913
59
38
217
901
436
20
486
601
939
374
123
458
444
380
387
466
649
67
58
932
113
692
718
292
191
884
446
920
962
419
286
308
886
98
555
587
804
463
843
90
396
347
914
520
431
281
473
887
419
981
998
993
601
516
971
915
415
960
143
645
840
706
634
513
870
835
574
860
511
847
710
860
749
849
413
343
151
881
938
316
830
157
821
101
679
302
509
495
776
935
629
316
889
249
662
532
845
215
510
831
814
891
323
174
61
264
433
758
259
491
644
752
843
559
828
814
137
689
753
672
777
531
910
382
747
755
534
539
816
651
695
102
374
421
126
881
376
502
652
297
327
894
340
661
695
173
246
610
354
609
789
67
970
633
777
99
681
419
661
913
625
896
440
883
61
878
161
714
721
854
116
718
587
367
677
110
809
899
125
783
44
722
383
630
993
332
12
34
332
922
331
752
959
1000
775
925
336
332
550
942
474
321
545
287
69
635
232
292
64
393
663
331
1
869
494
899
140
997
83
151
126
9
342
712
857
908
934
333
435
162
630
339
784
680
951
405
871
396
205
865
776
865
629
