0527
965
279
202
209
447
773
380
455
934
316
688
196
175
130
25
543
83
804
922
675
262
845
533
79
700
593
628
587
438
631
668
132
920
235
533
653
605
200
341
635
919
557
596
778
256
642
178
515
591
23
638
800
856
587
95
77
515
124
130
127
968
629
545
207
147
571
167
135
173
594
631
463
180
73
222
513
122
715
56
163
466
649
479
976
188
130
526
936
834
140
955
703
979
863
637
428
893
905
400
497
34
878
679
639
495
940
272
240
389
813
861
193
977
944
892
291
123
627
637
887
962
223
381
491
344
223
70
508
777
841
442
863
47
882
662
617
773
298
118
821
114
928
735
693
617
862
357
959
968
468
863
662
319
810
764
151
887
385
510
177
318
850
541
722
50
163
144
419
118
835
851
41
161
439
407
406
492
961
42
644
924
460
174
911
570
426
569
218
373
528
446
195
521
572
513
796
763
838
746
957
769
857
460
750
27
734
756
613
993
688
513
49
402
133
274
152
802
816
893
574
143
45
156
803
515
605
546
494
456
395
947
951
793
482
550
526
20
816
525
461
934
49
181
393
819
247
93
331
115
568
692
715
971
240
418
626
452
71
773
962
647
571
33
693
445
664
223
768
762
549
915
149
844
893
749
66
582
794
945
269
111
782
703
415
957
256
346
147
949
639
331
313
212
98
223
370
625
106
