0528
447
126
766
88
678
436
869
314
233
658
779
696
222
725
131
325
221
800
512
639
590
221
748
921
207
634
852
815
785
676
408
877
351
126
408
250
739
930
447
928
849
554
989
699
398
134
357
85
162
316
151
560
632
596
583
84
621
249
576
274
2
473
1000
793
228
236
800
672
418
388
665
396
660
465
213
126
86
871
73
956
816
558
243
805
404
329
803
410
491
904
33
136
753
51
334
408
503
601
266
866
582
786
970
994
593
635
34
414
753
155
982
52
246
867
605
215
795
257
402
483
537
8
464
544
341
64
19
518
351
129
184
930
422
65
11
957
905
873
355
377
433
726
5
218
393
528
564
909
135
138
393
466
20
826
34
50
230
538
811
105
948
402
583
863
301
22
595
616
284
381
273
674
699
123
734
362
760
557
726
24
955
230
40
551
354
46
389
473
499
282
690
288
929
539
942
599
940
248
541
747
549
329
593
787
733
779
350
81
172
790
712
876
833
119
154
956
284
728
71
303
703
252
880
150
728
975
146
844
215
267
167
577
865
568
950
331
390
591
304
142
131
117
537
765
745
957
985
859
302
413
879
509
5
544
620
384
553
721
859
56
471
954
415
855
810
808
568
159
118
606
729
720
327
459
819
780
521
521
811
349
108
229
160
500
457
478
623
702
127
66
959
870
370
141
435
627
697
350
282
355
816
932
467
476
12
310
871
695
115
961
679
705
110
51
177
807
790
425
926
50
494
917
838
736
47
549
875
206
434
70
754
871
939
620
115
298
631
507
11
246
543
856
686
83
245
268
695
317
877
850
942
80
591
758
695
899
322
145
191
705
328
810
193
164
260
701
666
312
355
100
220
540
923
175
344
870
33
919
