0529
879
407
400
910
286
223
322
367
927
661
835
550
40
959
676
772
697
410
313
637
550
10
123
705
141
93
715
387
29
902
270
302
464
103
177
571
917
683
989
218
313
176
429
345
677
567
744
126
368
946
850
337
856
65
284
989
522
525
193
822
22
99
788
605
907
372
533
11
601
837
973
273
811
299
951
845
977
41
21
701
75
22
326
561
339
49
312
386
591
259
819
951
928
408
72
808
747
329
620
572
802
376
893
587
591
582
864
877
223
481
633
494
394
760
938
797
415
672
433
739
498
710
771
306
911
81
784
708
661
526
269
758
201
415
324
817
408
202
227
626
611
964
555
524
122
891
627
695
774
5
910
172
517
586
592
509
2
648
735
238
252
892
427
107
828
794
822
189
112
663
896
402
464
158
347
356
660
519
698
32
807
648
138
577
152
817
438
389
25
870
507
526
952
22
526
217
258
743
834
375
373
348
980
497
878
481
436
277
43
916
283
456
299
77
340
631
783
127
674
538
556
917
102
213
558
577
665
239
856
915
805
922
363
844
402
479
568
399
699
20
379
841
35
164
485
105
459
855
85
350
655
263
421
677
348
560
49
787
205
590
334
341
486
591
396
896
262
803
717
574
393
386
180
199
719
124
386
795
630
253
315
824
313
334
262
304
372
329
459
510
709
33
