0530
392
671
751
675
613
409
387
419
349
636
30
682
287
25
713
776
39
525
911
334
464
384
227
566
917
359
769
805
941
922
168
608
242
796
151
767
779
748
591
111
281
983
622
468
491
421
722
474
63
264
83
409
972
327
321
514
685
429
790
320
694
614
267
362
801
215
134
850
624
200
547
374
884
447
407
673
212
910
109
366
149
758
769
608
117
214
796
749
467
785
569
967
540
466
598
344
26
481
538
813
483
262
890
88
124
335
549
257
414
342
329
689
188
114
729
160
253
11
786
478
207
497
371
514
559
853
446
442
329
936
433
844
95
624
574
121
331
145
837
333
245
629
310
248
22
611
684
75
293
473
362
874
774
39
548
325
535
753
480
944
85
199
321
934
824
841
162
461
975
197
237
205
734
966
701
449
829
776
452
549
730
283
67
320
237
660
241
674
559
890
473
204
697
991
643
487
27
628
666
889
142
972
465
246
113
41
121
572
274
875
157
608
78
605
199
409
122
115
631
184
545
488
92
843
571
249
678
421
250
453
658
853
189
478
221
555
284
560
328
661
923
641
322
412
138
224
933
532
530
774
855
348
842
642
430
260
245
641
273
594
434
288
674
924
709
445
887
930
575
785
328
251
826
754
195
47
939
624
177
292
940
878
132
371
723
448
765
267
169
890
165
961
166
709
243
372
855
105
331
778
768
757
857
902
31
198
429
765
990
371
441
701
258
57
195
773
383
791
713
982
313
353
961
658
55
947
334
874
1000
166
523
731
479
541
845
481
399
213
553
900
604
814
516
635
352
348
202
415
429
221
54
296
230
144
607
979
732
212
670
662
572
637
518
711
406
132
328
260
444
272
811
508
50
964
60
669
613
439
238
161
734
111
9
20
503
476
749
824
436
924
156
729
908
877
867
340
250
304
806
104
553
630
592
7
284
881
274
289
473
655
262
499
846
763
604
834
919
395
152
567
215
34
270
867
402
653
319
172
206
146
304
25
397
386
515
533
357
61
801
71
479
637
620
383
641
342
74
806
228
959
228
559
481
428
574
345
140
803
961
903
20
370
945
466
197
815
635
177
160
81
822
169
694
526
875
236
687
63
786
192
576
409
405
600
649
517
