0531
848
616
444
368
337
861
322
853
475
808
594
373
200
985
550
291
344
608
205
734
70
637
157
731
381
572
79
50
548
797
692
519
374
175
606
560
703
529
673
948
113
269
741
803
481
611
885
375
959
469
331
425
569
445
804
847
173
798
581
445
653
737
36
733
561
151
893
731
629
614
832
993
527
722
615
571
869
327
107
787
780
55
226
85
698
851
983
262
603
857
305
777
820
729
543
201
825
528
615
246
569
722
143
343
881
458
443
632
736
42
937
501
806
328
509
861
704
776
632
617
418
618
796
308
924
957
733
870
687
373
718
508
958
153
49
211
394
482
624
294
538
269
72
992
676
592
793
975
642
531
15
171
508
450
494
448
185
870
271
19
40
500
602
358
98
580
791
125
868
548
41
519
721
485
746
1000
549
140
613
218
412
955
968
211
948
154
181
465
972
638
308
261
321
502
23
145
788
11
215
626
352
385
407
973
238
253
105
142
139
74
195
524
50
755
235
959
52
557
732
955
403
857
932
483
505
723
287
483
943
118
