0532
890
46
742
291
171
366
325
797
136
161
128
873
592
71
695
467
375
294
610
157
142
991
280
99
682
415
591
367
426
412
807
856
687
943
929
103
635
380
623
646
393
685
889
378
330
978
637
712
697
780
998
151
779
233
316
769
79
190
279
542
422
659
788
524
891
20
347
21
773
175
851
222
283
756
486
923
865
621
418
505
51
531
811
983
801
580
928
581
550
669
44
798
787
305
630
655
251
450
921
642
751
331
568
915
256
77
697
595
954
831
638
702
370
267
632
957
725
678
417
197
190
764
131
799
636
874
112
273
523
495
338
102
508
57
815
577
809
681
848
295
199
496
422
429
674
368
269
902
768
354
993
529
742
750
631
937
717
78
865
434
141
199
344
61
935
799
487
358
426
761
374
74
726
399
537
460
907
186
580
268
802
645
614
24
302
537
975
213
291
398
348
828
228
576
796
975
58
359
80
190
826
507
437
956
231
805
438
394
455
381
684
516
793
423
158
94
660
60
863
839
13
295
729
202
355
213
580
216
334
306
530
721
807
721
287
612
800
151
930
642
538
178
84
219
294
145
437
235
72
368
574
562
932
264
794
51
458
632
392
866
195
793
684
326
914
751
267
228
419
146
331
199
712
598
651
62
155
624
563
830
866
898
62
915
678
447
40
872
11
692
545
340
979
87
860
790
187
914
651
421
64
496
144
929
874
186
73
76
853
198
957
12
381
282
501
330
119
170
537
492
274
991
808
840
181
198
406
882
925
630
374
814
780
335
561
283
503
785
906
228
830
823
530
610
728
670
361
487
238
613
129
136
924
988
363
521
312
388
862
9
836
117
672
483
624
11
825
617
653
230
890
169
494
717
302
1
85
728
423
925
868
651
572
869
621
41
614
383
16
814
540
906
986
992
62
171
895
986
395
758
638
48
666
209
328
979
244
357
270
311
92
946
551
497
976
737
114
99
724
183
731
789
514
443
518
813
447
107
796
377
305
315
209
687
963
281
529
913
349
585
791
518
653
498
856
162
871
40
156
291
458
171
203
351
619
106
145
