0533
386
819
630
888
446
70
231
351
153
139
801
562
836
33
504
342
47
511
18
648
137
500
579
298
209
946
352
762
759
796
669
95
775
536
312
481
360
584
277
75
709
260
96
959
815
686
911
25
867
574
678
780
156
195
504
320
231
360
193
200
161
697
468
306
411
41
649
11
904
703
777
418
298
810
588
137
565
335
107
184
300
46
114
957
604
222
263
843
491
924
376
96
834
945
15
830
115
171
541
486
741
917
968
873
522
619
742
42
140
549
327
375
566
219
3
740
777
714
577
16
203
41
194
954
459
587
575
90
512
959
391
62
512
557
817
652
870
943
403
131
497
930
60
413
78
179
985
765
836
91
124
505
330
953
654
379
376
674
970
279
218
125
909
511
184
385
983
32
160
197
293
951
508
537
621
502
941
919
158
108
574
681
645
21
60
185
936
64
187
593
770
112
550
694
214
564
707
920
90
665
590
960
299
210
207
691
918
308
390
380
4
927
70
47
20
915
775
781
924
824
82
951
177
696
965
238
751
681
309
559
368
508
146
616
968
763
1
104
569
742
873
867
145
790
770
156
103
304
605
6
230
861
336
13
550
315
417
975
139
956
775
818
653
948
241
996
911
593
70
688
787
595
632
234
751
212
136
481
936
620
680
10
937
33
20
86
351
765
913
787
466
385
533
641
315
521
748
67
745
75
803
902
939
212
644
577
661
779
250
885
327
435
322
285
305
537
132
978
815
97
564
408
267
854
689
541
439
4
158
471
203
784
863
893
867
613
933
608
852
380
941
873
784
273
316
334
827
942
448
857
434
272
776
425
986
849
783
582
481
668
338
548
413
641
755
83
836
474
408
54
311
978
945
701
780
764
855
962
985
575
888
551
295
669
510
506
635
500
952
587
985
538
547
438
421
615
465
546
993
358
821
471
105
723
891
271
176
792
134
557
270
446
