0534
965
335
302
712
937
165
355
492
271
30
305
604
662
562
862
523
619
959
575
577
304
213
867
322
978
971
666
797
484
186
158
42
510
141
887
94
179
236
877
903
371
147
256
354
17
677
831
273
38
959
191
310
747
896
618
887
581
741
160
709
273
289
21
532
164
905
85
525
121
371
402
224
306
238
712
10
465
785
756
391
388
663
592
905
229
203
933
202
954
662
942
632
624
297
530
146
980
528
879
369
741
30
28
389
66
527
71
18
216
957
256
686
15
431
373
373
259
492
539
894
841
479
909
578
787
284
161
595
205
198
610
250
458
604
99
760
110
512
770
467
129
553
643
357
48
728
948
800
144
133
598
765
218
25
283
418
368
247
487
939
4
705
721
624
338
896
129
508
418
428
480
675
681
17
340
724
102
278
377
506
955
480
718
749
876
153
704
723
672
758
97
971
698
62
702
977
701
172
570
919
865
874
131
101
18
181
222
338
848
174
487
626
424
257
416
803
560
411
800
185
832
307
20
133
746
372
22
73
531
69
850
653
983
290
208
162
69
881
133
428
961
578
447
687
371
855
636
459
941
570
128
765
236
472
630
658
411
988
998
678
797
74
813
197
36
447
941
199
479
543
276
302
643
780
530
469
201
438
792
348
945
16
661
725
871
342
194
295
769
237
743
670
703
333
326
86
261
239
780
869
902
561
884
858
945
419
652
526
587
573
609
349
268
729
846
369
875
363
935
828
480
869
