0535
126
409
664
876
511
978
812
67
891
769
56
668
324
884
785
606
680
488
193
160
865
909
151
436
507
223
301
765
137
751
599
837
118
331
166
562
459
921
290
518
642
513
696
247
449
425
187
80
439
847
426
319
116
704
312
999
208
681
70
691
378
584
381
89
478
273
684
607
471
132
94
769
145
32
505
789
926
858
804
699
237
65
737
936
875
837
998
130
622
696
318
906
332
151
317
484
397
744
527
807
348
948
815
705
670
804
458
623
703
452
926
37
825
570
6
945
611
768
183
600
48
344
455
439
415
380
443
661
412
