0536
115
829
481
630
101
501
912
373
303
146
63
247
956
671
269
679
36
303
811
98
660
281
973
318
636
72
93
811
170
543
3
612
743
634
579
120
587
586
605
398
682
796
617
325
375
604
586
879
846
634
921
735
598
606
932
906
569
542
637
821
775
610
457
94
707
242
493
624
4
496
694
160
148
599
582
224
87
423
231
542
115
733
608
217
917
201
164
112
757
670
800
192
745
833
731
907
657
490
580
237
35
28
531
285
400
45
518
141
824
26
444
186
444
481
210
118
293
224
919
319
720
185
307
861
493
98
513
344
114
840
507
918
882
404
38
117
748
695
649
986
840
890
672
572
371
884
262
326
537
391
279
7
139
678
15
878
251
109
820
561
108
429
177
323
140
