0537
598
641
995
852
885
741
985
907
915
351
72
420
670
510
396
968
387
226
430
813
439
768
795
971
700
358
148
658
243
197
755
255
572
6
447
431
159
862
425
968
837
114
574
956
190
631
547
438
62
634
361
388
992
839
765
834
532
570
178
685
694
939
296
208
535
258
327
635
965
386
330
182
109
878
710
838
233
492
617
996
597
184
258
46
562
443
213
45
194
301
621
194
516
791
899
365
224
13
699
910
427
469
198
844
253
363
29
976
500
459
805
686
845
538
522
735
64
910
784
583
777
105
912
55
674
544
906
82
667
604
595
312
928
243
231
928
491
174
236
813
729
950
703
72
36
113
893
94
677
991
107
11
24
794
516
600
8
460
