0538
428
259
769
128
803
860
530
52
209
104
359
434
40
253
400
264
531
231
704
97
624
470
333
833
494
701
723
388
227
249
163
384
306
907
605
556
71
908
905
107
866
966
419
606
100
529
36
678
427
754
651
29
96
534
685
574
309
195
513
481
282
657
628
368
447
360
879
834
925
476
5
159
555
169
653
51
406
556
366
394
206
764
466
10
475
431
508
968
837
23
896
236
990
97
572
478
871
191
152
351
133
178
320
916
348
677
426
26
7
58
523
3
930
637
973
509
636
547
878
340
365
611
125
940
247
305
313
541
302
673
659
666
219
609
408
704
43
846
946
372
212
261
929
943
89
700
96
191
751
213
487
998
560
903
262
664
733
635
409
37
995
908
307
142
998
207
1
106
57
200
733
649
85
151
565
940
290
139
679
809
99
559
376
290
323
768
110
981
164
263
503
466
535
942
397
494
720
349
292
253
699
569
690
648
323
149
556
116
236
188
40
77
581
243
714
798
86
267
627
816
146
875
875
785
925
626
154
714
964
325
311
888
486
38
940
340
167
525
333
562
864
27
720
686
409
506
818
343
463
43
449
843
753
130
927
889
119
876
339
190
811
387
111
859
551
572
952
691
305
958
609
751
46
168
216
804
773
228
136
158
582
897
425
40
986
254
167
109
516
915
546
556
898
606
147
900
722
924
149
720
706
739
582
581
74
515
55
904
442
286
248
480
260
257
703
514
13
290
669
432
794
348
2
488
155
709
831
164
380
1
182
460
834
156
707
684
653
514
688
539
467
105
974
755
450
862
932
781
471
676
43
583
847
478
95
620
409
832
768
225
381
709
185
755
256
683
779
229
405
767
322
19
440
270
338
16
923
520
169
618
397
357
97
146
892
81
160
446
9
729
702
601
547
