0539
708
530
271
858
895
316
58
688
95
530
258
935
737
702
223
621
133
756
725
690
457
665
239
998
686
15
191
996
734
789
858
758
620
229
406
496
244
770
385
382
813
429
404
103
945
983
609
159
146
325
322
257
581
94
391
784
874
646
620
945
665
639
836
540
193
131
925
74
390
205
339
971
729
44
93
968
448
835
698
690
14
125
139
29
899
222
75
773
826
228
398
877
375
375
591
158
12
835
513
892
748
273
428
465
998
242
378
374
330
358
774
449
388
693
439
767
934
364
42
777
5
905
351
662
143
16
324
36
663
336
981
933
58
745
110
470
389
830
627
626
21
195
565
326
8
66
479
991
941
370
735
232
451
191
802
662
304
112
26
496
378
657
120
827
762
936
722
425
249
993
336
771
749
120
753
228
182
33
554
486
631
624
762
158
345
117
424
80
724
342
766
872
621
252
746
38
986
788
221
193
628
540
999
180
482
799
563
454
749
617
908
670
153
261
526
43
326
331
607
891
119
612
411
636
676
568
476
740
391
123
340
298
345
518
554
199
763
912
168
733
173
977
302
339
445
605
866
182
754
438
315
279
60
118
385
569
814
537
854
760
45
702
186
106
745
363
633
39
446
704
559
440
136
855
847
142
474
918
687
756
506
859
935
691
127
388
21
549
610
467
911
693
156
903
463
443
447
825
375
552
73
979
611
505
371
26
154
914
492
436
700
907
526
953
834
654
739
431
743
137
883
292
293
39
53
382
816
34
735
672
715
555
825
308
118
364
851
206
393
195
913
887
122
796
834
304
269
602
178
873
267
967
227
435
44
412
863
202
137
677
378
899
569
599
920
523
696
624
908
352
901
370
528
765
753
847
155
660
324
112
18
984
346
707
580
799
532
335
207
442
957
978
362
195
937
745
616
694
382
180
387
831
597
654
137
540
403
909
189
406
45
673
945
714
944
190
905
552
694
373
664
430
149
287
379
887
521
478
703
90
579
117
784
954
61
218
291
733
660
475
500
479
389
61
283
549
569
319
117
391
380
549
132
467
597
866
808
220
462
911
878
37
940
805
95
494
864
941
565
857
58
705
916
202
770
673
21
122
395
990
853
818
346
122
628
349
20
156
265
565
297
602
493
712
45
917
119
111
435
652
