0540
56
406
506
181
92
475
489
442
603
11
9
745
644
964
559
453
320
72
484
220
998
18
524
372
744
57
8
805
474
18
805
656
847
747
257
270
796
928
360
388
551
485
485
726
444
993
923
558
725
412
910
875
568
681
444
674
71
184
983
292
395
452
565
181
388
798
342
787
638
743
495
869
358
46
21
177
94
439
69
971
571
855
760
913
359
898
220
362
500
980
778
112
910
360
60
742
859
983
92
24
893
909
892
208
894
895
912
545
159
361
876
268
39
190
714
646
779
863
445
993
205
359
144
482
792
372
474
14
415
525
638
175
518
982
516
911
302
701
82
167
245
274
806
108
515
226
113
967
421
92
842
184
698
953
475
953
836
260
565
442
484
71
868
740
219
180
136
359
245
385
178
957
119
38
366
432
835
580
375
111
279
743
408
856
960
901
884
358
765
669
691
70
111
402
926
294
76
691
853
5
581
460
726
798
561
452
14
399
168
486
951
666
158
593
32
188
868
338
718
602
64
292
507
332
892
415
615
571
555
46
360
920
62
593
765
227
998
482
318
527
744
269
372
18
298
733
620
544
691
489
953
877
863
478
39
191
983
24
651
61
800
488
311
653
581
193
343
657
328
995
95
403
437
840
880
478
186
741
895
170
697
700
226
268
378
860
695
537
39
477
831
43
779
723
789
562
167
505
953
724
732
523
261
293
561
181
306
179
813
151
957
511
562
949
765
776
790
875
687
499
375
561
706
822
285
389
980
110
937
428
806
471
938
25
236
539
263
94
824
917
488
662
365
621
410
264
339
521
904
460
643
73
703
645
689
996
596
131
10
969
313
622
658
355
439
605
219
521
773
617
606
457
824
853
491
726
72
864
299
627
80
830
576
293
97
235
909
874
540
774
375
233
995
850
691
140
474
851
799
566
501
644
371
144
189
643
659
931
622
933
643
938
933
746
497
124
308
852
106
597
472
924
562
89
119
367
127
516
696
657
580
282
473
63
2
407
677
633
72
280
772
584
830
199
815
335
930
502
446
740
391
367
344
86
929
739
907
366
60
829
740
658
