0541
341
955
743
612
619
31
237
677
73
852
932
288
766
727
636
591
88
331
677
36
642
96
590
52
648
418
570
209
34
667
666
426
971
896
999
702
748
306
253
964
832
903
236
409
345
38
922
346
140
257
46
936
420
185
952
843
620
236
330
353
718
165
209
308
397
888
411
326
886
73
461
878
451
217
478
184
207
684
191
702
810
537
370
418
967
694
852
767
429
828
11
579
155
78
601
544
438
241
975
55
853
365
835
145
790
848
619
574
358
47
774
695
610
178
54
175
376
11
744
215
440
565
973
932
948
858
683
398
504
746
566
172
41
514
92
947
759
9
592
673
59
223
168
517
369
239
536
573
145
972
468
674
81
538
119
974
698
97
796
710
882
165
378
614
932
523
411
868
745
756
816
410
626
435
398
86
104
476
506
352
708
491
606
450
863
246
646
764
731
635
552
992
5
766
203
221
411
877
93
890
828
624
671
117
565
784
827
834
736
118
820
565
977
97
376
710
930
135
6
505
253
396
464
300
457
741
33
332
629
81
865
796
482
256
369
316
391
656
929
147
160
411
2
113
363
112
222
868
164
722
819
713
979
149
440
730
980
57
294
724
198
852
832
163
563
643
571
688
88
384
209
879
570
231
391
165
907
8
831
82
301
555
90
750
832
631
823
724
801
458
709
683
502
249
642
511
530
985
345
361
563
422
545
378
161
254
60
492
211
158
503
912
366
127
960
579
546
895
782
600
741
689
385
611
48
365
438
776
778
817
814
480
461
226
644
777
104
698
495
624
573
453
401
481
979
961
642
504
302
11
805
929
85
468
489
215
939
293
638
483
