0542
542
446
968
823
292
888
185
393
916
510
495
455
758
626
592
731
969
881
492
128
91
921
416
302
630
547
796
8
865
21
860
577
564
415
806
934
513
537
334
293
724
48
469
540
731
668
37
245
40
397
296
882
495
139
126
618
178
465
598
462
692
512
725
578
689
390
929
260
421
153
887
350
831
605
29
407
988
664
200
540
558
939
916
87
487
283
918
224
665
789
296
256
23
31
137
949
652
435
810
782
260
925
782
98
681
602
786
260
769
266
721
474
828
516
697
545
104
326
396
512
941
664
667
645
125
962
56
208
337
280
20
139
142
781
234
549
522
79
352
425
34
828
106
396
162
866
234
230
