0543
409
368
122
732
55
543
199
26
810
676
206
342
608
512
939
639
35
33
819
305
890
472
162
101
531
158
562
740
225
560
732
731
741
622
505
324
420
448
820
785
395
906
60
840
561
11
294
851
383
859
343
267
285
97
134
630
732
464
608
641
737
498
210
807
830
295
49
457
12
995
307
457
552
503
198
434
461
553
189
771
582
499
500
834
39
606
796
400
752
558
696
270
92
208
931
134
1
207
291
18
771
75
199
107
695
858
565
927
832
544
396
918
47
140
691
317
376
328
238
991
169
597
868
551
402
358
920
945
578
150
918
904
610
556
822
804
410
466
563
25
969
41
532
412
807
549
113
419
736
622
945
69
269
202
294
278
676
328
483
196
524
834
613
779
425
9
790
50
267
277
741
648
596
728
489
141
344
459
402
663
549
790
424
968
863
615
739
914
277
43
841
553
957
781
191
361
848
225
965
519
908
604
940
825
662
466
305
16
987
730
915
41
753
554
860
427
323
111
784
163
214
117
310
706
219
698
224
557
210
732
744
732
598
253
330
195
214
404
596
349
116
