0544
996
439
881
301
250
130
517
611
475
586
147
844
535
413
318
901
469
398
680
762
747
887
807
940
135
412
106
445
607
550
643
274
789
976
333
79
267
354
667
13
355
750
836
533
835
156
408
803
278
778
153
877
645
63
796
222
849
276
215
382
524
718
134
260
206
957
976
250
444
851
15
375
617
552
67
212
85
466
308
361
219
90
114
611
570
40
983
316
921
909
282
892
242
879
284
191
999
488
142
44
330
404
515
295
323
468
699
52
820
89
276
180
948
809
565
352
703
628
198
66
242
983
10
429
751
293
371
930
515
71
883
821
545
193
648
717
637
313
593
977
896
369
315
113
821
597
570
332
51
792
265
291
394
5
10
328
772
40
310
331
421
513
193
837
418
540
968
241
37
951
919
74
194
112
779
647
79
884
71
997
981
760
457
284
249
404
418
250
392
875
481
712
699
980
798
127
669
809
483
798
547
519
623
642
650
881
287
814
965
331
240
627
577
115
352
130
839
408
120
519
394
630
479
130
195
639
154
322
501
379
621
255
578
826
649
972
198
626
968
990
156
979
484
668
967
325
370
730
211
825
948
408
93
348
337
603
126
499
221
490
881
769
326
111
406
770
724
490
221
664
356
962
70
459
580
584
881
850
828
672
886
367
483
19
931
803
756
444
216
857
793
688
108
520
91
647
306
301
755
884
814
35
927
685
879
992
997
845
440
33
873
30
661
168
606
413
284
500
530
815
554
531
517
563
499
197
307
238
472
793
416
874
221
165
925
934
539
225
705
351
747
435
106
860
709
805
452
996
513
260
576
654
261
785
445
277
578
924
814
874
822
347
574
21
569
806
175
297
645
389
769
676
456
972
127
108
607
857
965
313
952
72
977
297
533
861
515
753
511
599
320
227
797
317
981
871
623
80
959
813
721
842
165
495
447
582
