0545
757
890
904
935
826
303
957
201
682
848
865
309
911
115
380
394
86
972
603
348
970
96
317
891
932
871
798
357
460
434
320
917
59
559
865
758
257
723
627
338
112
739
647
353
183
182
178
210
163
409
896
881
595
887
695
522
218
217
676
664
862
474
125
492
346
419
98
272
770
403
195
282
392
106
335
409
257
769
48
519
748
673
964
379
687
61
33
831
928
892
748
721
707
121
472
903
637
367
691
930
842
921
516
799
995
479
123
540
981
728
54
546
65
528
906
332
905
690
423
220
745
749
731
289
54
421
840
576
453
813
592
233
690
947
960
161
571
263
625
191
420
715
943
416
112
647
729
311
980
250
27
218
990
156
973
655
304
583
570
977
861
208
647
513
129
227
519
309
213
100
712
453
357
881
179
72
9
399
701
892
823
448
669
933
840
791
302
434
298
515
794
570
547
137
781
134
750
890
963
568
177
55
953
293
749
720
368
650
993
380
70
21
886
892
478
404
919
446
7
584
872
401
577
747
673
200
281
866
752
19
548
383
682
316
419
392
255
762
604
480
592
187
681
292
385
513
642
45
534
248
46
159
570
356
175
857
66
993
287
763
543
143
698
930
988
346
708
938
97
299
624
586
944
675
79
27
336
712
647
165
68
792
675
402
50
924
298
993
400
260
600
620
938
213
305
358
925
278
996
331
870
732
221
760
357
522
542
560
477
802
736
788
68
854
400
881
937
943
726
942
486
470
253
697
561
96
101
37
193
891
629
175
418
807
543
587
640
460
713
925
925
378
607
515
436
140
909
141
179
939
655
132
882
775
590
963
417
895
674
213
910
451
250
260
940
315
852
704
91
109
371
881
749
28
622
455
696
302
127
964
424
97
278
128
880
793
930
773
712
678
747
7
487
869
984
993
454
125
917
727
781
667
736
988
757
269
525
636
808
802
131
573
296
544
200
284
379
789
621
611
727
377
835
605
841
201
678
657
201
666
615
662
132
305
56
414
37
996
302
985
702
833
700
851
459
519
141
392
921
362
591
609
155
106
477
589
807
804
219
336
600
952
931
250
666
877
929
692
219
712
973
148
231
265
552
366
64
868
375
670
495
890
827
477
461
386
103
839
457
73
514
944
734
