0546
677
151
134
637
268
629
307
314
454
426
335
160
673
905
645
845
878
80
383
291
94
167
276
746
191
880
719
843
8
355
311
304
551
469
761
975
576
496
277
733
217
660
931
920
214
424
584
241
947
697
564
921
819
587
726
624
552
655
199
392
7
221
356
860
244
115
102
855
51
294
738
65
609
975
70
359
953
880
612
80
836
131
255
873
818
524
431
724
411
334
718
765
490
221
859
189
990
592
382
508
658
801
767
449
931
33
123
6
516
725
330
535
930
50
527
871
109
434
393
279
62
792
637
789
848
17
229
92
697
962
899
772
338
521
552
502
585
760
944
579
546
461
813
326
80
214
306
415
380
797
340
59
688
371
214
206
460
765
952
61
727
967
100
909
786
951
113
124
717
704
365
537
63
432
854
835
538
493
991
775
338
905
775
68
544
772
618
608
799
220
19
708
745
537
360
121
115
167
410
782
165
437
129
556
679
937
309
767
338
982
849
11
