0547
530
184
466
576
183
41
725
163
317
168
655
748
26
39
154
143
48
30
632
702
232
8
309
887
731
26
387
929
169
342
967
23
945
749
831
449
955
382
118
250
721
59
325
92
152
140
903
267
821
901
698
648
390
598
990
640
117
414
466
656
898
294
456
658
52
977
130
153
414
824
453
400
809
924
480
402
370
261
464
152
913
78
384
385
999
610
907
869
128
410
742
244
111
78
831
375
921
228
807
611
114
119
206
19
409
361
753
641
883
988
369
141
841
573
288
700
972
12
440
832
329
247
838
284
356
521
865
504
924
151
897
910
477
797
641
566
197
827
832
96
504
948
929
684
624
722
361
766
501
