0548
553
474
935
367
558
686
585
115
810
619
40
319
637
747
361
665
184
94
661
199
725
551
614
657
665
556
326
204
930
741
199
925
324
692
927
711
564
442
838
946
490
253
433
713
546
517
599
617
195
988
483
446
860
792
747
904
12
34
190
68
351
487
599
343
328
522
322
492
507
879
371
474
869
159
469
552
961
796
620
571
901
424
456
565
528
890
493
456
359
241
975
367
666
548
904
904
493
547
213
202
926
973
217
761
45
397
511
243
165
526
767
501
79
369
434
777
212
539
991
294
956
156
874
22
473
98
540
107
366
79
559
967
159
965
822
553
805
111
453
670
510
765
273
888
494
241
448
640
555
583
902
585
163
935
257
395
437
