0549
690
582
46
554
386
291
281
626
27
618
344
323
924
570
998
313
980
275
431
932
17
71
642
950
966
360
9
68
247
309
557
76
94
431
152
774
600
394
17
24
42
257
405
381
144
46
64
245
257
151
969
588
242
748
554
456
377
396
139
383
754
513
141
322
249
648
802
681
621
156
649
616
354
158
331
696
446
758
709
526
350
684
876
880
162
566
291
258
26
766
279
799
679
568
492
447
728
629
963
223
958
504
677
84
700
40
714
704
2
932
854
32
787
841
356
33
279
411
470
560
79
484
827
618
191
416
683
330
890
537
158
348
865
867
978
118
967
611
580
545
346
283
204
981
962
417
194
150
854
139
386
899
741
651
864
544
515
185
670
728
771
353
332
670
924
394
743
512
899
526
391
2
480
179
886
607
45
423
446
536
204
65
631
807
176
950
33
149
121
604
207
421
317
951
399
608
708
260
250
926
517
305
170
529
599
37
703
142
280
489
448
476
421
783
96
485
155
125
711
648
205
116
471
771
790
226
945
575
16
313
419
332
77
688
959
38
253
83
19
216
263
415
409
333
835
418
750
292
163
800
302
166
632
852
682
220
258
797
925
185
284
318
298
175
786
198
328
946
957
3
834
593
566
705
657
44
191
337
311
615
981
577
514
70
215
562
493
728
853
173
509
918
796
758
789
475
649
553
625
317
389
981
419
99
478
128
376
197
310
966
240
507
828
702
409
280
458
5
34
901
803
544
952
944
737
821
494
586
197
48
339
604
672
116
859
5
725
794
207
955
985
234
751
183
448
216
363
75
345
308
439
420
439
537
257
894
969
291
400
