0550
404
678
961
973
861
866
92
345
904
826
567
463
544
538
216
93
784
456
343
332
546
912
349
334
235
352
82
772
559
284
482
62
335
617
752
440
648
832
251
800
567
837
61
372
394
258
834
670
298
665
945
363
489
531
982
973
681
846
683
808
82
430
159
515
999
701
721
552
591
973
916
335
74
573
877
341
396
265
549
101
459
59
42
441
434
297
420
417
766
359
134
319
313
246
328
707
313
748
689
16
357
225
881
818
18
236
953
930
89
705
1000
536
759
169
934
394
653
459
345
485
168
409
95
24
791
621
379
129
271
16
619
201
421
187
646
917
863
675
753
649
463
720
216
472
765
725
662
244
59
868
705
936
466
793
436
278
454
957
275
373
518
963
879
179
401
334
587
631
373
56
747
414
738
125
780
618
211
959
361
266
418
637
592
115
572
41
796
993
223
339
904
634
273
717
189
942
10
585
987
117
685
776
651
899
905
520
434
733
510
192
452
580
178
418
441
910
423
649
370
761
901
304
631
611
919
589
92
344
343
867
280
195
312
263
906
732
708
401
