0551
938
440
805
444
432
706
726
807
254
44
79
551
419
672
756
71
191
983
461
729
930
578
146
895
476
797
446
944
982
975
380
127
723
65
528
776
99
838
655
630
544
534
329
418
792
857
283
486
247
507
910
404
938
19
162
341
199
220
105
799
53
190
602
659
464
98
531
558
591
680
839
751
619
557
516
265
134
805
103
950
501
964
498
937
790
204
573
497
131
87
849
599
147
75
929
731
77
512
159
277
825
699
551
64
166
291
895
827
456
386
624
640
585
990
679
427
952
436
453
416
40
940
408
385
189
660
683
962
330
319
645
512
363
683
706
695
647
964
469
471
627
541
716
562
171
65
558
490
964
513
46
144
797
86
564
713
229
314
378
882
861
803
25
445
591
130
605
179
788
589
577
738
306
962
653
618
74
695
88
606
167
594
606
576
276
98
844
924
177
704
976
97
922
29
18
608
424
92
49
390
554
440
320
472
782
913
105
128
384
481
862
752
10
237
719
958
691
781
846
667
721
344
360
438
11
310
664
710
374
474
371
97
198
1000
261
158
572
902
185
931
3
467
853
447
408
343
734
110
172
645
806
523
50
403
407
898
190
788
718
687
769
984
620
17
175
627
205
19
183
129
817
44
461
