0552
593
360
114
123
838
1
1000
631
428
907
163
682
315
489
250
532
204
412
252
731
484
326
719
133
182
567
918
892
783
438
96
71
921
359
968
807
2
375
575
126
100
639
822
491
682
171
565
40
730
899
290
355
4
255
577
789
176
153
477
15
381
432
265
240
419
373
198
51
252
90
84
400
805
645
959
113
460
894
471
284
787
830
263
388
510
171
486
179
522
79
286
622
224
76
559
562
951
423
845
522
203
566
645
609
49
122
534
504
853
434
57
12
873
68
332
287
523
408
728
304
570
947
113
481
167
142
640
612
558
601
761
694
548
462
195
34
703
178
798
622
935
791
204
190
856
104
503
479
307
738
86
466
779
83
923
473
483
493
528
866
453
963
207
213
436
532
401
75
907
522
324
692
11
139
