0553
814
807
267
888
896
875
364
221
811
393
788
837
308
106
253
844
285
792
959
524
189
486
816
766
632
263
569
738
466
831
776
933
348
608
331
659
335
184
922
344
566
374
201
191
995
521
412
339
290
610
173
808
412
288
186
86
823
201
141
768
248
648
471
79
676
372
821
301
66
826
409
447
674
91
457
889
457
49
863
115
33
699
487
959
411
240
667
333
70
754
987
852
748
725
385
237
861
348
231
422
556
545
30
533
191
611
39
972
217
346
755
447
909
258
476
596
943
399
230
427
412
347
625
357
89
772
695
868
122
2
908
853
193
557
925
240
12
908
482
652
920
984
858
869
422
372
512
111
651
154
556
176
518
286
37
375
806
856
123
846
591
3
978
919
486
691
616
428
751
167
962
923
264
950
886
238
77
977
900
821
933
909
346
233
59
60
831
277
976
365
877
56
618
814
556
829
560
547
27
687
682
709
860
905
443
820
170
302
516
977
853
636
671
477
624
661
965
963
749
347
144
62
316
64
354
903
275
874
590
614
364
935
231
782
640
116
63
857
426
47
600
717
594
867
461
575
930
737
130
921
710
208
145
881
331
414
614
500
438
435
547
969
111
262
716
