0554
819
507
124
42
936
328
355
961
15
406
309
599
621
891
4
749
163
354
198
788
178
484
631
867
779
472
537
278
889
50
874
547
47
75
154
502
707
128
472
587
542
400
834
309
241
787
327
342
138
471
182
496
733
739
633
142
400
80
26
946
879
97
747
444
958
656
528
47
792
224
37
120
437
668
355
293
863
962
761
667
631
917
717
790
413
730
581
771
928
891
512
756
819
337
200
231
564
522
979
617
406
352
877
38
619
99
270
73
672
57
747
934
216
822
568
602
758
809
618
933
5
188
387
792
901
646
888
925
286
39
315
907
135
57
498
798
652
168
205
506
124
959
842
360
718
68
574
680
154
672
797
611
877
655
389
757
669
594
284
656
927
730
132
888
234
258
514
705
517
603
683
309
69
143
214
925
241
144
846
103
643
288
782
363
931
996
12
430
26
253
936
141
580
133
705
696
105
827
462
804
846
273
754
632
184
875
21
672
631
238
600
523
488
575
255
136
949
703
381
122
707
285
465
670
970
748
380
107
19
298
684
137
753
769
52
40
207
850
665
72
384
879
861
794
165
920
749
676
190
943
528
168
646
652
881
821
731
319
584
835
449
326
260
321
801
54
240
919
623
446
517
790
559
353
435
686
625
455
541
402
316
715
30
283
266
7
951
688
655
620
922
958
792
955
415
91
77
103
558
355
712
489
104
913
685
555
613
374
741
626
614
376
187
81
964
351
322
823
278
649
313
197
489
191
918
582
364
73
701
594
745
814
379
169
118
913
183
533
151
395
317
324
29
114
772
73
395
743
559
459
841
736
863
301
727
107
600
703
850
903
242
163
412
923
494
98
253
296
713
831
949
58
571
701
744
141
974
724
715
237
862
871
503
237
277
60
959
320
263
555
348
714
891
985
729
949
191
237
290
570
480
866
904
993
94
143
523
606
548
465
335
141
51
504
764
525
654
147
289
345
309
864
331
454
543
566
82
174
64
313
912
942
432
358
632
759
577
