0555
455
818
655
867
594
957
632
126
763
516
281
118
324
978
416
286
415
974
452
146
858
500
755
113
148
259
144
53
579
523
727
198
294
814
794
587
517
585
885
554
819
335
233
99
549
890
305
810
885
188
621
675
129
233
2
11
413
836
87
993
377
332
95
300
342
51
94
257
410
3
687
181
618
882
31
228
385
524
683
84
236
365
441
370
543
308
347
355
324
557
305
92
489
209
142
267
176
403
898
717
831
54
685
491
549
995
585
837
462
339
191
481
89
389
832
793
189
924
485
424
281
929
808
956
808
285
295
603
73
304
8
620
544
59
703
701
863
105
374
304
543
984
328
312
538
168
638
439
379
98
877
615
594
379
196
282
558
48
823
634
88
917
164
649
498
779
322
465
805
906
487
668
175
971
332
7
125
986
254
837
34
604
218
643
192
696
448
549
845
920
927
801
499
27
811
425
381
591
24
623
937
691
403
914
913
79
362
689
389
815
131
343
667
853
185
841
273
978
653
620
425
721
288
408
916
378
53
771
536
369
343
818
558
956
763
768
615
683
909
123
229
130
318
592
850
759
869
170
257
835
442
396
488
115
384
646
517
675
545
156
358
256
199
427
172
842
602
742
201
1000
138
294
215
298
213
