0556
983
98
799
90
199
61
226
346
401
495
211
824
104
383
843
98
457
627
164
873
263
125
919
943
177
133
965
543
722
714
587
765
86
515
651
680
114
469
739
30
767
728
762
22
682
199
1000
33
653
570
111
55
97
561
368
326
346
460
187
309
62
909
529
784
369
927
170
529
186
986
985
861
83
608
227
164
351
587
344
470
607
259
230
339
152
990
177
883
419
808
443
537
318
402
230
844
860
128
603
48
912
944
100
954
334
512
464
975
129
707
930
255
491
659
42
14
655
93
218
747
706
733
435
343
842
157
518
708
776
884
438
408
15
365
519
192
498
205
664
238
886
506
310
102
949
521
66
103
733
768
838
294
326
193
975
94
796
22
329
149
557
617
547
54
477
476
577
340
84
288
750
460
566
372
921
867
54
958
624
945
268
19
95
477
524
978
234
417
414
130
837
933
397
89
662
242
845
968
475
436
822
891
433
643
531
188
623
732
296
688
468
448
47
456
207
736
660
410
290
337
733
950
761
771
65
990
570
477
29
345
134
614
711
567
547
571
949
383
609
941
994
397
581
312
792
122
803
359
175
411
136
105
479
113
762
605
461
169
955
202
76
236
828
914
163
922
111
375
747
774
321
677
712
717
23
609
842
687
367
164
405
842
260
588
985
988
362
916
282
242
40
477
176
604
284
649
775
762
938
615
218
900
466
814
550
851
961
439
849
945
762
932
795
968
273
269
934
557
86
577
665
295
383
778
959
962
429
797
598
443
29
751
82
658
967
995
495
614
417
780
415
342
814
940
353
669
317
754
391
955
370
148
477
707
454
516
306
778
699
503
308
825
733
735
841
354
814
169
648
844
852
671
513
511
882
371
684
406
479
4
17
411
516
194
347
391
149
325
917
997
756
794
414
636
145
409
46
674
675
399
956
418
413
288
821
476
210
192
877
