0557
695
309
801
478
915
443
15
620
544
697
652
988
763
740
389
478
118
759
611
427
71
938
485
90
294
713
312
627
471
213
59
289
479
617
752
47
121
994
267
778
882
350
725
22
730
759
382
48
616
171
975
730
767
31
245
798
283
281
399
798
306
665
431
805
484
996
209
181
284
400
437
856
886
312
339
36
955
654
372
434
862
500
796
810
502
79
274
159
661
915
451
978
366
504
575
744
244
534
72
36
279
687
712
157
451
493
761
112
470
938
53
985
814
120
741
940
943
231
547
746
589
357
542
175
58
572
648
475
691
514
403
117
351
644
11
811
944
530
661
457
288
409
248
475
356
172
521
904
541
137
366
300
591
369
570
295
263
403
926
430
857
679
56
472
907
853
767
423
153
330
405
699
746
172
853
640
566
521
601
770
843
381
228
82
241
501
929
242
144
69
858
719
523
323
768
204
182
203
745
454
148
338
494
546
437
383
880
405
580
2
863
655
299
20
167
130
346
240
237
192
735
866
586
93
940
394
821
924
644
413
379
648
668
100
746
662
451
836
621
794
840
322
671
946
541
302
648
836
898
519
93
615
296
583
318
573
970
46
804
490
554
573
962
903
415
39
83
783
280
236
783
952
921
526
321
680
885
416
63
965
404
429
832
246
607
875
815
173
372
964
951
309
597
197
36
466
150
177
158
920
491
162
351
443
646
818
740
482
45
436
276
776
310
164
684
60
672
986
114
44
372
503
685
295
81
733
816
753
142
890
25
683
28
848
944
276
375
453
687
728
789
847
681
852
609
316
302
720
226
317
431
117
471
648
15
658
777
441
977
51
461
962
622
97
217
606
100
16
137
979
703
942
3
430
187
458
613
846
254
267
16
644
686
972
63
636
4
549
305
757
930
776
173
172
113
361
66
831
701
793
420
886
291
216
4
197
17
57
697
234
950
992
409
290
228
416
219
775
838
433
956
715
854
536
48
30
573
931
135
302
718
250
243
220
507
140
194
818
843
450
966
41
249
403
486
476
779
629
277
364
911
42
199
148
773
620
448
16
206
640
217
85
243
916
