0558
835
508
532
998
671
316
408
154
243
370
791
166
170
189
807
836
954
292
694
282
222
196
688
426
76
823
421
561
308
969
516
159
709
728
411
264
359
620
182
66
300
755
279
341
775
888
840
204
934
341
624
104
35
53
361
815
261
325
258
658
235
107
448
124
857
425
818
494
964
2
712
116
473
988
872
455
339
748
707
942
178
29
649
369
2
909
664
129
300
733
639
536
415
291
495
182
568
391
666
305
108
471
255
46
812
430
706
924
104
747
91
971
319
907
586
174
316
230
242
41
724
128
80
265
885
460
112
292
782
508
591
442
229
877
927
932
993
519
864
716
65
715
104
693
893
920
66
470
8
909
153
329
484
623
482
454
130
460
421
1
978
260
719
326
196
788
301
623
193
834
734
999
761
130
198
495
952
45
486
570
507
193
60
536
881
510
595
50
275
612
427
367
180
748
690
679
76
906
521
512
935
75
829
779
259
683
146
482
737
657
225
743
887
557
480
524
850
349
502
3
762
875
523
514
941
463
842
509
721
939
414
765
828
422
107
185
305
605
40
167
495
164
763
413
451
958
70
678
510
878
672
81
108
380
965
79
550
27
133
346
494
294
771
407
716
586
140
769
19
743
29
999
960
769
264
992
770
649
559
182
92
965
609
913
844
496
271
996
740
164
691
950
52
281
246
