0559
719
549
256
551
577
337
904
223
220
510
998
379
260
871
243
519
859
559
286
800
718
19
510
481
644
73
456
84
208
570
288
403
453
499
136
185
399
555
723
869
295
453
573
88
95
927
779
551
305
386
757
575
633
60
231
465
313
21
470
192
977
893
828
684
424
640
556
186
204
616
457
673
14
803
976
235
877
140
747
796
252
692
304
75
112
905
369
856
445
293
491
647
160
227
925
740
44
855
625
47
759
386
81
854
946
614
592
843
180
680
103
614
88
505
833
671
110
748
457
820
554
873
39
64
104
879
223
129
244
130
511
425
536
723
264
436
265
127
611
