0560
115
579
481
726
625
676
780
977
807
566
59
202
937
961
733
532
352
429
961
3
841
22
695
141
903
344
974
10
637
145
385
568
665
281
19
30
525
196
260
1
60
457
803
317
68
876
389
254
616
279
786
524
918
85
939
413
287
658
156
768
720
131
407
380
542
884
161
253
838
494
12
509
464
388
946
731
134
293
199
285
162
620
45
538
226
356
982
150
200
663
462
442
150
473
605
698
803
589
487
643
655
310
383
886
8
880
336
399
73
617
876
564
508
423
113
331
317
880
701
470
564
209
490
704
811
724
806
181
516
876
744
59
162
63
497
852
