0561
887
53
475
105
816
356
270
940
408
138
564
756
49
402
655
222
457
592
15
128
215
520
759
395
970
210
491
517
503
571
163
119
56
605
488
643
66
522
76
98
821
847
192
388
940
781
565
149
764
4
437
173
86
673
931
434
510
897
249
764
581
353
68
5
150
424
734
691
712
350
261
338
538
768
481
997
619
576
910
118
648
351
479
815
316
251
399
855
596
929
440
582
196
523
739
734
594
978
206
592
775
59
82
921
320
307
951
962
901
917
942
430
206
522
528
354
992
773
30
76
658
392
50
335
605
881
337
927
422
510
963
915
189
220
966
32
813
467
801
874
799
477
898
588
879
105
364
987
695
181
732
799
489
768
608
332
750
619
226
231
397
264
17
843
570
130
416
882
356
351
791
741
22
993
62
839
375
473
960
69
336
675
292
323
349
383
765
532
487
705
741
433
597
629
963
840
990
250
581
842
721
44
647
236
940
87
133
423
720
680
128
638
656
165
440
358
55
100
930
841
402
304
405
417
603
946
215
945
213
890
709
578
643
480
849
379
496
313
617
850
959
170
490
697
872
236
265
418
169
209
813
808
307
588
131
55
343
250
791
545
521
771
445
407
710
333
348
225
364
904
205
651
998
712
486
438
358
763
9
460
813
594
226
66
704
