0562
210
994
400
137
80
508
818
234
547
282
187
181
944
997
92
311
588
144
64
716
828
665
676
492
151
976
611
117
230
869
938
588
360
786
959
11
953
286
325
652
550
816
757
910
214
974
310
2
587
620
984
84
945
960
427
91
548
384
364
350
547
539
345
900
229
53
406
322
294
435
817
596
863
703
987
317
724
194
439
678
593
928
861
696
428
384
221
544
382
582
374
112
363
947
283
998
48
289
702
18
932
250
528
785
960
213
940
225
570
51
671
476
618
606
536
561
798
789
421
798
386
613
470
234
206
512
617
330
194
624
907
161
854
484
583
67
750
524
310
443
636
449
466
75
54
414
433
2
930
6
995
282
894
620
127
350
208
957
856
376
881
23
46
218
413
112
423
909
663
237
788
847
941
115
786
685
3
958
631
337
20
234
1000
142
661
237
184
2
608
299
970
115
472
514
520
401
388
255
841
514
205
3
745
408
524
521
569
320
340
858
813
232
769
41
487
214
817
597
787
289
767
410
767
330
310
158
319
2
275
750
505
31
2
123
443
668
486
663
156
591
644
435
734
802
507
158
82
887
719
70
444
112
956
569
882
399
221
919
377
326
679
172
647
462
724
796
302
331
469
264
616
109
523
822
886
19
963
43
185
433
663
720
189
442
322
779
350
406
559
103
90
544
855
833
311
533
666
848
908
885
397
193
36
149
421
888
722
898
193
119
46
25
284
991
526
824
28
923
617
80
741
381
605
129
786
637
354
517
361
254
88
88
34
627
702
460
541
254
569
660
943
367
81
808
798
729
86
951
470
543
88
990
69
356
868
735
124
708
652
678
658
356
519
105
752
311
615
826
372
612
911
587
746
525
647
181
805
260
505
962
904
808
759
644
13
667
683
387
73
302
746
757
141
802
680
384
388
200
946
466
779
84
798
377
358
921
188
237
578
93
971
155
950
401
211
71
792
33
352
404
4
164
389
873
281
440
35
748
1
378
634
31
429
847
974
707
582
132
726
566
572
611
428
235
175
836
624
477
920
486
742
742
23
910
506
48
637
800
379
154
696
681
118
326
640
419
963
445
480
602
471
994
102
260
608
158
114
133
267
392
