0563
767
199
20
502
926
775
771
306
954
727
43
76
355
405
486
176
280
487
391
815
122
447
263
424
446
631
700
39
861
615
833
37
36
282
694
386
167
172
606
493
108
178
174
201
245
158
117
712
322
965
745
166
438
8
774
779
274
646
240
354
599
125
682
625
217
617
788
206
768
332
355
256
975
551
354
817
297
237
40
725
268
512
52
217
255
662
461
320
594
651
119
836
962
669
312
915
876
865
334
867
454
936
230
986
532
631
655
563
525
860
440
329
182
226
93
914
222
131
148
163
45
970
19
546
348
909
870
732
753
218
940
291
824
944
510
423
468
767
632
966
332
304
178
423
430
818
382
329
379
529
291
809
268
842
926
33
303
138
503
544
491
373
464
315
132
805
413
488
164
350
877
864
974
289
33
210
555
118
874
797
623
364
701
135
184
17
353
201
424
252
845
535
995
359
975
286
935
885
634
411
712
466
351
39
708
719
755
433
905
956
310
801
782
337
385
116
109
95
576
465
315
738
614
848
908
677
707
257
25
405
877
333
382
149
154
179
614
335
554
926
112
566
557
587
123
138
722
462
761
905
489
289
989
856
404
270
423
672
467
153
50
955
928
830
726
342
675
236
759
801
497
47
710
481
633
986
840
892
52
549
557
944
505
170
872
320
117
393
785
946
540
375
975
697
711
363
855
435
310
558
183
71
464
813
135
117
983
103
746
983
266
547
739
561
15
450
142
376
691
181
698
887
747
331
279
243
367
376
76
358
270
790
14
443
91
194
755
127
389
305
118
525
700
107
48
516
395
72
85
199
90
294
588
75
608
122
690
434
380
609
247
942
587
961
18
106
85
89
275
797
515
815
36
894
388
230
493
766
271
567
952
963
7
717
625
852
835
43
207
294
304
697
995
85
844
45
473
986
62
305
986
923
883
506
136
149
809
440
353
420
621
609
314
364
749
962
795
485
346
154
418
840
725
129
28
352
44
903
228
566
139
87
650
803
670
683
628
505
113
703
24
154
260
571
134
342
166
464
831
262
305
950
292
663
269
