0564
87
269
273
314
393
940
960
109
196
470
678
8
659
587
483
659
836
460
352
866
828
128
942
61
292
428
696
604
990
397
458
565
516
787
506
700
359
384
586
661
825
495
400
956
536
957
246
385
991
809
854
803
803
583
235
818
256
525
548
296
378
505
597
328
520
601
751
207
299
307
783
195
660
178
183
580
626
95
295
907
128
725
602
147
521
773
761
922
874
313
406
654
802
760
332
312
912
786
97
679
829
985
838
289
977
314
337
222
986
51
155
380
918
451
659
977
3
631
989
571
82
851
29
481
854
561
555
350
17
438
978
826
499
304
765
22
342
567
680
996
687
759
809
125
348
422
570
66
724
183
92
531
11
774
463
790
659
883
619
424
923
201
441
684
942
247
968
51
