0565
644
906
242
626
413
948
849
827
164
741
955
16
989
220
76
659
551
68
980
829
38
926
961
671
101
496
842
458
37
762
706
282
980
991
475
602
917
559
598
118
734
232
382
316
207
354
944
307
766
226
773
336
546
952
230
431
378
734
846
159
200
70
955
14
246
25
400
56
114
599
495
949
212
52
586
156
324
48
260
343
451
552
917
179
958
724
546
132
60
64
463
261
25
227
622
582
944
841
837
59
212
771
848
612
771
265
694
191
791
585
724
321
945
207
698
429
629
488
218
604
86
204
83
335
175
542
343
943
369
581
220
70
608
874
362
143
275
190
685
448
150
408
492
345
931
945
520
690
7
90
388
710
565
352
208
273
682
701
890
198
670
767
83
377
511
109
608
969
958
337
798
295
855
55
617
561
39
949
766
959
766
263
876
562
577
104
936
235
754
243
880
464
475
836
110
182
838
754
965
851
972
532
838
514
73
264
747
703
170
282
196
705
687
374
116
293
131
824
768
295
363
539
231
565
864
35
856
680
185
541
925
854
115
650
689
558
698
386
296
589
218
59
104
354
789
992
899
766
525
300
107
814
83
431
134
346
879
597
258
67
394
206
690
370
987
508
641
690
140
759
961
920
981
615
52
811
369
654
58
438
242
237
820
334
155
701
202
726
574
145
133
296
509
492
192
847
23
469
97
362
305
501
895
556
160
933
255
412
154
306
796
85
577
779
106
10
731
614
952
889
373
796
230
96
597
886
365
607
290
1000
244
541
220
502
169
118
389
748
854
64
82
526
769
4
117
892
552
14
969
358
476
435
619
477
781
136
633
366
907
657
320
888
785
835
980
610
369
958
277
261
681
637
333
545
718
937
294
521
680
541
838
35
643
285
10
591
103
19
43
812
581
438
996
304
640
182
787
983
809
699
79
146
107
219
638
73
554
926
20
153
858
947
277
17
432
609
371
367
673
819
484
275
104
47
996
69
851
793
322
986
414
981
285
47
987
371
795
362
818
602
775
586
750
573
935
437
720
842
