0566
458
375
910
922
659
452
311
809
761
777
169
399
301
173
469
714
460
734
29
754
482
631
648
998
45
423
248
266
551
957
500
248
80
230
392
686
593
944
568
687
314
705
545
527
548
955
656
717
754
719
204
972
234
583
606
933
353
625
692
746
174
823
790
220
796
935
644
495
120
153
632
571
969
723
595
807
140
283
460
483
953
274
56
2
616
48
540
259
845
496
644
765
367
943
120
534
137
599
463
770
454
358
712
105
625
408
89
118
366
262
138
432
814
149
621
644
218
531
296
367
155
145
817
350
511
500
90
17
929
540
704
560
104
645
201
738
552
294
368
351
598
45
287
56
920
911
851
133
309
70
410
977
315
798
837
632
653
656
