0567
286
518
329
779
543
921
596
711
546
805
731
467
398
779
479
191
331
659
91
775
442
967
976
700
859
915
868
225
709
465
647
150
541
787
352
594
864
86
100
298
245
503
242
465
459
64
766
328
395
696
221
369
971
446
496
352
995
534
440
127
841
885
819
891
419
157
805
432
315
495
667
896
355
324
311
171
744
776
384
542
34
509
492
813
410
575
403
985
807
833
684
356
54
885
840
470
186
533
413
249
608
530
521
521
370
867
189
692
142
313
222
829
149
846
66
165
208
535
633
702
215
34
531
94
334
91
180
759
957
378
204
177
738
939
22
422
976
74
393
685
541
812
84
187
673
553
997
151
13
346
801
859
799
730
584
