0568
726
19
501
64
105
98
753
37
261
692
742
345
717
76
490
121
303
280
597
816
761
231
179
100
612
944
457
626
858
828
721
707
465
495
622
329
470
166
592
952
209
486
952
532
18
456
965
469
288
778
650
851
978
97
459
571
631
142
718
776
460
899
511
878
346
256
161
870
699
346
899
763
220
745
852
675
364
995
563
451
852
442
734
659
631
890
659
590
416
137
306
902
787
436
64
861
858
986
614
536
330
575
838
370
315
304
671
43
478
830
630
997
584
53
346
757
848
787
564
910
878
658
925
28
248
938
25
75
358
767
811
164
140
3
27
182
747
