0569
185
689
70
338
675
852
403
155
939
534
88
792
61
453
740
640
51
198
403
573
894
765
784
338
15
526
577
843
375
353
227
608
45
160
753
624
251
625
716
645
244
119
215
64
173
41
698
259
786
175
687
96
558
961
61
329
775
278
868
300
113
300
929
193
747
320
516
558
335
787
341
704
536
426
887
453
376
663
509
416
846
132
998
462
777
484
843
700
242
886
845
624
300
745
751
756
385
501
695
676
683
353
20
349
687
205
341
911
295
20
380
44
928
911
809
28
113
941
334
130
166
420
393
723
635
861
438
320
906
186
464
975
28
246
764
433
297
3
641
970
612
861
920
241
223
980
264
391
428
15
92
999
546
480
711
174
117
802
232
581
31
191
595
859
642
885
284
541
18
100
428
640
633
48
344
180
795
260
914
10
645
103
789
547
932
860
834
390
584
586
49
353
89
828
626
814
393
977
694
207
229
215
19
218
922
26
750
722
3
180
309
384
639
892
301
891
957
66
370
682
41
643
922
516
480
528
492
435
10
152
848
799
272
145
39
254
237
600
672
963
227
125
15
148
3
879
737
603
522
367
113
182
837
10
561
886
718
340
48
891
240
90
139
973
733
10
622
274
801
140
350
641
611
748
616
553
32
758
501
783
178
345
100
291
3
890
891
341
28
913
483
883
619
790
103
139
609
924
783
828
614
730
302
251
972
131
436
197
693
631
870
85
43
644
588
932
145
602
332
948
1
782
740
474
660
600
622
428
914
716
542
355
668
600
97
635
120
151
911
500
489
580
671
602
64
304
912
415
22
464
704
928
434
308
825
868
132
284
508
900
883
829
117
112
576
584
599
513
761
901
295
419
898
793
913
166
400
208
142
8
268
683
232
140
97
90
412
545
694
812
967
442
499
697
339
207
809
322
79
515
304
80
719
861
981
