0570
602
607
554
956
808
929
379
136
717
831
850
796
168
899
742
837
95
543
678
78
197
636
674
929
711
622
748
747
106
213
565
260
345
568
499
809
533
982
477
157
143
105
170
664
185
792
743
568
441
622
138
539
889
642
378
868
291
325
469
179
253
906
512
915
973
498
606
162
658
393
659
29
244
576
137
88
494
293
398
406
14
403
574
780
257
143
106
407
400
495
365
844
676
53
444
930
513
156
862
861
411
862
154
142
518
572
632
172
728
153
768
224
30
853
144
769
399
691
844
400
433
74
248
600
510
818
927
238
319
379
