0571
617
170
910
838
479
442
797
441
614
278
896
931
979
489
404
189
438
216
205
901
517
46
567
337
113
474
3
642
200
456
862
656
373
922
601
198
587
765
266
89
658
414
184
750
229
621
156
987
959
725
56
463
434
303
12
389
1
330
27
105
395
584
835
848
244
962
245
623
888
441
341
664
810
973
496
751
374
810
261
434
945
971
486
760
568
665
399
462
664
539
811
815
84
507
374
28
925
52
83
772
342
72
542
610
223
336
325
603
483
468
641
533
267
391
717
350
662
749
667
830
52
406
92
171
781
584
605
412
739
460
386
47
367
272
386
9
418
807
696
565
854
427
377
336
768
689
34
906
810
577
121
686
548
916
157
920
52
296
312
912
792
200
649
726
115
464
780
938
984
356
491
373
813
655
301
539
792
566
699
624
843
243
651
565
494
447
994
108
85
565
239
684
598
772
724
681
699
522
591
702
433
110
957
547
979
879
699
54
858
185
378
322
130
574
551
864
208
970
124
31
832
510
691
449
736
317
434
772
145
591
893
817
697
864
871
622
881
1
625
550
168
995
653
826
609
589
113
351
269
320
722
794
124
990
393
681
172
410
100
152
20
872
203
118
396
738
976
567
510
834
252
938
309
820
816
541
946
573
215
990
486
358
300
979
662
365
459
365
368
258
181
848
405
451
545
859
882
361
27
846
184
51
45
963
494
263
743
94
954
588
700
432
192
828
277
484
621
750
618
165
771
581
546
940
349
894
700
135
830
705
263
908
421
99
207
824
834
125
347
270
251
422
731
95
105
481
405
467
814
316
986
69
533
488
459
283
609
856
761
170
564
353
200
108
798
663
682
496
910
90
944
710
295
391
961
520
921
66
844
752
37
171
398
526
417
