0572
167
755
576
180
108
377
750
106
89
65
242
430
6
356
170
22
766
607
705
829
711
292
230
47
990
212
619
609
760
303
595
486
907
344
531
95
43
22
421
979
303
204
269
101
725
47
459
426
90
86
401
765
56
530
75
747
124
809
337
937
486
735
163
314
768
873
939
212
453
687
153
385
585
735
394
61
682
351
647
544
702
509
435
605
310
158
613
902
121
292
203
320
82
481
260
247
122
728
600
399
301
169
971
758
883
342
736
599
571
180
385
473
852
596
235
28
154
965
176
574
33
406
432
844
157
843
800
272
673
466
136
527
913
359
254
511
498
41
70
193
471
208
160
674
375
693
147
129
74
930
64
464
289
347
334
3
612
732
364
75
160
537
621
724
422
335
403
52
440
36
58
555
468
173
281
507
303
154
783
