0573
160
265
326
158
160
596
687
248
439
773
109
1000
351
511
475
245
819
816
238
531
84
388
214
10
374
74
693
680
90
994
189
196
782
385
223
752
392
940
564
580
737
485
108
914
592
35
614
214
248
731
825
962
561
376
684
597
686
227
363
229
299
626
589
683
134
440
949
217
477
289
710
246
197
48
303
623
661
74
138
806
93
316
56
762
70
377
84
840
916
670
117
533
369
988
428
632
710
123
687
248
697
280
138
758
616
835
130
492
245
513
129
949
161
234
433
591
622
632
401
289
579
516
943
988
603
178
482
828
636
268
225
785
956
426
134
162
613
124
813
701
644
128
795
568
150
676
644
642
524
701
934
389
548
174
277
751
948
682
42
83
492
544
843
17
115
722
933
341
200
884
134
85
278
757
304
93
615
345
410
41
549
330
383
205
402
546
331
678
623
108
734
491
375
163
132
13
415
190
450
937
635
11
474
683
600
663
266
175
351
839
530
532
269
352
238
278
786
928
977
25
249
629
350
772
93
825
474
540
748
671
367
118
458
342
477
869
899
389
187
348
81
329
689
380
999
235
514
484
215
664
811
715
250
429
487
153
265
252
296
268
496
503
564
954
849
188
462
67
501
314
626
360
205
330
270
559
123
832
747
591
965
831
672
531
692
287
903
124
30
638
278
693
438
831
722
745
581
54
508
472
714
734
485
470
802
702
580
727
432
527
632
651
276
461
653
184
370
895
309
984
731
355
470
826
655
348
670
636
787
736
844
44
415
924
833
85
882
853
23
798
896
360
156
510
345
49
960
538
659
623
97
898
39
321
680
975
732
60
971
154
897
63
136
811
363
392
461
307
645
423
996
635
733
209
924
935
165
84
220
24
459
830
5
672
907
161
770
74
757
486
558
745
285
225
643
639
324
684
449
599
906
236
15
167
214
927
697
971
130
733
815
535
628
515
287
103
732
848
464
275
405
717
819
577
22
502
120
319
455
685
252
356
574
256
747
10
76
495
576
940
533
302
388
607
317
408
794
525
743
369
24
762
51
745
753
972
637
516
755
29
409
120
504
134
261
871
437
293
419
750
270
193
639
410
564
642
420
16
388
