0574
17
840
925
885
495
768
886
520
525
355
871
139
236
562
265
6
973
658
310
589
611
240
96
732
562
743
366
910
65
702
736
701
465
845
369
265
850
350
228
118
676
296
769
608
301
59
184
279
272
279
349
133
454
721
363
114
919
259
912
853
816
890
189
504
246
685
93
258
725
262
333
487
786
999
34
37
714
781
966
970
533
273
267
611
409
816
161
990
841
278
13
983
134
476
31
164
872
128
67
845
862
374
957
641
53
651
633
539
609
505
481
763
796
691
992
650
732
998
404
900
263
594
587
136
839
124
748
937
81
715
544
679
268
855
601
749
718
322
765
306
402
711
360
17
385
338
484
952
376
389
142
61
646
906
217
60
134
304
275
959
103
609
379
128
767
215
946
635
494
117
937
160
523
425
199
31
778
175
772
532
540
384
109
297
266
804
590
642
690
891
421
44
801
385
91
412
133
101
245
451
200
581
793
567
557
453
207
714
452
717
101
775
734
178
118
486
590
239
232
846
908
394
577
104
318
234
581
282
377
465
860
134
325
951
122
49
782
383
934
121
406
479
397
384
992
11
248
615
870
483
745
952
856
785
733
863
863
51
468
87
112
310
289
24
765
65
181
328
715
971
221
265
963
321
313
535
854
399
459
791
150
875
423
51
192
178
945
554
993
860
636
721
769
603
652
736
734
849
160
561
243
346
79
437
937
314
925
216
876
103
952
928
616
773
987
636
113
42
371
639
344
1000
128
179
549
463
996
608
149
272
52
663
508
23
451
211
8
367
151
247
537
664
549
612
945
364
145
529
88
241
752
26
354
611
678
497
879
366
462
218
369
900
583
687
185
400
524
156
540
870
695
148
712
980
304
295
571
265
120
9
662
548
950
619
334
422
637
947
676
267
18
123
905
371
932
842
190
785
555
637
544
553
545
776
860
225
756
357
126
538
390
260
224
695
252
93
413
646
463
10
393
402
747
857
179
673
832
596
475
493
737
598
475
125
512
354
369
508
458
815
199
374
759
804
859
239
413
131
207
130
287
39
679
730
905
60
26
306
854
886
11
489
666
170
374
353
