0575
273
124
98
166
842
826
188
318
550
714
759
763
154
469
47
867
187
197
631
885
204
139
617
602
244
366
464
400
565
719
320
912
884
244
917
254
173
555
402
821
54
570
746
361
353
80
360
325
986
791
974
913
93
62
539
227
886
862
789
47
990
544
194
961
727
242
33
731
820
817
678
409
362
642
715
555
78
554
246
87
886
353
669
110
802
963
863
993
102
645
457
260
949
838
175
767
387
261
398
318
90
43
325
533
961
78
336
708
768
891
325
765
707
610
489
688
79
197
158
666
206
537
969
347
259
404
805
42
722
274
39
349
676
413
565
306
969
14
140
626
489
408
509
487
136
915
209
134
32
655
536
288
309
68
137
703
780
137
781
379
793
576
447
572
631
530
128
370
496
456
804
232
647
966
696
652
448
496
377
306
400
817
504
896
81
969
701
634
230
938
726
512
41
709
60
543
658
105
22
923
616
185
857
203
967
16
250
517
45
201
660
392
610
962
91
914
462
611
475
864
961
437
238
286
284
592
653
192
852
487
438
637
201
161
551
977
606
378
764
896
47
363
146
378
829
602
319
476
300
763
942
774
579
237
933
993
366
275
142
803
768
540
327
798
745
786
753
658
923
878
515
592
594
803
136
939
530
302
314
497
907
363
72
145
130
213
842
906
776
15
471
708
337
721
142
172
236
249
495
581
719
18
119
110
672
823
497
192
563
684
161
578
448
98
300
239
599
82
317
794
75
319
975
64
928
785
982
274
884
872
432
117
193
586
496
20
613
48
184
71
722
737
631
589
122
540
606
178
908
627
538
471
587
989
377
712
538
949
204
828
829
902
82
427
277
674
437
193
810
524
270
276
318
16
787
637
14
950
733
491
746
589
106
110
618
831
307
665
140
567
327
826
84
637
912
201
155
905
809
349
285
713
25
981
70
358
845
181
29
771
444
820
136
951
228
446
554
998
581
659
665
540
495
945
896
869
237
845
47
303
380
822
825
551
