0576
804
766
300
995
148
429
541
483
799
966
623
158
47
603
602
147
267
685
624
315
55
287
554
100
59
500
800
744
608
878
78
224
489
528
879
838
568
666
881
770
656
174
155
701
441
180
432
977
733
3
779
288
657
743
534
565
494
140
902
806
51
147
852
956
987
753
374
479
713
579
491
522
61
382
557
622
406
146
962
388
61
997
620
261
332
333
333
562
103
255
468
30
865
525
720
704
364
626
240
586
77
920
149
114
210
396
415
951
598
331
825
435
97
53
766
66
639
91
598
971
888
689
100
360
886
300
751
93
726
503
587
298
203
628
634
464
901
720
1
184
677
307
293
213
737
346
762
799
877
260
202
644
426
709
836
207
204
400
13
428
351
423
583
804
579
729
136
228
370
56
38
313
413
796
91
449
243
102
632
730
272
320
535
817
600
460
114
793
441
300
205
423
795
85
81
107
409
404
170
91
607
102
844
955
310
386
952
244
427
717
345
252
757
35
68
570
567
282
932
863
508
786
770
685
664
36
197
157
61
159
325
597
44
477
