0577
66
863
740
86
31
441
981
908
84
942
911
641
597
674
625
924
837
878
119
631
522
44
18
767
843
789
576
718
475
806
482
182
883
471
626
663
398
986
432
272
819
180
435
844
725
299
768
21
131
406
868
408
642
638
347
950
383
406
499
760
291
794
260
938
160
912
313
883
920
131
172
625
940
211
755
665
159
994
161
724
922
306
380
455
516
575
131
30
207
680
413
99
820
611
957
581
472
726
219
15
662
724
539
766
170
3
801
129
619
35
271
610
723
229
359
691
487
773
442
494
827
586
526
919
427
95
827
154
691
773
379
411
623
528
618
268
915
444
362
684
193
622
312
32
572
76
342
405
448
677
412
943
925
168
744
621
748
230
904
267
399
912
893
184
512
851
376
134
93
783
664
747
951
215
887
127
554
357
406
11
639
732
204
938
226
592
596
256
954
599
85
800
342
895
973
668
418
272
698
357
807
872
168
639
90
467
583
829
184
254
