0578
210
737
533
138
668
276
727
979
821
354
300
728
797
352
697
231
966
340
473
612
702
837
542
557
337
710
796
556
53
270
490
408
333
492
388
640
371
647
325
165
215
114
447
314
621
546
2
306
394
440
873
516
685
959
835
356
872
651
16
751
811
748
839
213
534
368
515
700
110
844
347
535
838
640
879
531
5
301
466
549
667
69
22
571
143
485
201
187
521
202
506
454
274
975
184
555
242
124
290
882
43
887
23
74
358
717
995
346
844
554
704
837
626
235
162
587
67
370
232
132
211
461
495
75
322
403
319
127
62
962
981
865
163
802
970
139
730
284
425
562
471
1
938
767
665
50
958
184
860
601
294
74
65
616
273
883
410
493
795
715
24
839
225
677
289
315
264
299
810
298
859
886
390
674
547
594
74
816
825
740
391
677
314
706
976
168
11
630
915
699
591
390
31
169
289
451
381
810
344
682
138
898
59
673
951
133
242
250
392
402
964
414
1
201
172
526
28
693
