0579
344
68
391
247
292
806
496
654
717
348
439
790
365
979
709
759
419
261
254
214
993
744
488
910
739
150
350
29
305
250
388
52
826
978
528
923
529
598
582
548
969
878
815
747
462
125
42
112
607
142
495
271
258
968
544
312
339
71
680
167
193
463
711
744
392
304
168
273
331
545
254
470
25
426
584
631
29
899
478
626
744
522
504
979
901
534
826
556
669
133
966
220
263
145
130
825
38
289
513
420
695
878
227
384
950
150
301
54
693
831
514
215
241
699
978
560
822
494
820
989
331
850
389
761
856
239
177
669
4
693
755
510
105
972
187
329
60
351
793
181
495
972
223
685
538
733
903
423
889
826
456
863
197
887
765
856
690
400
517
569
938
345
532
859
692
752
448
71
727
397
663
716
598
101
73
215
194
535
380
877
141
834
829
94
479
434
88
347
585
594
384
394
883
458
920
258
975
791
861
682
49
314
179
476
645
617
529
820
443
356
599
949
175
424
662
499
358
426
234
967
887
477
137
666
527
986
538
746
844
556
641
453
743
994
35
112
242
828
673
343
882
456
766
948
89
910
578
942
794
472
893
531
940
377
870
519
772
809
368
43
880
784
276
375
616
464
940
66
454
222
536
687
580
218
748
792
379
546
870
12
466
523
273
286
595
623
503
550
44
412
35
811
703
386
946
504
991
510
936
397
159
442
733
818
310
744
435
832
485
426
786
118
778
981
521
190
996
230
625
540
54
478
433
478
395
51
179
973
20
221
393
759
917
189
667
636
290
90
715
606
112
60
730
895
556
326
320
526
317
623
857
960
384
805
540
312
255
222
750
336
50
513
448
433
780
418
304
949
829
662
676
856
527
457
815
994
183
444
890
965
957
619
517
738
757
744
974
641
824
950
475
443
501
65
493
647
493
169
965
700
165
24
194
497
533
750
134
59
400
439
402
808
252
301
149
970
639
657
398
900
522
458
633
930
61
486
670
225
614
963
723
368
755
36
269
521
300
843
373
204
