0580
48
151
727
433
709
233
335
151
905
315
56
150
126
825
992
806
397
355
645
847
316
601
107
510
154
84
78
546
361
566
599
866
580
344
785
42
987
243
544
878
885
801
665
910
499
595
188
59
34
555
140
134
491
228
411
331
263
824
442
487
59
410
494
614
697
573
97
356
880
808
610
481
267
546
949
362
359
982
656
752
438
523
274
708
250
682
788
66
22
626
506
419
521
117
611
81
924
834
377
147
951
351
534
283
48
810
733
987
223
435
357
19
690
785
164
105
318
157
227
529
986
247
291
277
201
13
318
573
142
226
750
232
644
326
640
549
779
97
128
389
911
446
629
13
422
287
674
637
104
929
904
376
390
121
463
475
246
137
442
368
987
356
863
66
899
624
73
879
808
974
18
975
254
94
858
437
490
195
962
514
944
360
429
207
547
23
753
709
959
407
325
971
254
227
493
431
493
425
921
526
661
843
302
510
197
335
628
607
119
486
872
925
698
361
705
754
688
507
849
751
742
507
24
399
426
76
673
435
858
424
23
88
267
533
878
677
234
47
20
40
579
11
770
230
206
361
850
574
892
643
291
646
290
904
727
800
949
976
567
683
338
555
771
583
571
832
939
325
572
306
198
533
867
304
384
612
215
477
928
78
724
288
276
24
861
827
206
67
469
674
642
397
921
471
561
509
80
897
349
369
793
7
364
862
686
176
925
988
377
45
808
325
636
642
302
424
45
547
443
630
474
764
97
977
717
470
165
147
266
584
701
855
855
92
397
922
552
150
78
103
866
71
644
242
966
699
929
559
941
347
615
1000
77
696
213
28
392
254
994
404
375
980
656
889
137
184
703
673
507
249
380
756
198
165
618
453
291
759
462
364
276
390
652
156
505
424
245
503
81
638
852
331
285
639
242
990
313
854
585
967
269
674
428
483
107
225
739
277
719
778
773
227
434
520
369
605
102
711
309
866
39
309
538
667
313
727
238
800
774
41
381
46
804
790
934
457
889
573
272
529
564
115
573
439
515
734
357
997
800
87
637
831
198
701
797
728
612
883
696
757
913
508
798
128
889
764
106
163
265
206
647
229
210
888
470
903
637
256
568
832
988
