0581
196
840
776
126
334
163
660
6
484
983
851
264
542
987
193
551
528
929
975
67
504
57
796
579
45
554
97
588
452
497
619
177
455
538
439
79
308
157
807
11
553
443
275
427
422
426
166
863
491
481
706
160
360
600
192
333
779
654
3
349
506
145
650
100
575
118
57
555
26
462
536
652
567
9
212
633
980
295
731
74
90
112
207
710
771
32
878
7
976
151
819
53
970
487
149
505
176
688
136
764
466
552
787
61
208
461
342
651
183
613
592
930
42
219
476
949
924
873
819
831
562
970
589
144
113
757
818
305
116
942
183
11
811
753
513
269
744
804
715
725
409
947
316
973
528
619
724
287
113
630
852
261
718
573
732
750
273
245
482
692
601
365
167
682
194
646
227
445
315
336
816
991
119
361
277
173
575
885
388
260
653
304
20
523
784
533
758
200
207
363
300
198
912
201
272
948
838
568
787
215
647
453
461
605
250
829
778
549
343
985
933
491
477
448
