0582
543
723
543
647
292
505
615
520
872
421
945
2
169
979
416
576
159
422
554
165
258
679
580
783
269
343
8
684
822
729
920
141
376
13
506
802
137
83
560
440
137
829
44
727
664
473
950
226
690
285
319
517
955
8
264
938
95
993
733
9
648
597
129
665
534
234
985
853
471
490
430
628
707
929
2
345
520
514
575
413
938
568
336
660
607
505
865
598
766
5
937
38
965
690
460
176
321
712
858
94
381
306
570
800
948
506
105
980
339
35
717
225
482
984
143
749
267
511
971
961
973
178
32
566
739
255
509
347
11
47
989
563
981
630
526
417
301
474
533
717
548
295
266
652
91
897
294
237
6
936
21
215
783
525
538
649
854
31
308
938
911
34
855
200
807
305
51
68
