0583
47
743
578
703
171
75
776
9
417
887
123
379
964
667
886
722
840
433
835
911
13
554
8
469
538
552
222
912
460
866
504
924
668
466
656
202
712
500
551
505
644
855
793
78
532
217
143
567
80
424
369
820
649
905
686
6
658
447
207
299
237
450
847
477
691
185
528
416
89
971
440
546
404
149
480
898
592
289
631
516
743
624
725
141
903
271
609
945
217
895
423
833
518
786
249
419
476
314
945
913
379
586
821
68
671
692
658
223
374
300
103
794
992
556
729
12
327
73
812
495
774
929
707
853
489
265
998
818
322
350
982
713
515
899
247
554
697
984
435
535
420
858
949
377
425
598
521
317
191
261
934
631
911
497
469
104
62
800
306
595
664
444
421
972
505
733
544
189
963
281
995
101
204
802
231
967
548
759
120
974
57
846
225
60
33
785
378
125
999
731
203
837
932
976
679
662
452
694
401
415
810
482
152
561
273
467
598
394
127
622
606
936
339
353
714
75
294
358
318
640
119
19
95
211
867
980
331
720
346
355
790
356
986
77
488
628
321
198
110
240
600
238
70
589
102
695
111
519
939
38
19
929
501
775
828
1
627
639
167
389
321
650
480
580
192
204
822
29
669
921
261
557
918
862
895
916
186
665
157
9
998
670
621
703
125
620
200
424
423
758
399
59
664
280
159
970
411
454
969
935
942
217
959
716
346
685
191
633
18
481
804
499
776
160
165
929
347
625
590
869
5
326
50
832
503
659
49
463
995
102
143
937
105
789
216
317
891
174
988
586
683
785
745
150
301
699
915
300
710
1
670
211
593
936
626
59
242
65
248
101
471
226
264
856
61
1000
831
302
996
894
697
578
689
48
250
390
427
515
694
359
