0584
856
922
575
804
515
419
373
2
208
575
509
822
899
201
19
627
418
66
284
34
990
305
345
874
74
879
319
969
961
989
136
912
550
306
210
402
434
258
940
102
469
178
896
604
786
834
370
153
251
430
61
805
84
888
963
368
699
57
872
644
803
186
983
846
492
157
398
475
490
684
81
632
519
112
972
44
428
379
111
65
97
550
297
330
416
429
152
711
571
139
75
291
233
551
612
112
936
302
924
506
792
591
146
259
402
525
812
913
741
22
369
902
240
113
366
55
406
13
318
285
52
530
858
663
260
463
30
78
269
113
450
748
370
463
80
34
430
568
380
751
64
411
864
819
634
625
272
752
709
816
281
665
631
75
441
970
213
33
407
613
436
838
69
6
353
675
255
480
38
778
100
626
784
864
141
325
298
914
553
658
356
995
115
34
487
842
11
761
94
826
793
269
58
487
903
32
224
602
132
528
949
552
971
772
