0585
340
221
914
98
582
160
206
208
866
968
59
841
597
175
997
911
168
858
169
10
920
399
522
352
998
62
376
843
724
230
51
595
46
50
713
311
863
497
797
469
106
475
915
502
652
112
585
505
602
521
370
738
17
672
249
110
848
991
676
678
56
733
738
843
163
946
506
283
236
297
476
825
574
702
885
945
722
99
130
526
167
480
472
885
295
742
771
282
627
203
683
405
17
41
470
212
556
946
906
87
1000
277
543
696
846
206
53
796
136
187
536
176
273
196
846
385
215
640
438
288
519
523
454
649
471
656
137
180
784
279
383
310
736
449
263
57
366
135
347
81
808
670
671
67
447
288
806
235
