0586
727
786
191
455
17
850
335
227
74
457
941
673
940
474
718
444
966
120
385
681
433
922
46
337
36
513
616
412
376
688
516
99
798
719
474
488
190
38
169
796
712
352
531
93
802
515
910
424
832
35
905
681
612
948
214
341
599
475
824
992
726
285
684
361
984
685
282
841
768
406
476
152
615
859
814
546
838
347
112
91
996
354
979
217
833
638
85
34
369
739
896
2
341
321
193
891
335
328
817
786
914
680
293
157
729
765
978
5
914
907
744
89
244
932
482
740
251
667
733
362
566
377
637
906
131
148
119
669
688
775
374
296
40
555
887
741
443
939
811
497
137
285
300
695
795
147
330
382
245
658
333
665
182
17
667
156
307
171
96
977
955
739
28
218
83
790
161
194
146
125
136
961
190
260
933
955
793
839
732
165
417
86
593
58
844
37
321
928
468
799
323
52
974
328
677
835
733
620
