0587
397
423
661
441
460
551
164
163
471
392
78
531
303
628
648
661
715
286
483
982
198
591
198
449
211
377
554
646
839
379
62
560
281
819
933
159
914
437
864
913
53
737
998
202
511
478
740
553
904
577
531
193
328
210
401
103
719
397
679
723
558
578
918
104
304
357
788
996
615
490
134
294
696
280
188
983
566
67
439
567
410
128
845
648
247
540
693
134
573
63
571
372
77
767
955
426
842
886
172
534
670
972
786
633
219
161
962
924
986
400
845
427
358
57
350
35
231
463
27
517
357
703
706
699
633
967
971
746
177
727
598
844
58
213
142
323
492
276
550
547
992
312
660
618
437
210
483
966
711
37
125
86
48
35
537
800
281
542
846
116
415
825
722
452
573
867
41
644
820
128
158
927
144
979
915
70
543
711
318
887
163
539
442
550
586
869
569
552
741
375
319
858
280
880
28
949
466
210
928
15
34
474
910
141
710
155
992
444
549
303
328
137
32
480
14
338
197
104
37
12
320
464
677
370
240
486
440
174
662
507
616
963
864
122
307
904
498
674
44
490
242
29
309
448
718
320
673
497
72
480
771
615
409
383
976
320
37
420
986
347
673
239
185
355
741
965
822
756
844
781
715
662
45
481
756
624
304
339
347
121
13
103
615
913
766
390
185
456
74
439
74
792
527
989
692
336
532
357
597
84
300
154
363
346
468
490
67
979
9
506
972
17
640
807
107
497
847
975
897
716
90
843
119
389
447
130
849
719
428
983
990
765
47
344
956
455
75
120
825
612
302
807
179
640
278
660
196
252
284
353
953
534
830
354
979
791
976
319
487
287
299
276
800
442
334
909
987
882
680
646
171
464
903
550
47
692
985
