0588
193
466
356
429
774
983
188
303
577
35
784
94
749
585
57
701
710
620
960
245
437
683
841
271
532
537
502
222
689
810
274
397
791
488
498
818
313
478
182
235
352
255
642
615
151
150
911
788
741
538
301
541
856
509
350
601
100
791
843
347
481
386
636
472
230
432
357
771
71
669
684
937
24
601
614
967
898
943
713
353
780
600
143
166
228
614
916
975
956
423
366
213
626
692
618
404
813
70
932
617
743
480
422
76
708
393
445
452
549
462
506
970
346
387
606
86
715
550
996
567
519
340
568
227
890
381
573
895
365
466
753
896
247
615
501
516
225
480
308
271
457
506
471
741
985
203
780
831
811
551
712
249
870
59
704
328
117
319
902
611
103
921
809
458
681
450
367
613
147
861
22
151
509
319
664
724
450
990
517
560
176
980
985
962
488
478
657
426
538
165
782
497
904
274
995
249
454
222
173
888
154
148
610
120
190
301
699
990
186
905
843
976
717
794
684
664
166
299
900
104
772
260
56
742
618
771
703
700
966
71
820
637
547
135
716
282
750
735
898
841
410
565
723
447
108
829
775
502
238
24
508
896
529
741
754
359
649
939
924
959
339
129
424
925
754
579
751
36
984
995
163
253
554
215
398
402
856
366
269
175
723
678
656
562
33
133
35
532
181
56
534
410
217
700
475
627
613
325
211
618
813
498
309
369
412
