0589
3
796
741
473
445
869
974
853
350
671
139
56
72
758
809
765
120
306
638
915
75
437
610
11
987
755
687
360
538
480
586
506
257
345
179
100
658
258
59
969
860
859
378
197
319
324
402
461
750
219
607
314
313
382
618
662
965
397
944
298
322
703
505
257
816
741
189
471
124
70
54
705
516
565
17
136
698
354
890
633
936
351
389
472
658
340
939
734
495
853
743
898
213
244
321
933
52
857
823
391
451
329
791
436
144
642
79
894
508
445
90
487
345
505
806
783
278
525
613
144
301
471
721
168
191
662
712
54
705
159
946
440
669
216
265
457
755
350
561
191
125
994
365
5
448
87
743
123
34
890
376
479
856
177
655
670
866
161
712
739
733
902
562
770
433
163
523
420
313
193
81
31
327
966
489
673
394
364
466
889
627
83
195
494
447
928
119
470
342
