0590
532
462
502
761
492
48
671
932
66
980
738
603
303
939
987
627
144
732
335
511
371
486
453
340
293
369
801
2
638
630
292
353
702
401
102
358
65
9
868
618
968
738
528
81
6
672
104
265
9
409
846
223
588
672
222
563
282
166
917
768
399
496
658
38
460
92
952
935
507
579
801
45
477
155
329
447
293
247
537
603
576
587
671
32
90
580
950
36
805
165
269
358
609
565
424
434
216
480
715
496
300
476
150
900
109
819
763
726
520
401
904
2
129
125
891
851
721
981
88
749
429
427
142
150
676
136
303
560
336
361
647
411
437
86
464
8
801
695
80
817
711
320
681
662
927
1000
354
819
246
934
318
958
33
400
602
641
648
292
846
350
593
289
474
998
351
329
458
248
204
6
847
661
966
922
715
704
757
608
707
282
552
565
195
213
978
308
415
818
421
497
225
175
193
649
90
355
424
881
887
465
350
189
765
834
710
253
651
409
789
76
895
254
842
350
971
278
194
148
710
617
700
640
846
592
806
815
875
453
230
333
887
312
875
923
876
698
676
438
179
526
833
517
526
442
512
669
663
183
24
392
267
484
594
327
423
67
900
862
658
530
388
904
959
724
179
102
149
553
867
112
370
766
787
548
845
251
69
852
122
122
59
372
153
925
203
547
924
587
907
662
583
251
271
453
683
753
364
726
432
508
1000
259
641
528
919
464
637
810
981
175
421
711
831
998
74
242
140
520
155
963
78
676
47
710
269
704
690
360
689
445
392
882
523
537
164
758
581
568
632
149
883
530
340
78
86
727
164
675
995
237
553
520
675
775
477
188
620
969
516
547
89
832
946
192
333
67
411
613
81
450
809
229
686
255
622
208
786
303
22
683
328
790
234
499
557
377
556
452
253
119
694
624
392
5
937
899
168
892
411
549
396
74
222
52
884
706
23
218
282
9
64
707
271
349
600
339
665
945
400
496
326
936
774
316
519
151
657
768
474
318
790
821
124
201
836
121
259
62
