0591
325
829
112
879
884
526
346
515
335
650
833
273
368
120
568
354
71
700
808
181
126
528
644
685
933
871
293
960
820
640
225
889
521
552
24
247
695
559
259
152
686
853
370
372
206
142
380
459
22
980
147
864
812
130
999
124
491
710
491
375
773
203
62
264
806
483
891
317
990
568
9
847
559
452
991
987
958
197
846
631
886
628
166
105
799
879
720
728
516
203
849
423
735
920
510
598
56
41
509
524
807
601
6
941
258
282
355
521
815
328
503
743
729
620
196
808
394
454
81
651
228
254
976
459
209
852
521
292
488
525
695
483
85
802
954
954
461
775
323
796
718
195
366
539
410
854
962
782
513
974
548
27
396
749
627
231
242
306
822
625
517
584
545
907
950
258
173
677
507
108
612
81
219
117
33
931
503
521
146
487
977
192
884
399
882
285
569
761
607
825
543
803
805
607
196
920
101
401
349
333
913
133
773
195
232
108
17
178
303
331
230
666
293
608
138
87
474
979
222
678
410
525
405
580
671
490
329
202
960
776
326
845
291
138
239
753
569
299
741
987
44
151
992
105
999
216
116
106
65
87
808
392
552
213
412
307
226
404
471
319
104
76
152
76
857
151
466
899
160
43
22
835
594
639
286
971
209
299
563
642
190
509
54
501
115
299
211
277
841
895
719
111
631
730
570
67
581
688
649
660
644
657
257
849
915
380
760
598
759
750
620
758
154
8
27
811
804
209
675
291
25
270
503
527
114
538
217
443
747
9
939
571
23
391
602
771
428
914
485
702
754
679
688
397
433
211
673
41
767
391
764
836
237
830
964
902
207
303
926
101
816
706
749
216
47
99
360
939
398
582
64
277
803
263
829
180
649
476
383
81
119
169
352
346
853
612
561
323
251
120
234
189
278
49
441
510
552
330
411
224
308
15
506
200
699
847
826
450
391
811
572
32
686
164
