0592
519
445
540
840
754
549
897
777
26
710
131
874
305
723
438
12
802
398
82
223
356
197
936
394
251
997
745
776
125
701
5
667
627
41
985
40
397
363
817
985
28
916
426
597
780
637
427
487
24
286
897
589
706
298
55
452
974
447
959
677
762
523
644
390
757
241
625
270
898
573
699
741
417
212
766
817
77
626
981
489
504
622
370
473
487
969
582
108
728
186
655
46
117
105
672
184
472
708
220
896
179
64
137
351
607
226
27
250
671
661
675
785
760
331
598
59
773
150
457
903
225
643
665
788
943
348
319
255
264
497
908
324
828
528
973
612
529
923
757
118
629
721
738
546
196
71
391
142
294
899
252
651
924
780
902
833
586
817
111
179
699
145
279
3
493
370
562
716
333
502
45
133
253
656
93
496
358
175
641
584
455
614
859
570
409
170
374
929
847
265
763
843
763
667
94
340
471
673
437
708
233
381
765
685
961
891
745
979
934
209
844
106
238
868
55
817
757
390
739
860
129
705
869
821
597
959
483
485
87
711
35
313
680
897
261
103
615
723
207
321
887
469
674
123
975
326
392
430
937
153
178
791
102
49
897
96
748
650
833
696
472
403
866
667
782
593
507
581
316
356
656
450
351
132
111
749
185
150
322
678
888
67
183
334
35
456
452
451
597
979
700
184
543
742
867
547
948
15
729
539
299
625
177
799
743
765
494
931
208
678
39
63
429
68
407
194
598
204
559
106
850
791
532
752
927
119
837
55
807
392
54
249
776
382
851
146
719
167
142
528
20
243
652
142
86
758
650
835
49
592
765
550
475
506
177
590
462
679
160
43
306
91
306
353
545
732
226
825
406
887
315
331
196
511
111
672
619
292
22
980
348
638
759
41
73
769
169
587
913
614
554
982
922
939
589
937
594
628
812
4
637
647
552
329
277
361
873
554
399
578
325
404
39
137
222
129
561
852
247
597
38
779
808
494
130
756
385
541
649
448
601
623
816
530
632
771
423
192
340
767
931
49
483
551
13
941
813
419
986
742
189
586
903
395
631
799
561
771
517
1
828
763
395
653
456
305
624
341
370
883
537
808
104
960
220
227
418
501
222
1
753
8
524
971
780
