0593
766
250
239
649
307
699
809
202
103
106
984
259
682
144
159
120
929
156
811
601
300
797
632
487
527
671
435
359
76
778
446
915
685
137
407
384
273
564
213
588
556
937
203
386
915
703
130
160
774
148
208
263
470
726
202
587
781
957
327
14
734
262
981
667
276
23
215
610
222
1
179
3
984
63
719
37
420
506
405
396
340
891
728
410
245
270
618
335
488
549
198
893
574
542
466
859
289
726
603
270
642
198
404
293
231
775
376
394
964
765
224
116
481
421
92
513
869
332
634
779
238
333
533
540
410
819
592
990
369
666
905
60
132
209
246
475
598
598
293
778
643
109
522
91
444
520
595
237
500
8
947
742
522
409
438
175
911
42
389
534
832
223
781
804
199
881
159
407
402
648
934
822
447
130
501
580
149
590
384
527
781
633
413
39
771
545
639
746
327
539
677
182
250
503
301
647
638
707
33
484
95
350
84
662
500
298
