0594
842
882
277
122
832
566
438
833
743
209
607
778
520
565
73
596
63
274
626
586
678
111
305
116
517
126
965
950
579
202
700
7
146
384
537
91
221
220
874
428
475
968
881
332
856
497
987
65
513
194
861
545
591
28
932
997
403
856
146
712
736
619
445
322
611
301
917
314
410
610
386
583
238
32
127
454
246
612
392
718
298
250
271
813
928
940
248
525
992
269
60
685
990
303
32
77
814
144
406
384
406
126
357
334
252
488
690
38
650
346
553
623
214
955
578
935
66
97
685
263
501
373
622
986
370
392
796
632
270
799
916
801
901
939
898
600
651
845
470
931
464
16
737
661
691
993
5
145
190
804
901
387
90
463
5
219
223
781
110
431
472
87
329
499
304
807
849
392
958
107
553
934
358
622
197
533
353
170
234
666
289
586
796
113
541
469
411
761
388
555
452
418
320
683
249
676
824
227
381
479
719
670
32
574
579
52
416
449
495
221
793
250
675
803
820
338
218
644
536
334
234
334
787
162
399
13
340
653
34
414
172
12
55
690
355
955
588
964
877
764
59
504
62
37
944
646
784
780
718
127
171
839
595
558
102
77
276
893
235
414
171
644
672
920
879
332
531
249
557
299
397
675
244
79
730
497
656
341
684
351
341
34
947
555
224
296
208
726
302
965
919
999
515
391
122
966
690
632
725
725
220
649
957
270
976
84
347
788
349
581
912
979
683
106
83
700
719
512
837
983
665
37
44
689
646
52
180
217
327
273
738
583
874
577
525
882
542
668
786
32
684
