0595
352
265
691
525
524
610
495
478
718
466
880
835
80
446
229
7
521
760
258
785
933
743
457
352
413
835
644
1
915
858
471
518
644
44
855
947
257
539
226
315
399
701
295
239
218
591
512
331
963
147
352
534
357
482
93
709
429
325
921
263
671
499
193
476
507
431
996
159
701
374
435
552
36
760
928
356
737
316
604
980
511
81
460
350
342
404
780
192
57
480
157
445
327
174
962
20
711
83
966
157
531
732
368
726
75
744
238
849
904
245
858
137
301
897
55
141
519
69
387
103
924
222
978
792
266
430
423
279
337
865
848
777
321
342
960
564
597
256
280
608
970
954
361
376
69
82
154
322
790
492
581
199
184
798
922
757
296
863
981
170
672
79
815
492
76
438
593
32
775
893
172
233
875
796
450
929
439
838
967
157
706
417
427
216
794
511
722
414
797
664
552
987
258
140
949
641
654
361
644
416
978
680
68
46
497
981
920
971
327
302
1000
159
419
223
539
384
60
898
964
268
736
33
431
742
574
816
966
276
102
666
302
83
207
839
260
61
833
537
30
293
884
48
510
923
92
511
332
173
366
719
187
872
106
921
639
725
810
949
381
465
348
530
846
890
443
819
750
803
384
297
680
988
217
250
189
336
951
1
648
706
376
41
1
570
216
805
863
729
515
921
751
692
40
436
598
278
758
61
396
9
775
525
456
204
957
325
967
509
224
872
845
808
554
128
995
211
51
180
219
224
815
485
790
179
939
718
347
960
464
184
226
42
498
419
962
7
441
558
10
627
947
422
990
653
175
474
191
231
535
91
939
820
98
613
295
939
522
480
249
803
486
739
188
179
467
51
145
83
216
151
95
84
602
78
210
277
871
180
513
48
394
301
265
