0596
210
136
991
929
913
127
10
766
466
513
739
458
823
543
641
615
423
123
427
161
391
838
791
499
407
48
321
675
66
641
693
818
293
136
339
258
519
283
957
147
343
945
647
33
222
59
908
866
739
148
817
894
51
868
76
220
349
30
118
913
803
880
834
727
598
927
260
350
402
472
779
281
647
357
986
225
996
413
733
947
694
979
19
28
885
225
121
261
653
4
299
419
798
180
801
984
102
420
693
545
888
8
140
54
168
407
782
895
520
414
656
707
464
55
556
658
326
260
246
604
467
329
827
626
844
833
275
861
729
838
184
469
649
485
330
688
647
104
903
290
485
510
823
144
191
563
330
241
802
438
303
887
370
240
199
656
364
658
556
555
289
379
830
588
527
943
624
326
291
64
48
642
203
150
46
932
854
300
890
347
277
304
445
648
553
246
310
552
777
349
556
338
886
951
541
142
352
674
92
762
145
218
32
464
322
605
865
499
630
852
471
923
76
966
520
430
996
103
447
282
854
508
353
145
593
121
656
324
148
452
492
521
813
240
745
864
780
814
892
322
967
557
227
171
532
696
237
728
324
446
707
197
885
