0597
425
546
277
25
744
490
457
501
160
410
296
762
256
460
719
209
18
36
358
612
629
454
525
650
387
840
833
533
234
945
194
314
729
436
163
665
738
768
806
321
868
935
576
195
998
886
267
261
187
979
754
308
164
63
640
123
597
283
952
901
842
710
704
302
606
647
457
392
463
490
16
917
212
520
425
849
832
895
627
231
270
919
163
120
602
154
936
750
56
616
783
866
216
584
386
200
280
96
314
736
613
517
248
947
520
935
521
1
466
228
997
194
811
119
406
285
8
602
466
739
940
971
835
932
883
197
197
717
465
1000
535
646
267
171
1
990
694
498
983
492
286
935
582
462
806
792
399
71
715
350
127
946
264
765
188
666
333
159
606
315
112
689
678
113
243
954
447
374
642
289
574
118
330
218
754
432
221
706
185
326
985
871
734
596
138
778
285
410
133
304
412
823
868
247
517
967
123
869
983
491
43
226
592
856
666
670
217
255
284
265
842
916
832
875
823
798
297
74
922
881
406
715
318
14
722
591
127
483
707
119
54
436
116
185
384
810
478
245
150
859
2
10
347
649
287
841
787
703
532
946
304
612
849
791
218
739
817
312
498
106
680
430
802
624
393
351
659
225
754
790
131
966
13
268
296
444
850
449
499
491
27
732
785
917
511
340
672
264
826
87
682
196
775
259
424
268
532
302
371
80
391
356
720
339
566
287
291
53
253
187
562
247
266
749
545
84
359
677
152
896
743
417
505
960
297
721
124
629
288
958
649
798
38
196
947
282
395
44
340
360
667
440
127
708
939
35
350
831
224
968
517
895
781
555
644
716
76
60
493
807
799
139
469
705
92
662
808
966
4
630
42
769
664
936
26
942
440
