0598
888
736
711
955
462
496
489
803
456
953
940
189
328
499
782
239
256
63
707
57
559
312
885
346
255
325
850
622
498
760
478
616
677
348
852
637
75
622
606
669
897
447
426
709
560
349
84
417
892
340
551
633
125
88
917
471
891
503
956
772
575
789
116
448
957
283
501
675
50
723
344
299
299
825
954
843
92
524
315
548
856
76
660
660
944
290
365
18
320
24
514
290
693
853
194
131
828
835
327
165
279
835
892
819
659
770
703
547
413
198
859
254
131
508
283
642
258
974
402
120
206
794
249
372
299
455
718
65
147
541
488
954
311
746
696
513
19
365
427
270
939
494
265
398
931
8
273
948
844
501
556
990
754
546
232
977
965
505
210
560
510
861
350
217
798
282
549
995
754
160
30
862
672
419
564
202
996
561
442
51
409
511
494
171
495
506
481
518
644
807
555
126
264
926
990
64
857
487
302
565
249
401
921
902
721
696
799
777
882
338
417
210
129
785
863
181
675
228
532
592
753
687
85
553
45
138
703
755
812
215
210
905
99
648
77
98
540
92
983
512
200
404
574
290
377
619
68
651
611
411
248
515
773
222
434
732
895
732
983
951
462
502
118
577
508
163
24
10
224
750
582
197
145
47
461
321
271
534
502
839
120
377
680
537
507
85
58
489
330
469
278
592
891
