0599
708
962
626
238
92
848
362
632
698
458
455
435
939
246
659
308
250
467
308
801
181
61
181
866
849
805
928
748
448
313
954
674
796
245
251
941
771
746
826
638
683
443
46
958
291
549
783
121
50
5
946
818
615
412
608
49
8
270
247
907
653
602
281
325
979
540
715
854
213
433
161
693
859
521
300
728
745
410
857
655
941
690
691
672
133
790
238
470
67
981
671
592
519
456
3
558
643
67
75
280
264
609
926
52
410
324
702
598
80
826
357
341
537
903
292
493
375
362
374
931
2
642
240
584
764
105
539
266
279
741
302
723
411
804
515
747
736
405
614
456
519
862
123
524
624
249
37
497
824
914
192
787
779
541
863
60
112
245
803
308
434
701
866
836
688
860
756
179
62
286
445
811
41
414
996
109
507
231
345
662
482
636
173
128
797
642
989
881
352
492
248
160
509
795
493
671
441
789
334
182
919
947
659
651
408
890
901
766
323
40
630
471
250
384
55
590
841
306
747
394
76
463
209
259
72
764
583
733
848
547
45
803
87
717
454
169
218
282
963
209
402
707
638
830
844
93
425
363
591
617
241
284
201
680
708
829
694
546
902
967
953
219
923
492
77
917
949
628
280
174
801
81
949
391
301
23
207
938
800
134
37
679
393
729
600
946
609
794
277
397
355
311
983
219
667
422
166
462
701
856
789
915
890
297
655
171
308
911
91
154
922
208
87
32
993
195
747
945
335
434
799
588
578
109
418
69
212
19
313
325
36
603
969
951
893
176
497
314
944
970
404
35
599
333
762
792
256
358
941
127
691
369
61
469
757
1000
452
290
756
468
602
151
189
703
127
524
421
984
120
425
519
576
974
328
577
410
360
56
310
710
116
17
212
728
816
736
889
80
495
664
786
191
460
732
882
719
18
87
33
396
584
920
759
881
534
865
688
892
539
438
772
890
297
910
194
99
864
38
535
612
385
453
724
421
984
772
989
923
457
196
436
201
619
603
563
450
616
109
573
550
404
408
931
45
205
458
973
781
430
280
409
535
887
640
279
664
820
550
321
308
150
277
106
713
340
54
264
808
242
244
915
17
977
53
229
953
