0600
552
948
402
917
756
900
622
323
613
708
444
843
898
662
792
717
320
562
34
350
633
848
910
396
385
160
356
368
364
210
608
199
565
251
74
406
268
294
724
960
273
404
216
160
535
841
311
30
758
98
225
250
208
518
572
322
63
117
219
126
30
271
941
454
698
943
989
30
901
931
893
598
384
734
306
456
616
714
487
586
972
922
233
220
480
476
426
235
671
117
392
236
892
620
230
516
519
111
105
149
947
697
935
350
328
815
300
789
319
324
144
743
424
919
119
381
199
789
166
751
862
369
82
940
461
428
324
99
879
462
217
637
789
248
961
72
548
313
771
824
51
402
453
588
982
206
603
501
503
852
867
367
327
475
993
205
435
193
211
407
824
861
992
332
377
390
347
958
829
371
297
564
544
50
329
742
383
514
972
746
103
996
694
20
814
578
925
436
25
492
968
207
707
787
919
533
263
517
801
673
565
196
923
333
992
1
613
892
686
744
125
470
442
656
99
769
834
738
894
931
644
484
273
333
588
688
418
398
497
351
283
327
756
118
461
667
770
169
324
307
794
210
395
983
535
522
594
340
832
354
937
520
37
634
617
638
634
147
495
238
392
416
130
490
203
