0601
352
420
693
518
972
238
952
738
869
648
97
798
876
622
822
803
558
242
928
967
266
480
581
518
866
810
561
730
203
348
394
896
273
584
867
327
873
914
701
275
176
571
426
319
753
676
754
512
157
61
561
144
111
438
365
856
693
748
326
963
202
329
676
471
706
734
664
942
584
110
647
424
552
311
241
695
168
557
248
979
728
844
938
584
228
351
99
15
310
145
557
407
125
945
502
741
296
626
548
459
930
186
457
55
565
277
550
25
422
512
75
416
139
985
290
50
997
65
368
308
46
40
367
586
119
110
946
273
105
112
908
125
367
892
346
340
755
726
295
493
447
179
702
475
64
692
255
702
681
839
335
291
602
646
461
891
687
868
314
785
516
504
778
494
559
264
520
279
965
779
541
470
843
341
567
422
988
978
734
971
955
789
415
623
200
405
972
241
953
333
461
198
43
344
463
792
623
385
282
454
820
812
211
726
250
764
226
197
707
784
321
298
120
312
970
454
123
341
391
806
25
334
936
754
96
367
523
729
108
14
794
976
362
715
304
212
698
37
867
720
425
808
794
