0602
412
591
863
598
869
252
692
609
805
529
423
356
92
926
281
964
29
838
238
808
173
404
550
37
263
711
139
689
939
570
396
412
840
66
732
903
521
188
368
256
775
470
338
728
489
658
310
144
691
384
1
265
808
271
328
973
700
665
10
432
635
716
772
804
662
741
383
371
835
514
556
201
674
222
135
160
127
619
502
854
581
937
480
531
579
651
851
19
108
772
859
872
931
749
543
216
257
657
485
93
868
889
641
945
812
344
73
627
320
264
912
928
521
105
966
630
930
703
964
490
63
733
880
884
123
956
950
686
69
268
401
292
139
219
535
991
672
762
81
938
821
586
658
997
481
307
326
675
317
978
156
196
789
909
322
570
746
615
233
148
217
688
656
494
839
956
608
788
632
361
162
75
871
738
362
280
435
363
35
180
273
745
228
799
482
881
991
642
270
420
76
622
394
436
971
763
531
730
8
789
592
10
665
567
765
533
541
547
34
486
459
128
18
111
801
23
669
22
250
49
720
559
473
86
826
273
827
729
890
480
