0603
525
393
34
585
609
312
445
347
569
54
733
212
103
415
481
317
463
906
523
65
135
296
616
261
718
18
445
38
995
619
102
545
565
392
339
429
382
689
539
525
276
433
632
311
131
875
322
269
795
857
698
391
484
796
841
130
108
219
539
928
469
526
483
304
633
863
540
429
443
554
200
532
458
658
843
103
798
432
997
756
854
247
619
9
453
207
367
261
603
497
158
940
874
484
26
831
809
300
450
545
640
904
626
980
675
422
495
388
471
287
591
750
352
423
98
816
630
337
819
569
518
50
525
201
502
76
787
138
390
956
125
436
399
930
600
543
614
568
310
805
832
397
389
491
973
513
1000
568
298
843
568
733
185
443
932
892
441
674
407
804
862
508
646
881
412
383
185
933
728
168
354
939
67
753
499
546
702
755
992
649
903
868
209
683
398
912
5
44
988
257
900
235
220
270
380
609
616
40
557
538
564
850
602
310
959
957
354
89
377
765
320
481
866
703
603
272
141
685
8
734
687
527
788
47
59
115
472
777
304
952
751
238
192
733
