0604
714
130
621
998
655
570
906
671
592
462
925
658
765
255
654
418
118
288
92
201
224
709
519
776
49
854
268
925
22
244
377
18
882
650
595
404
733
20
16
639
678
808
622
121
615
449
320
497
163
713
615
916
440
100
235
696
949
486
30
554
541
20
803
466
446
707
300
656
219
900
844
756
923
828
842
74
996
307
592
624
918
232
313
663
14
611
473
903
96
188
829
59
284
693
501
208
36
302
796
817
233
440
436
587
487
294
103
278
680
787
495
170
512
487
596
493
444
577
883
874
45
741
845
719
4
801
806
259
427
88
991
232
975
649
527
205
474
254
460
998
122
603
151
760
189
474
400
900
705
879
939
964
267
298
405
241
997
688
38
648
1
634
288
527
941
816
761
110
901
928
436
762
160
1
697
222
325
455
776
450
366
448
111
216
907
759
283
11
346
475
100
483
699
868
893
94
214
658
320
452
210
720
850
613
978
226
426
471
710
147
803
81
393
400
91
343
613
276
938
51
418
615
179
918
602
5
227
70
818
597
468
372
44
934
651
533
621
46
881
632
126
33
593
250
467
655
148
11
602
223
996
327
165
576
948
399
390
868
573
81
918
601
711
287
968
