0605
388
497
172
145
846
897
380
558
654
785
489
961
614
721
298
425
416
480
275
373
807
779
789
918
115
867
209
978
327
327
237
175
185
695
261
317
596
486
510
458
471
585
145
919
444
766
749
80
36
223
257
36
700
328
989
590
482
972
338
818
886
198
422
978
524
144
580
257
254
961
892
306
965
436
771
627
574
337
796
404
501
617
960
6
149
119
935
922
541
664
257
39
813
697
26
402
994
447
237
130
615
315
961
420
715
472
674
349
980
613
647
971
121
967
306
969
195
943
383
148
935
160
835
131
185
837
268
234
850
79
581
749
890
193
52
471
