0606
837
258
609
464
451
723
743
704
700
848
406
522
994
626
640
671
416
115
856
475
832
460
147
912
695
429
840
726
611
289
64
880
356
780
189
693
379
784
367
191
613
606
47
838
78
324
952
79
324
476
934
516
299
307
403
855
226
963
112
267
540
200
589
268
523
339
648
309
712
756
483
291
878
215
233
391
483
678
726
539
796
539
199
620
903
709
143
342
426
293
278
139
197
113
471
83
415
775
274
812
220
822
479
9
920
953
961
981
665
954
55
695
610
576
106
40
745
214
209
604
154
327
389
450
136
624
246
497
935
374
550
805
338
802
551
737
265
717
524
947
553
411
822
977
690
984
130
78
380
682
829
596
685
362
213
974
874
133
354
197
696
804
493
737
324
678
400
329
259
169
94
799
587
979
112
651
346
715
937
329
445
