0607
529
623
125
890
978
741
51
532
828
8
988
673
518
798
887
830
945
500
758
671
640
531
617
634
757
921
349
627
135
237
281
400
208
208
193
101
263
602
940
326
693
615
926
473
217
604
242
685
968
155
180
334
249
166
712
260
473
390
787
286
875
336
186
848
791
682
324
722
5
948
686
52
867
578
693
740
299
270
957
144
993
898
34
626
806
884
695
268
293
858
27
80
20
163
400
748
731
67
507
482
57
109
444
218
186
165
125
182
904
283
227
890
552
294
854
97
818
737
587
763
57
1
805
121
417
317
201
529
197
450
175
160
669
46
362
184
824
170
685
672
658
488
660
364
635
852
231
179
893
563
267
312
692
399
692
944
141
397
899
616
480
90
336
574
218
256
111
458
267
396
204
158
252
918
863
825
978
318
782
995
99
23
489
579
229
625
349
811
650
508
268
426
757
195
118
263
376
311
396
930
874
338
772
351
191
420
633
461
529
76
582
202
184
90
716
274
369
749
131
803
794
614
998
111
613
672
902
314
547
106
702
786
498
721
282
603
716
67
165
409
596
321
261
792
938
604
409
724
896
963
699
736
330
556
654
508
918
352
628
209
371
20
27
681
756
375
337
238
636
321
611
893
859
141
898
398
487
755
429
47
799
634
682
380
786
594
262
68
111
34
271
107
262
394
106
993
717
777
357
60
75
660
746
719
456
322
776
293
587
883
465
442
940
460
199
446
413
214
617
155
921
57
175
982
411
524
635
116
874
237
278
476
559
23
542
635
255
574
683
974
88
607
788
426
389
688
534
73
746
910
944
384
718
228
827
407
284
824
573
828
244
780
417
265
225
298
940
518
587
585
215
63
278
76
122
194
199
507
149
499
790
8
645
635
976
70
697
570
87
492
268
591
928
754
701
884
42
835
787
945
56
619
785
231
183
614
638
925
69
88
107
821
887
566
885
898
118
153
322
652
482
977
709
985
168
293
287
179
912
722
856
445
289
287
673
176
287
708
95
131
680
672
945
587
856
288
144
494
976
