0608
250
690
387
704
288
164
151
50
713
65
735
555
904
881
752
59
55
795
211
515
599
551
504
518
947
296
301
311
501
895
502
871
868
336
231
595
629
423
834
922
913
898
332
628
771
957
72
574
282
913
200
927
293
687
94
601
411
693
639
191
32
342
782
783
11
499
787
249
601
819
467
309
374
208
20
578
835
62
281
795
569
848
172
452
31
512
278
804
993
858
783
655
753
411
994
992
885
726
199
667
711
691
972
422
159
493
513
504
33
539
104
487
127
266
354
131
959
622
445
215
34
959
875
171
210
288
973
672
770
12
241
112
814
711
212
362
189
686
76
459
99
828
394
263
878
803
