0609
486
393
541
585
190
225
589
649
111
200
996
568
936
866
503
646
872
366
921
581
907
496
478
233
802
367
443
440
639
384
710
120
62
976
360
431
965
819
436
409
693
920
4
567
580
893
383
114
167
542
910
42
560
801
856
601
165
810
576
923
648
720
637
437
417
484
199
296
19
560
141
255
147
623
447
290
135
506
262
449
904
143
127
536
655
926
682
621
548
713
366
270
26
861
895
384
54
35
883
357
991
780
74
507
287
870
153
458
383
185
56
531
2
596
574
65
557
186
307
53
434
789
740
742
216
488
736
258
964
901
659
26
50
532
408
79
455
795
