0610
299
838
919
730
964
610
127
903
918
558
358
100
458
474
398
277
661
979
457
989
360
23
778
915
216
702
917
219
425
860
194
473
777
929
46
541
51
815
31
623
848
34
258
157
243
698
847
74
265
710
639
293
940
64
984
850
524
951
521
304
715
902
731
492
735
96
597
485
373
537
450
870
817
937
827
141
341
672
385
765
432
79
795
322
590
874
994
526
407
718
540
600
261
915
425
457
655
783
808
31
850
148
403
451
299
264
398
960
581
383
641
290
836
665
309
81
257
132
442
993
607
183
533
211
305
343
850
327
938
950
967
834
374
446
379
642
481
234
301
30
130
786
886
845
765
198
572
470
863
800
184
886
783
347
29
454
836
779
815
139
671
456
932
852
651
264
882
145
61
917
595
797
122
61
347
219
769
584
289
775
760
550
319
9
230
456
416
371
890
105
502
752
609
604
208
251
119
323
553
84
719
354
205
813
390
616
691
667
753
868
901
450
15
308
888
209
176
884
744
433
932
781
546
757
987
801
838
496
489
948
257
769
291
186
559
226
864
430
404
108
231
994
899
528
225
454
95
758
787
949
407
845
160
26
165
445
229
334
513
947
372
665
492
145
629
654
354
335
196
281
159
239
418
845
