0611
570
642
247
760
962
241
129
812
771
834
192
456
845
620
88
845
829
184
384
993
822
781
464
463
120
567
763
224
155
563
73
752
108
902
206
706
824
528
217
985
838
141
650
757
348
456
191
410
459
862
817
884
225
419
654
130
168
401
177
122
886
386
183
735
857
687
677
696
992
820
976
654
130
998
825
182
234
915
409
771
980
589
361
863
711
921
677
793
270
418
799
544
569
212
497
661
880
749
392
434
698
741
685
978
947
680
676
820
599
717
648
986
127
803
163
667
6
548
481
64
75
619
957
685
532
540
342
393
107
939
