0612
59
350
616
590
904
803
128
597
263
103
622
50
176
375
995
229
336
860
941
264
128
3
113
306
910
369
323
377
574
967
160
159
317
837
280
290
334
501
706
424
675
498
477
326
38
972
552
849
889
654
841
983
267
85
218
453
445
968
795
311
631
966
651
904
880
780
761
302
781
133
105
819
182
37
83
66
253
427
234
771
41
90
51
342
837
792
407
164
483
642
685
573
801
430
847
777
933
990
425
261
247
499
994
338
781
707
555
301
296
901
247
292
715
317
294
321
918
221
308
212
692
733
371
627
244
499
866
437
407
317
86
718
462
50
802
573
366
537
900
830
783
47
397
2
766
213
686
34
440
143
535
983
565
102
541
238
28
613
644
419
738
810
72
625
495
114
612
593
718
519
730
316
909
251
835
601
97
658
709
781
93
795
752
507
689
698
918
395
34
135
229
788
137
651
966
845
588
703
584
636
948
435
102
887
718
607
439
828
754
760
175
135
86
968
271
62
92
860
746
288
856
924
292
715
429
365
980
475
464
64
607
670
817
220
732
997
920
388
549
506
63
230
586
883
712
120
296
534
62
334
817
778
509
23
404
560
889
363
826
393
662
277
772
578
576
949
223
727
581
859
63
1
543
894
757
382
702
