0613
597
373
339
696
222
368
602
2
240
226
437
568
67
404
922
665
496
806
337
74
206
336
907
407
124
703
393
586
34
646
611
451
985
869
61
7
100
931
860
653
392
406
196
339
369
343
796
15
144
14
652
312
215
423
866
571
851
331
738
184
467
427
89
675
475
750
929
701
942
357
920
731
672
880
606
44
465
58
841
979
677
985
934
50
172
289
246
913
450
195
995
177
229
923
278
313
12
932
618
287
85
643
555
328
210
674
608
309
883
641
706
262
808
272
675
673
98
119
330
799
594
527
722
951
223
243
914
311
64
338
411
724
141
672
543
183
199
344
395
911
119
516
423
650
86
234
530
333
600
290
99
998
766
840
298
384
526
575
798
824
668
672
434
471
589
257
127
280
662
611
593
981
795
719
490
698
396
828
447
377
44
940
521
941
395
934
904
743
15
76
859
962
658
199
338
863
239
326
746
551
468
362
744
778
754
279
866
797
384
911
211
615
790
773
496
552
950
893
254
459
713
432
24
41
593
451
97
680
566
801
868
784
127
217
684
826
235
124
543
480
941
417
604
341
340
267
992
943
543
367
176
119
788
432
45
707
432
364
675
60
261
884
985
241
602
959
270
780
307
806
411
779
552
406
111
389
235
696
94
947
5
141
391
506
766
210
457
494
902
653
948
46
498
207
706
925
594
766
490
531
149
832
299
142
934
316
178
268
570
63
674
746
432
468
915
542
140
823
3
934
739
826
596
968
462
137
337
213
92
878
739
922
163
737
983
101
266
36
470
186
208
525
563
23
516
368
247
236
602
275
829
6
185
208
582
237
706
530
144
517
906
566
35
976
986
681
177
818
871
279
201
239
700
360
