0614
431
393
226
485
996
515
689
5
302
199
501
190
433
920
654
85
917
678
160
702
94
38
122
203
988
297
761
32
425
379
65
334
530
886
803
968
600
669
649
782
724
371
807
17
713
293
153
230
936
305
12
876
318
85
290
642
868
480
803
749
332
17
698
235
250
601
465
672
716
904
185
344
37
578
849
539
20
418
702
364
694
813
434
130
558
181
149
657
346
414
252
759
497
956
110
61
46
796
757
350
985
965
708
338
424
456
582
26
598
705
222
968
842
554
535
266
726
632
313
580
58
11
129
284
476
880
693
458
72
610
156
884
283
460
682
417
865
301
141
42
466
523
190
193
415
180
222
67
502
448
448
968
408
583
134
687
456
786
512
877
87
601
881
49
539
695
448
92
529
302
936
574
230
358
912
297
419
337
922
310
178
530
396
210
779
402
73
316
609
625
381
9
813
262
732
501
82
140
103
701
435
658
989
983
297
248
889
813
32
765
53
643
41
492
758
849
246
206
810
137
279
126
579
63
520
145
451
862
187
52
771
135
89
211
467
636
727
509
310
645
978
971
143
459
932
506
744
169
876
560
28
835
10
523
751
32
849
218
819
445
226
42
311
363
591
425
612
851
112
260
165
795
974
787
898
817
4
1000
261
280
947
330
161
9
323
170
661
157
619
219
332
274
664
246
148
284
160
926
335
233
605
893
326
894
730
235
86
271
521
693
920
343
237
653
206
988
660
994
252
688
650
941
584
186
156
745
794
298
781
544
939
475
376
32
589
107
917
981
363
885
626
297
627
561
809
663
184
441
812
845
137
31
480
659
305
573
737
912
848
121
689
940
14
312
167
151
155
558
173
139
54
410
562
208
814
406
703
860
529
114
420
557
77
837
37
738
244
260
298
282
815
522
498
330
339
812
685
467
355
171
651
375
908
790
497
667
820
471
676
876
44
848
91
646
779
110
957
