0615
425
568
996
810
313
883
373
237
844
51
937
83
967
911
125
80
463
861
821
947
164
67
336
719
525
834
885
639
947
863
918
52
970
650
60
912
521
652
817
876
168
259
183
790
337
314
57
946
691
578
699
668
511
19
362
666
207
800
231
592
103
683
371
102
994
1
422
313
320
856
90
322
918
149
69
764
300
81
962
610
806
277
83
25
123
765
723
210
446
827
475
472
467
390
539
601
91
709
156
715
386
526
238
123
359
93
109
722
152
82
551
52
394
270
202
109
973
35
817
515
905
913
453
833
313
22
881
261
571
559
242
815
79
392
15
351
106
723
143
61
670
136
131
290
703
855
197
643
626
840
269
744
829
735
759
997
856
133
899
228
67
867
996
551
682
45
24
915
26
673
