0616
502
217
504
755
144
612
658
988
536
623
295
781
798
600
785
710
316
799
831
197
197
821
237
347
156
353
885
532
826
861
157
117
518
974
400
936
233
647
860
699
16
529
968
406
782
820
116
631
575
176
446
719
902
480
651
688
861
177
219
663
538
648
491
788
161
94
15
332
740
500
6
768
213
199
618
63
547
67
938
536
61
785
747
624
608
675
784
495
183
262
33
571
181
740
12
134
231
181
803
397
925
251
730
223
761
915
821
383
994
606
560
301
86
65
607
317
16
769
519
146
466
446
84
53
962
555
199
795
548
878
891
170
984
789
402
5
935
74
261
808
231
246
716
29
211
873
797
787
7
319
761
454
537
848
821
564
679
912
994
344
391
426
422
505
376
196
890
988
931
861
774
502
530
218
785
586
7
875
336
193
447
894
692
158
223
468
573
19
416
622
233
722
447
139
731
969
405
723
465
556
298
791
60
185
67
772
69
552
28
923
617
510
723
448
735
285
397
704
204
962
5
821
539
411
64
522
608
325
583
351
612
844
210
701
302
325
29
762
214
841
488
686
394
299
162
360
706
417
460
606
418
530
973
388
570
371
692
130
328
754
463
610
746
145
844
369
558
315
320
998
54
984
556
584
193
209
116
312
345
390
15
496
696
839
239
174
541
711
689
966
488
818
158
375
373
392
537
364
816
507
369
490
722
794
520
709
625
670
160
338
182
211
178
38
6
561
949
620
797
924
458
10
923
889
56
810
8
620
225
160
756
205
619
274
245
508
261
202
82
951
634
777
428
47
606
767
805
223
