0617
290
804
867
106
538
247
117
812
174
973
552
270
579
415
912
494
154
871
39
657
381
117
541
694
678
463
367
796
366
725
649
678
25
573
541
408
758
939
314
472
231
907
361
397
912
242
135
481
289
575
410
419
471
182
864
98
247
30
437
924
900
285
600
807
611
906
165
621
234
361
214
230
634
417
620
354
978
935
470
540
578
1
280
514
636
226
352
248
787
988
845
819
696
936
633
275
503
723
45
316
905
139
485
312
326
307
534
632
261
148
691
637
128
367
640
427
822
841
14
731
270
113
58
317
133
580
124
92
552
293
626
977
395
661
6
797
200
878
256
244
662
580
822
53
175
474
593
900
836
184
668
763
576
227
859
554
178
929
520
594
521
190
68
553
234
568
87
24
299
141
534
271
28
452
293
380
719
731
711
286
69
541
131
375
558
603
688
488
980
414
455
47
972
838
958
468
607
861
68
950
951
499
869
19
81
193
793
260
156
140
161
24
114
214
502
326
421
762
284
402
