0618
87
863
334
119
386
964
90
775
517
627
558
757
167
74
997
305
494
569
734
951
226
980
16
301
613
117
832
625
192
68
867
518
77
294
662
630
634
202
842
716
863
657
472
368
404
426
129
92
812
378
842
461
915
930
11
193
806
451
752
650
705
971
414
160
985
586
543
980
783
695
909
862
766
814
641
868
60
227
826
117
76
316
841
654
972
511
82
694
53
659
440
1000
483
228
619
555
548
918
114
954
878
347
937
713
334
841
684
589
386
915
668
364
177
493
5
648
209
931
369
804
741
719
378
840
471
157
458
19
249
961
10
518
971
540
633
350
731
378
115
105
53
374
77
328
125
128
666
203
981
377
798
904
224
885
823
231
284
16
902
176
604
938
818
673
539
791
883
677
58
545
950
116
245
527
89
470
23
622
235
651
80
919
540
500
190
921
456
723
622
148
263
112
855
253
486
315
457
