0619
8
460
572
264
790
338
363
66
983
448
88
769
421
626
801
286
275
620
539
559
355
750
805
790
775
847
373
139
718
615
733
498
854
921
759
347
390
32
529
387
129
28
673
526
398
949
66
821
559
826
502
517
410
733
839
885
923
514
489
349
176
85
332
462
678
950
578
259
307
484
21
889
632
190
902
697
674
259
455
692
696
591
144
837
907
925
620
204
331
653
589
55
97
319
44
526
263
579
262
301
453
421
84
126
199
619
846
232
327
591
891
926
441
592
453
107
215
26
879
399
634
714
302
562
826
621
991
692
212
833
551
173
61
568
775
926
848
142
527
21
921
394
368
640
631
686
484
513
641
411
514
561
598
725
362
424
358
408
41
566
772
110
102
977
258
994
337
80
215
643
617
341
948
742
896
104
927
221
571
348
151
130
896
204
164
966
607
901
908
56
657
161
941
389
565
27
249
775
794
994
90
366
826
708
920
220
904
927
441
543
872
465
537
885
496
797
952
388
736
481
268
261
958
135
155
931
621
559
774
156
312
686
166
313
733
824
586
215
176
452
237
470
241
357
523
575
598
968
914
268
501
601
266
924
655
271
156
606
994
854
127
227
625
14
264
669
931
712
651
867
901
106
27
969
251
676
259
196
838
524
957
641
907
622
528
329
414
613
966
404
811
485
44
554
70
301
253
908
135
845
817
107
464
660
103
47
234
786
262
181
798
900
126
606
758
650
394
775
227
393
207
121
688
790
216
306
529
678
379
442
383
