0620
304
822
623
878
315
819
734
753
7
395
807
487
642
491
303
918
242
877
95
826
295
2
507
160
17
28
250
490
178
128
14
967
520
258
762
485
815
49
694
55
475
2
655
72
864
524
348
227
171
108
361
989
48
327
314
204
990
582
7
239
386
253
889
779
555
292
234
172
28
617
814
470
241
835
965
415
933
740
602
462
737
629
110
812
757
808
99
229
840
81
186
178
477
445
112
400
231
434
793
342
559
203
305
454
707
190
26
416
83
684
259
269
232
883
734
795
900
435
131
210
177
568
316
869
430
156
635
665
666
345
768
352
276
619
925
376
392
582
923
206
922
545
164
500
121
437
867
812
815
48
263
602
971
816
616
14
864
701
961
513
258
392
99
306
157
492
384
467
703
245
5
765
441
834
693
520
861
671
935
87
968
136
84
612
663
858
691
35
480
579
664
395
802
445
396
420
861
463
966
557
850
497
214
12
823
616
500
639
302
846
159
692
118
91
452
15
23
909
264
536
167
178
104
558
53
644
801
117
70
916
839
77
781
596
681
370
549
743
635
639
160
54
149
163
725
198
475
605
953
