0621
334
927
721
851
283
910
828
167
334
47
451
266
150
26
996
88
407
568
321
134
719
863
208
980
644
220
38
471
278
530
483
308
435
280
113
561
513
419
932
639
715
735
455
796
50
617
481
307
369
615
125
97
672
506
725
769
345
308
643
448
432
190
633
678
738
913
217
800
289
429
546
570
838
72
815
32
821
887
337
660
357
114
381
750
728
825
682
694
297
465
721
725
350
425
366
521
399
750
789
493
949
211
487
952
120
904
299
503
977
445
608
726
165
990
281
463
254
720
188
211
550
593
817
124
42
108
336
105
836
560
417
547
236
983
122
895
754
396
324
840
307
167
217
224
33
272
479
256
763
295
718
238
654
672
913
624
621
424
885
552
4
476
699
6
671
610
182
387
520
791
513
928
833
347
744
568
667
816
8
211
913
143
258
774
616
286
158
113
145
436
792
748
539
980
645
141
254
812
840
462
9
140
21
303
543
526
964
505
785
748
124
712
999
965
741
826
809
381
436
538
299
57
884
891
461
948
511
953
304
46
814
654
426
523
512
602
341
404
401
62
629
71
319
263
97
253
742
700
163
979
403
712
412
466
85
910
374
992
209
604
797
247
982
950
551
209
986
130
752
882
220
383
141
940
799
123
681
217
728
766
166
926
463
661
463
52
926
687
827
254
903
852
831
744
591
409
805
907
173
505
945
395
322
280
491
235
804
433
350
108
501
547
527
514
204
272
393
723
650
672
467
375
237
339
378
241
220
663
771
211
258
755
490
182
876
865
980
477
546
412
738
940
980
404
524
428
86
394
230
100
93
107
457
899
401
11
914
588
574
335
268
660
596
414
34
175
326
564
224
565
448
623
479
751
656
952
636
91
201
621
262
405
911
35
367
498
463
916
753
692
199
869
794
174
960
91
178
916
213
191
129
483
402
424
347
633
292
519
632
301
528
168
51
169
478
146
128
318
838
106
322
211
495
518
651
854
892
206
680
807
405
