0622
780
860
962
117
26
380
652
45
178
303
866
932
651
379
431
972
384
484
244
54
786
551
881
387
538
428
132
122
70
106
252
336
734
788
902
767
535
156
630
153
201
40
109
486
552
982
430
169
707
539
327
688
890
43
974
244
936
905
711
769
841
686
87
238
544
47
859
571
770
542
93
35
938
398
853
539
574
700
653
237
432
12
894
459
64
697
486
355
197
206
907
128
465
338
189
215
108
949
925
677
173
291
486
195
357
184
349
211
998
500
713
837
79
626
282
897
487
943
62
533
266
585
634
134
715
290
970
562
122
280
628
344
720
409
229
536
457
525
197
586
53
663
818
416
759
630
563
596
619
180
989
535
678
868
740
89
700
241
542
952
323
26
860
108
373
454
793
491
551
448
594
306
253
362
460
100
840
146
689
762
727
981
361
984
947
110
328
426
832
328
898
189
269
271
251
180
794
605
878
442
776
42
309
524
588
239
461
723
228
696
124
177
921
465
236
780
733
128
999
828
421
285
972
849
988
883
963
693
444
160
279
853
72
949
706
165
225
594
928
