0623
670
192
573
374
139
268
198
129
112
504
515
88
30
648
553
805
556
837
811
718
501
82
729
572
464
203
808
770
170
951
762
331
638
956
210
419
211
936
323
533
929
404
496
238
191
656
123
128
836
11
608
499
825
617
47
16
929
952
527
886
127
167
519
254
602
768
184
575
374
918
605
91
727
358
624
16
750
320
275
378
544
436
22
94
121
509
382
112
107
639
785
68
69
444
507
515
857
84
556
785
796
695
783
454
663
954
817
479
828
813
892
404
250
137
251
888
42
889
202
538
694
468
568
695
640
749
928
599
24
575
262
443
146
190
785
805
900
706
852
6
522
432
58
399
852
374
812
314
692
166
94
256
209
926
113
725
954
453
171
604
114
713
62
590
108
854
726
994
796
681
689
935
409
740
457
336
443
557
700
614
571
550
106
228
726
656
866
911
554
394
653
755
511
483
243
539
2
880
846
722
240
556
32
526
199
939
18
853
111
357
61
837
225
994
630
618
210
41
757
863
934
664
316
164
193
550
278
684
232
597
824
826
738
515
41
172
741
116
833
841
39
224
202
425
766
290
495
122
595
201
1
163
738
598
715
920
71
923
518
5
545
141
891
159
411
742
519
297
574
800
793
445
424
514
717
998
65
221
359
706
213
535
587
158
101
772
150
530
942
149
209
74
397
358
644
15
437
928
714
387
637
161
650
29
391
831
53
15
826
830
242
773
138
104
207
471
714
222
717
260
350
390
933
412
562
51
169
770
188
988
3
298
569
556
363
324
895
526
773
370
84
528
823
805
119
715
379
336
16
217
121
290
887
416
245
140
536
477
74
252
189
790
488
375
122
193
525
370
419
705
347
686
46
792
355
28
555
960
772
523
480
460
946
361
478
372
959
653
877
219
577
525
415
377
775
134
186
32
105
517
452
214
759
255
530
721
217
349
629
291
940
439
