0624
224
483
183
549
94
914
795
504
240
514
14
162
524
589
447
520
9
125
472
270
982
65
283
310
140
283
121
723
636
356
716
958
399
201
150
268
794
935
394
614
186
424
560
819
262
997
171
892
387
702
222
575
464
52
440
352
117
669
84
360
422
870
89
178
817
969
843
374
745
512
571
77
576
575
786
616
679
582
631
595
488
216
599
645
284
372
305
355
202
654
69
417
870
497
637
924
931
408
447
729
539
707
618
676
523
774
31
440
763
754
115
421
51
614
756
391
462
438
203
148
933
914
899
864
661
999
920
623
524
651
228
80
828
387
770
393
636
956
174
251
733
317
467
792
140
669
471
119
87
162
3
648
37
63
756
185
598
356
529
815
290
14
970
285
799
327
817
925
445
772
856
59
542
884
875
727
300
992
462
997
346
998
29
532
638
940
364
391
290
531
134
412
939
725
653
597
477
580
71
199
334
631
84
593
358
303
205
171
835
511
736
729
813
405
184
720
27
12
468
58
959
109
204
777
421
123
304
965
14
953
528
965
484
33
733
921
493
141
349
113
287
306
366
381
330
687
437
69
999
