0625
462
824
3
230
599
517
864
677
730
972
614
918
234
263
420
750
761
977
60
417
354
108
378
121
764
833
705
307
171
690
830
435
257
581
398
108
494
767
513
44
329
848
423
278
688
190
742
554
54
545
969
623
159
872
15
122
833
841
427
93
100
304
889
791
584
476
321
841
104
914
815
868
982
78
573
517
751
392
568
393
233
907
839
230
525
135
584
907
782
206
309
740
277
913
204
375
314
784
828
454
56
839
539
694
303
550
733
410
864
478
103
950
401
992
939
961
631
145
889
123
144
432
668
521
597
952
793
254
184
851
776
408
251
861
616
137
988
497
295
569
734
100
535
516
525
293
666
884
336
71
661
910
736
162
664
822
112
907
989
606
105
744
688
832
304
195
959
91
502
365
213
21
198
890
566
425
717
446
384
225
578
555
759
752
330
104
662
270
117
256
945
685
681
388
116
245
642
706
377
661
835
794
69
947
232
510
445
310
773
498
1
562
773
371
190
335
276
154
744
561
993
764
568
942
475
95
29
395
964
686
848
681
905
900
791
914
351
617
61
37
417
141
913
863
490
602
657
78
958
91
405
197
843
756
346
250
242
316
443
377
361
768
154
716
524
787
920
865
822
610
910
248
125
59
612
772
