0626
833
67
822
711
415
971
72
461
243
945
144
954
991
305
111
854
405
744
969
379
568
407
727
699
202
634
306
410
158
97
253
562
547
85
866
659
676
680
898
527
402
492
805
89
846
593
205
120
290
623
876
382
529
334
660
666
973
629
88
968
350
475
681
471
551
757
519
955
563
222
679
255
793
12
469
751
804
979
833
677
220
663
28
458
147
804
763
578
2
365
870
98
360
576
13
304
361
249
29
995
169
495
595
225
16
286
955
651
248
451
467
207
821
817
623
839
674
242
604
596
484
195
35
539
312
500
315
893
949
443
492
395
542
799
702
238
193
401
730
98
353
929
114
844
717
963
123
708
767
244
795
206
255
473
260
688
147
455
422
330
815
944
908
502
940
278
724
5
977
620
488
323
974
275
452
691
410
547
625
521
88
890
360
861
269
319
858
878
199
685
458
276
834
252
657
985
21
808
982
68
933
780
453
864
779
531
26
985
60
563
367
689
988
637
135
63
944
28
899
665
595
901
300
253
94
645
796
786
441
262
867
245
344
321
641
328
570
9
586
5
877
169
731
519
656
444
348
181
348
201
602
5
134
123
101
194
611
75
94
850
320
516
220
372
9
818
51
665
887
609
8
782
624
195
733
903
288
99
416
306
207
451
577
209
701
707
654
177
367
679
285
78
850
552
669
559
680
735
661
279
656
836
627
637
82
530
20
221
304
382
235
715
133
779
175
478
560
403
762
586
505
232
623
710
629
884
27
779
742
768
812
50
422
892
690
472
288
740
