0627
145
73
180
628
192
768
267
885
482
39
440
501
691
312
636
947
911
371
243
645
410
111
314
767
198
425
250
400
831
328
945
861
276
367
195
451
349
136
983
413
261
105
911
503
466
729
917
64
168
324
233
230
759
382
439
174
994
292
5
556
305
49
837
88
856
252
901
531
639
583
259
841
479
760
675
980
112
163
532
106
509
926
903
478
933
56
826
337
967
219
463
373
832
477
551
537
3
686
554
856
651
748
786
382
630
772
509
409
170
67
936
809
730
83
959
126
145
767
625
410
695
815
395
468
770
485
361
356
694
62
2
376
467
417
212
408
181
455
847
885
908
405
87
