0628
67
724
537
255
562
336
754
96
914
319
235
654
609
463
606
357
846
473
773
567
632
441
299
924
916
248
453
883
543
700
391
138
666
95
81
779
264
666
668
370
505
549
954
349
517
651
505
261
266
921
342
41
408
130
6
622
407
643
666
365
99
311
400
576
905
290
67
322
127
703
503
367
830
678
935
556
598
266
755
869
846
611
375
995
903
176
374
778
878
879
52
429
356
279
83
599
855
186
411
517
696
19
356
65
293
525
955
244
156
384
367
241
415
481
985
601
488
799
633
549
40
128
521
632
805
227
845
629
797
711
546
213
376
484
480
857
109
629
336
847
962
965
118
623
193
988
171
500
48
835
845
136
494
194
733
918
99
521
672
135
459
87
814
489
936
913
396
709
396
882
937
798
640
396
391
761
657
925
836
738
225
860
13
990
117
546
851
968
50
729
311
932
702
95
707
784
234
527
587
741
225
251
733
422
542
294
144
825
20
100
204
733
993
170
472
178
797
274
174
287
184
330
75
66
837
543
978
330
712
340
91
441
410
237
404
278
832
374
319
834
458
606
331
843
654
790
304
146
689
824
742
491
805
604
471
833
913
359
898
360
302
687
601
605
858
893
254
890
176
482
74
978
707
770
540
518
74
948
472
126
596
