0629
735
973
380
998
201
920
497
231
10
988
567
303
405
356
821
197
403
717
191
465
682
353
999
348
457
951
807
959
421
233
225
95
994
227
650
603
234
680
650
727
353
730
834
262
762
277
739
508
225
638
862
598
206
458
509
983
717
590
700
704
284
919
189
864
458
570
196
639
279
810
792
62
217
281
253
14
384
553
663
418
119
532
25
793
101
497
179
441
265
898
324
947
600
427
109
978
82
969
11
501
727
226
771
924
995
500
223
146
858
601
969
921
731
388
580
181
429
251
174
552
586
478
190
669
245
911
563
729
917
134
575
609
116
370
227
26
589
31
62
586
555
656
763
28
494
705
478
498
491
490
643
999
800
269
14
491
855
146
372
154
485
451
556
166
257
95
16
392
219
21
212
452
867
262
90
258
513
232
392
743
172
807
285
267
164
81
510
476
493
902
97
222
327
796
699
712
583
348
954
542
729
703
592
970
609
45
768
638
401
214
996
560
717
890
111
692
647
166
722
506
981
850
157
966
945
170
334
252
33
34
663
971
785
726
485
454
383
726
404
394
427
29
583
663
977
216
713
677
742
873
775
46
170
835
340
917
736
51
35
755
619
19
472
368
981
736
686
871
720
790
546
689
845
154
79
637
237
933
510
857
519
589
691
598
15
578
555
48
142
705
869
73
865
600
173
