0630
159
477
457
667
620
493
137
56
991
721
443
151
936
748
491
452
647
490
105
280
642
417
560
159
374
144
974
16
702
779
83
493
385
398
609
6
305
574
276
953
842
560
334
219
300
385
8
816
373
791
361
624
120
511
809
971
74
14
713
89
340
706
425
588
697
819
690
427
391
196
211
935
644
480
942
803
975
846
106
37
654
961
949
486
294
935
534
324
610
280
356
230
205
873
124
385
489
956
813
276
892
755
610
171
753
57
371
794
770
19
432
286
98
866
85
213
682
969
568
785
988
883
326
28
176
137
549
632
363
678
396
208
495
831
47
430
732
263
982
203
120
980
412
197
211
993
108
188
765
393
990
458
11
113
845
536
720
102
136
857
863
