0631
12
261
722
225
507
501
71
571
975
592
297
80
163
657
237
674
859
602
1000
686
548
13
534
337
974
410
536
766
211
986
905
998
718
641
505
691
734
399
791
363
805
457
446
453
466
712
534
914
595
99
685
977
803
924
988
167
117
172
469
927
270
341
706
281
159
405
461
124
578
333
675
915
246
934
137
817
755
509
181
405
722
257
805
371
6
817
618
350
894
339
108
114
577
302
656
47
760
792
574
798
77
334
553
101
234
423
350
926
302
148
949
903
932
649
812
770
179
706
56
572
226
841
946
321
859
210
579
304
704
637
274
726
250
382
969
613
414
247
266
888
202
234
557
871
660
328
407
208
689
864
92
360
395
310
970
885
272
369
447
275
888
819
647
960
93
444
839
402
561
760
93
534
658
66
928
921
209
209
215
732
819
826
803
114
306
888
899
606
280
911
945
206
540
377
554
415
532
698
939
94
759
405
714
230
130
365
434
87
635
652
525
356
414
177
471
212
271
352
251
137
429
432
670
145
399
910
645
376
641
475
928
852
657
186
931
579
716
965
608
693
649
446
317
972
741
894
926
679
845
753
811
911
542
564
53
733
955
988
915
465
802
305
528
530
470
713
112
851
198
757
913
867
861
921
894
309
872
19
167
600
296
421
160
695
223
309
39
208
106
630
170
906
328
234
367
693
909
492
206
24
509
62
172
16
81
432
621
755
856
718
280
954
645
698
78
670
755
149
739
314
489
754
844
617
52
871
947
306
646
870
400
289
815
259
924
928
897
703
951
685
853
279
341
253
454
529
621
538
185
550
932
452
105
2
281
347
809
805
973
804
581
214
719
202
826
545
110
926
142
358
460
214
347
363
980
974
627
208
128
518
