0632
998
12
637
484
388
394
174
186
349
14
574
464
449
750
688
792
460
927
552
785
500
305
785
440
340
220
508
684
606
600
200
365
920
76
557
648
469
426
770
184
897
159
643
219
147
400
572
70
5
539
803
353
974
170
117
969
43
642
264
547
671
81
815
508
594
379
658
915
415
305
404
211
336
804
744
492
682
189
415
856
776
931
693
959
641
422
936
716
4
994
93
339
414
563
939
561
478
906
201
799
237
592
442
603
832
178
938
56
347
286
31
892
268
469
48
356
626
569
224
746
38
288
660
868
422
388
418
351
778
251
54
309
778
458
494
182
807
554
321
864
770
818
854
830
794
555
516
837
987
807
537
699
477
574
504
43
404
149
122
402
895
153
295
910
54
468
187
845
989
199
822
95
891
359
607
6
779
732
927
469
390
342
810
112
467
906
881
917
646
221
568
248
682
393
326
224
827
982
583
674
354
597
19
582
719
652
203
816
273
407
473
31
145
991
969
836
386
870
504
621
751
804
154
351
307
285
752
349
730
409
312
338
976
881
563
401
504
460
329
385
483
