0633
925
482
873
308
32
914
149
136
12
126
179
641
554
904
918
873
612
508
626
814
905
968
971
554
361
730
411
366
607
233
916
414
341
925
110
852
338
1
600
127
226
456
436
408
742
471
518
812
101
990
736
837
44
106
436
585
237
193
171
930
6
793
861
888
459
695
892
997
824
808
493
984
53
170
48
797
234
906
685
627
418
148
80
472
131
114
440
163
877
627
481
608
618
236
400
450
361
434
781
265
583
785
488
300
455
823
867
508
167
195
450
200
704
998
24
614
202
671
829
971
500
635
580
481
245
52
43
99
706
247
847
564
402
821
943
836
784
592
31
253
948
184
162
12
848
801
45
184
826
