0634
812
803
343
623
623
533
284
807
253
670
284
130
773
402
580
281
247
130
431
77
940
133
89
451
518
98
782
608
165
258
590
313
664
432
916
144
362
286
742
889
803
856
21
213
146
135
783
638
677
189
367
716
855
230
452
779
54
913
621
819
323
602
864
650
236
909
953
200
166
50
907
119
264
184
527
480
920
663
689
645
608
189
645
178
281
562
236
344
207
742
147
422
926
221
582
109
518
463
131
821
522
863
254
897
859
139
561
92
328
227
333
247
874
95
111
323
664
316
593
753
625
896
678
744
613
188
431
817
894
27
756
487
410
363
324
80
727
759
30
925
584
530
506
56
775
248
84
957
224
805
979
738
20
60
285
148
220
599
294
772
495
367
396
118
646
284
964
450
824
889
899
904
367
185
275
581
294
377
375
121
995
837
888
95
928
792
127
467
804
874
943
960
862
999
509
304
273
289
151
30
146
80
225
168
317
948
203
985
68
859
568
625
456
322
376
298
507
833
337
407
952
471
2
224
