0635
685
911
453
643
278
717
724
642
446
520
489
457
560
21
373
283
824
687
345
525
356
457
323
829
893
635
184
901
759
756
909
180
943
45
456
2
516
493
546
321
823
16
452
525
408
296
566
241
253
768
504
162
416
722
755
749
585
996
146
99
149
758
783
800
474
728
289
525
823
266
694
668
418
573
138
539
331
913
488
784
992
712
831
332
877
708
501
360
529
193
517
141
145
302
994
162
575
159
102
965
317
62
964
624
640
527
175
537
981
995
199
969
64
188
871
615
876
277
753
513
345
438
47
43
111
502
169
325
159
101
525
904
457
379
875
712
893
515
568
120
242
979
545
987
412
719
387
754
581
753
817
473
723
752
447
20
7
678
92
91
901
837
720
231
434
690
454
444
930
205
741
566
68
43
295
830
599
430
45
776
910
231
124
751
7
434
915
595
522
617
732
632
109
658
954
601
11
833
99
491
640
541
368
694
519
478
186
738
901
834
409
168
518
744
405
539
218
464
341
577
231
586
112
106
759
581
412
285
577
555
187
462
276
984
936
477
412
612
277
912
604
435
165
