0636
890
203
42
141
412
719
258
81
39
884
43
348
381
841
708
127
893
74
950
961
308
331
772
235
642
75
462
359
474
79
219
803
969
269
271
692
324
920
300
447
131
667
662
635
361
326
416
114
711
709
829
563
104
870
205
76
469
858
353
817
284
905
590
483
405
509
863
630
329
101
117
564
736
647
171
480
7
391
874
330
130
390
125
107
657
467
968
853
179
808
79
951
871
164
113
923
401
80
805
956
547
81
823
386
265
392
160
821
706
106
631
325
860
922
865
929
940
38
931
8
844
611
664
778
113
878
214
639
167
322
392
501
502
489
414
945
66
169
210
4
537
53
455
333
68
201
785
912
913
37
453
479
867
649
682
11
758
205
331
820
573
347
321
725
768
414
921
590
638
278
48
890
882
826
994
352
586
321
232
391
447
168
232
19
262
199
140
880
413
252
485
683
2
624
199
134
157
630
725
576
479
187
105
503
438
763
946
324
615
42
795
37
911
451
426
564
246
118
272
56
418
460
579
456
325
95
652
184
781
839
885
425
313
897
938
351
1000
329
996
391
995
24
772
912
612
815
144
212
188
418
516
815
830
906
309
862
743
534
659
615
424
