0637
978
829
98
644
192
711
381
444
511
754
882
38
425
838
341
855
902
125
605
870
961
625
72
92
717
846
25
881
517
60
735
948
859
271
321
83
410
294
764
236
770
799
44
888
842
837
684
753
703
785
243
36
921
458
353
32
165
779
42
133
784
176
486
604
905
344
118
555
43
634
376
642
138
45
450
875
782
365
83
435
666
335
434
48
697
991
527
852
820
883
558
650
875
506
952
448
167
700
139
305
987
717
863
749
561
458
336
473
132
305
434
651
539
896
326
113
137
265
906
588
5
796
286
567
524
7
371
605
282
704
234
375
478
561
456
911
82
135
985
921
744
350
70
36
332
633
323
662
262
375
853
778
528
286
430
491
441
559
383
646
819
957
951
191
254
966
766
794
327
482
672
611
584
70
595
625
143
822
71
194
742
717
565
169
618
790
501
799
727
830
72
118
848
726
394
659
451
269
175
856
405
863
470
900
55
661
815
659
207
148
490
165
867
907
440
638
76
686
533
538
604
69
208
404
641
451
998
333
740
912
678
443
451
473
979
499
485
541
578
843
270
359
250
865
282
179
800
421
589
935
770
975
797
470
983
672
463
60
159
561
349
726
60
304
733
282
874
249
3
407
695
69
865
584
218
504
978
93
524
931
858
346
930
206
990
463
177
964
62
830
804
707
74
85
165
738
956
230
635
357
146
542
537
586
1000
112
933
140
904
600
402
449
279
410
227
570
203
158
179
890
524
82
517
792
38
332
637
762
24
213
788
526
93
233
271
645
822
573
325
891
334
644
735
621
43
569
362
66
329
938
97
154
