0638
453
443
192
540
321
581
560
72
1
565
806
761
181
740
984
456
728
901
161
541
181
202
175
43
947
1
798
777
50
564
602
293
585
940
41
125
425
933
634
411
150
858
139
487
650
28
708
586
790
389
966
899
852
750
404
497
529
131
169
168
685
773
597
396
112
712
701
575
629
420
70
294
516
412
796
214
133
351
519
882
49
885
410
606
693
85
44
226
335
979
892
502
753
39
849
296
365
800
957
852
46
763
222
981
331
138
81
900
888
465
955
162
359
797
755
564
630
743
847
618
87
254
473
231
174
484
661
398
416
290
474
628
400
249
559
503
797
593
726
737
566
667
911
104
880
996
216
11
537
442
558
576
279
435
960
167
291
267
103
43
429
964
213
721
92
284
833
834
717
735
805
407
718
938
756
644
876
624
