0639
168
406
547
540
308
482
359
437
232
464
888
866
74
658
742
105
650
808
268
308
129
189
436
117
88
471
77
821
536
670
803
278
51
852
615
206
403
312
603
673
403
222
292
872
692
233
803
622
633
529
229
824
527
144
950
339
336
279
4
617
753
589
318
297
619
173
232
675
533
119
755
456
572
27
67
979
646
791
926
57
69
826
513
90
7
438
991
265
240
82
609
293
87
722
105
577
92
705
817
647
176
10
428
920
281
785
406
122
794
273
788
907
809
785
150
606
301
811
61
340
920
392
143
923
745
830
244
190
783
465
636
380
222
328
543
370
789
555
250
