0640
21
833
166
81
297
155
691
510
494
445
464
668
825
375
660
613
355
829
130
119
886
837
916
888
410
658
181
151
417
287
306
948
905
814
678
698
513
687
347
225
845
309
749
664
577
439
871
725
380
575
870
393
97
473
82
610
401
751
869
479
449
260
128
128
179
419
384
245
19
386
500
455
692
60
67
150
330
579
719
282
478
167
917
218
494
656
940
282
704
645
584
618
750
568
908
741
181
922
744
97
51
111
474
406
141
853
986
921
910
883
727
96
894
313
675
21
165
976
177
60
551
222
645
622
279
911
391
393
340
453
358
308
824
295
654
123
311
943
565
517
481
169
879
846
142
79
258
789
519
609
424
629
211
201
284
576
120
75
182
269
741
929
89
89
10
405
857
620
60
288
44
304
601
28
50
194
389
982
