0641
204
218
771
292
532
155
433
403
86
706
670
708
962
445
582
196
893
317
54
843
740
675
828
121
771
660
136
184
208
993
838
802
871
89
685
713
718
73
365
448
721
596
537
191
500
233
12
818
582
572
112
151
895
568
616
892
740
516
167
6
240
726
352
639
755
176
755
934
884
297
353
768
758
903
232
507
820
528
625
584
452
103
115
214
582
447
826
396
766
566
827
922
106
892
657
889
287
13
487
701
188
803
960
959
644
55
436
972
960
773
631
270
261
76
93
945
526
965
612
725
320
748
72
303
808
129
260
599
470
471
92
342
298
707
607
264
235
58
231
773
55
225
261
587
609
62
384
536
458
982
184
49
299
549
809
39
712
866
281
868
789
387
637
605
85
235
