0642
25
40
385
293
497
173
587
993
77
337
917
150
519
624
923
561
999
176
429
559
695
359
368
556
457
494
269
432
834
926
740
843
664
239
172
506
369
453
200
912
261
413
660
969
5
594
414
646
179
396
600
439
125
725
425
531
810
421
457
608
479
381
601
624
98
387
721
513
861
734
95
261
559
434
790
948
937
699
283
453
583
286
536
620
819
876
901
820
705
216
985
350
532
980
413
698
613
494
445
999
823
210
200
642
97
973
902
525
925
272
59
815
127
909
886
40
941
287
777
422
489
479
998
206
179
687
163
836
172
814
741
978
670
862
92
384
96
907
355
158
743
987
202
586
250
213
645
346
705
105
514
429
11
295
23
875
543
704
954
995
623
648
215
217
328
723
324
193
994
441
1000
916
354
960
677
393
226
586
463
829
994
855
609
589
516
94
971
880
627
928
795
636
124
326
158
852
159
34
813
257
395
994
17
368
62
550
32
96
732
20
776
901
602
359
326
681
313
825
202
694
950
319
63
790
508
539
715
154
244
814
812
413
157
17
912
147
762
350
271
86
150
501
104
495
594
97
168
401
48
134
162
798
181
42
409
779
796
567
765
765
827
613
55
435
497
295
893
570
98
284
196
310
836
96
683
925
486
308
305
415
207
594
591
18
143
209
22
461
580
732
178
289
526
656
364
813
996
842
297
349
573
108
671
945
111
136
345
788
842
476
204
774
621
11
885
414
337
757
766
889
108
741
148
101
236
579
503
566
712
536
23
21
510
520
579
284
824
990
89
385
526
170
102
612
146
981
244
991
756
353
573
113
77
507
63
698
443
987
747
967
330
104
800
198
391
231
496
458
747
214
199
986
713
474
862
839
755
339
87
556
626
437
605
342
596
472
806
297
594
36
186
83
628
534
210
815
134
189
114
546
379
680
301
172
867
123
58
614
717
708
640
985
477
644
200
792
332
800
954
854
767
177
34
469
600
461
194
707
202
124
987
619
389
693
808
138
356
982
144
658
908
380
820
700
910
694
8
346
896
396
937
