0643
876
794
344
35
95
985
31
72
742
30
120
660
345
947
837
879
417
345
932
189
578
217
138
576
953
635
43
704
668
577
102
630
153
569
316
377
12
112
589
735
967
429
102
546
731
830
658
249
611
531
294
669
947
70
757
229
572
499
951
735
377
641
182
227
425
531
265
849
739
487
864
980
134
281
480
936
554
722
593
457
581
667
589
770
435
674
341
296
230
599
380
581
678
986
673
958
864
547
69
964
197
146
846
484
706
470
28
290
106
816
803
431
544
844
599
305
194
655
112
530
368
329
193
409
808
990
278
573
236
327
847
320
934
992
554
672
991
5
260
660
527
851
211
666
401
409
866
103
165
131
974
960
80
632
976
315
492
253
69
557
516
926
997
908
844
572
715
999
164
284
977
534
681
28
296
613
843
283
70
581
355
274
135
429
