0644
646
321
42
61
648
209
657
907
652
691
857
310
336
433
439
232
999
115
61
230
183
497
683
225
536
753
906
883
327
265
883
453
149
876
31
184
809
980
807
195
323
414
729
211
665
301
63
103
549
274
727
953
701
771
267
946
869
913
35
167
11
796
620
571
151
902
150
855
617
768
184
676
615
858
75
469
808
296
615
36
527
755
418
482
368
395
606
516
682
563
700
243
501
564
279
293
55
697
496
169
322
908
717
126
995
735
663
732
228
332
86
870
482
497
688
793
5
69
689
782
490
803
287
523
443
282
875
508
835
383
398
25
23
323
410
525
890
53
779
163
234
593
556
519
227
399
963
192
107
38
961
818
907
443
640
279
19
75
266
948
935
573
551
192
277
880
397
27
831
743
432
585
542
663
267
843
621
245
808
82
917
654
467
952
9
316
691
457
609
710
342
181
472
575
278
111
31
928
912
495
329
664
446
638
87
950
794
631
77
997
901
860
249
886
930
536
325
321
66
522
995
413
239
560
590
989
989
133
973
207
928
839
66
984
437
345
318
295
176
54
803
590
283
817
363
655
422
834
268
784
451
467
77
749
587
217
75
856
577
59
226
642
511
83
832
504
110
946
490
866
457
598
23
544
231
698
730
946
705
572
260
907
133
969
738
766
129
321
7
587
129
1000
1
293
636
677
602
243
253
195
626
916
971
345
622
427
757
857
326
576
921
385
711
560
609
847
646
694
388
723
671
212
468
86
352
827
278
230
620
122
745
353
17
33
158
617
466
29
733
599
215
380
142
979
586
648
34
931
877
270
527
291
277
321
564
740
990
747
115
432
688
3
227
339
18
373
245
684
348
375
410
895
438
390
535
302
468
512
313
693
525
895
440
302
220
99
257
893
979
615
328
397
699
82
246
755
296
661
693
752
597
766
919
281
717
73
883
178
262
317
539
739
668
243
818
550
982
939
503
460
693
924
46
243
824
807
138
390
564
281
403
533
67
419
926
390
60
983
306
319
332
437
55
759
568
186
533
820
867
793
172
655
750
620
168
88
464
16
25
444
692
959
937
871
919
270
130
328
23
858
821
95
82
277
978
895
962
999
804
787
255
604
506
68
223
973
241
