0645
191
512
265
743
710
805
874
151
26
400
374
872
884
197
559
292
631
727
597
719
312
7
582
829
538
632
731
478
403
778
908
814
966
782
196
86
188
145
569
448
286
315
294
939
118
56
188
298
799
123
114
122
623
673
194
944
265
59
959
623
363
148
177
386
658
340
618
461
644
380
962
58
509
12
994
584
331
699
11
971
302
441
381
795
157
43
261
649
827
87
693
658
862
825
695
594
366
316
859
968
200
455
228
992
150
415
481
21
86
685
758
528
605
28
945
798
133
774
146
868
132
530
727
60
148
555
745
403
67
665
343
594
270
344
579
828
384
288
940
648
339
870
399
321
458
214
493
827
505
855
783
7
456
813
332
704
260
298
494
439
898
201
780
279
842
492
938
119
3
164
720
522
835
902
980
655
686
724
114
176
262
849
505
892
651
4
347
558
640
430
51
655
378
836
849
259
935
675
77
216
421
388
730
916
321
178
455
136
543
142
537
769
80
28
75
113
342
902
472
342
266
853
579
168
859
703
569
375
530
217
619
229
910
512
851
160
215
482
541
175
105
82
325
574
190
646
818
146
340
791
900
148
955
740
738
489
990
854
798
624
273
332
963
521
193
906
383
786
807
104
807
846
414
880
535
73
580
576
59
703
399
920
58
95
745
