0646
230
926
957
39
500
724
645
840
928
513
530
188
699
454
120
988
181
542
479
331
722
486
118
640
387
675
221
836
151
122
324
91
515
991
454
771
793
839
364
568
47
692
835
941
105
297
184
549
682
378
115
15
485
516
910
357
330
783
329
656
661
48
492
193
816
858
497
33
293
587
430
982
171
137
92
517
331
656
213
327
330
522
323
576
450
276
592
185
913
188
243
894
503
471
445
31
77
375
241
410
965
975
278
924
93
454
581
582
209
758
427
570
14
724
687
630
790
109
155
125
708
205
159
216
91
402
587
860
544
625
269
835
331
292
9
342
131
396
131
549
584
119
25
