0647
431
647
320
989
649
135
155
868
735
934
882
591
117
584
198
220
9
671
680
136
708
672
992
927
719
429
290
794
187
766
68
366
86
811
734
179
815
812
603
154
743
5
89
432
347
910
592
4
209
378
345
92
571
795
796
548
616
61
775
430
717
983
415
785
322
569
702
462
767
971
717
964
129
336
783
739
818
106
429
954
838
43
350
302
252
417
696
562
556
275
564
510
758
106
846
199
763
674
634
868
970
94
197
937
524
698
348
88
220
486
299
821
269
488
201
689
342
547
176
516
200
324
250
320
827
845
522
466
446
438
365
147
313
259
570
987
887
334
388
529
739
20
804
397
555
177
930
355
604
373
324
665
880
931
466
12
695
170
293
248
656
980
170
405
239
464
492
652
714
306
191
22
781
239
100
899
171
145
344
910
856
274
745
28
974
123
89
521
861
899
683
949
648
726
725
76
591
728
559
549
617
214
789
158
573
45
927
466
641
211
922
800
292
282
854
494
304
688
908
398
380
820
680
266
430
513
511
681
81
268
516
212
198
611
190
213
82
432
643
820
579
593
798
49
451
657
469
594
824
45
708
643
87
126
44
200
863
65
255
475
385
541
124
76
113
72
510
186
107
561
806
71
21
606
139
201
333
352
634
380
627
134
307
256
563
86
911
78
945
704
403
862
438
877
928
165
84
940
488
283
922
538
877
297
292
879
679
406
153
223
204
7
184
560
693
376
120
89
497
223
54
893
771
762
946
587
539
339
424
718
723
54
123
152
396
244
193
346
617
714
668
472
315
669
890
270
180
603
446
578
370
820
406
926
713
518
112
365
416
404
571
953
963
504
802
533
894
429
331
929
576
572
226
720
884
228
319
196
403
111
269
137
269
682
387
716
549
902
103
911
576
864
657
808
531
531
114
639
345
747
943
86
480
113
139
873
829
905
973
312
192
848
344
103
948
7
85
515
917
68
721
69
684
327
693
61
296
906
102
867
266
371
224
449
193
845
884
18
802
168
167
460
71
254
308
937
880
921
775
598
850
765
969
75
845
308
97
959
846
850
148
313
892
267
285
456
559
929
171
153
286
238
392
633
40
425
177
206
711
500
558
630
802
434
348
648
454
564
875
889
868
