0648
502
396
889
661
476
33
238
921
786
505
969
381
754
196
883
33
304
752
674
41
57
469
932
356
381
895
258
227
347
28
337
400
95
597
420
681
887
329
273
666
848
56
419
692
360
470
681
251
859
983
976
605
564
308
987
644
449
184
259
949
356
93
617
728
807
296
733
593
678
701
893
185
282
295
525
650
564
987
416
774
431
100
812
380
335
207
483
211
584
50
642
300
489
436
445
169
849
9
787
908
156
288
161
30
192
926
310
578
3
867
963
218
778
548
427
904
912
933
991
12
285
610
242
387
251
752
308
145
669
800
353
371
110
854
449
635
63
821
1000
821
789
920
50
292
432
95
123
523
618
954
386
647
548
860
801
908
310
924
938
31
181
763
46
444
142
661
806
931
657
595
388
910
412
78
322
570
491
31
134
854
711
347
673
648
710
303
447
467
192
805
720
540
218
750
497
577
870
859
403
501
178
879
625
541
126
309
505
771
380
876
824
451
433
88
558
9
774
582
732
526
684
327
155
506
439
398
988
214
36
642
981
38
901
314
740
533
177
701
217
416
114
993
144
492
413
645
90
285
971
452
644
200
406
144
628
774
373
184
632
686
99
301
543
728
729
498
205
295
843
395
533
129
420
947
754
200
660
748
111
669
704
966
518
936
603
637
267
94
989
137
788
556
70
873
807
887
733
274
181
920
448
405
267
138
110
259
865
1000
997
471
429
440
654
658
883
198
724
658
239
181
878
620
494
541
377
651
550
258
67
976
485
825
16
100
832
408
102
767
902
276
886
373
366
319
785
775
83
716
750
770
522
66
922
6
269
371
730
649
246
904
507
428
480
8
613
717
741
233
624
344
461
739
858
615
3
644
560
616
851
627
989
378
486
630
