0649
428
617
577
996
449
65
744
515
286
561
263
923
559
936
199
260
529
110
458
223
994
319
141
683
630
943
909
99
881
62
566
742
231
724
332
408
300
19
62
742
917
881
791
44
417
600
921
117
328
368
88
613
271
653
435
415
52
835
547
705
314
104
240
287
147
462
303
239
848
403
737
965
885
294
857
700
722
129
345
667
210
383
614
546
513
33
106
194
648
650
49
932
470
736
952
696
874
842
621
562
518
163
624
808
213
887
156
761
325
208
351
652
166
404
369
89
394
621
64
845
937
936
929
390
906
500
14
22
972
886
967
570
75
124
962
244
732
234
261
433
564
100
765
261
500
443
903
785
699
307
382
886
553
41
751
863
915
208
947
478
504
152
368
897
333
997
313
580
271
160
188
701
