0650
360
774
105
878
252
387
108
674
673
323
791
834
408
682
67
962
214
533
613
722
428
624
743
341
262
531
969
730
914
721
3
725
162
816
796
804
927
997
223
301
346
105
242
786
677
761
727
134
405
712
876
865
648
522
174
141
117
30
240
768
758
318
38
881
960
355
532
663
546
785
939
621
784
992
11
508
652
330
464
145
821
226
101
509
976
123
347
840
763
486
953
703
213
446
265
807
62
984
449
528
245
563
461
878
469
262
917
487
233
639
179
111
550
214
948
880
799
207
689
899
958
989
531
349
492
353
280
278
401
339
757
778
667
101
881
793
737
517
953
