0651
617
288
477
885
316
943
900
135
842
169
680
412
806
679
301
6
809
803
473
314
179
866
144
429
327
464
845
421
512
1000
220
19
900
898
835
912
901
477
933
828
295
446
211
879
944
46
197
554
13
475
178
243
815
269
639
785
385
522
355
810
763
657
750
759
834
724
681
23
551
209
502
680
645
123
188
30
39
347
761
847
897
100
975
222
876
356
41
818
483
484
28
105
406
707
568
660
360
357
522
518
960
614
629
758
309
911
749
266
397
440
754
385
571
104
45
530
628
526
104
590
973
597
117
201
177
210
97
681
190
360
832
253
828
753
262
402
719
76
655
492
