0652
138
535
613
773
2
159
199
865
597
580
87
908
343
525
661
684
910
777
480
822
473
470
806
887
460
384
986
497
657
75
569
316
331
839
162
505
752
648
7
887
498
142
453
466
363
124
323
317
822
885
776
31
29
839
712
852
643
178
300
79
986
749
551
52
240
58
382
552
481
325
312
765
141
947
140
510
361
745
577
415
637
430
470
750
339
33
792
588
254
835
369
392
201
614
588
871
426
151
467
172
432
690
482
449
653
747
955
107
757
479
815
163
676
787
590
422
643
935
982
154
692
976
389
900
265
352
129
426
448
845
749
983
355
270
828
404
458
909
610
212
267
978
463
467
853
485
398
321
295
256
943
931
930
542
230
831
94
525
313
376
632
173
448
923
112
841
504
667
67
105
34
718
981
756
764
360
675
666
102
936
697
172
838
342
338
560
453
755
114
691
148
542
545
932
33
90
72
190
993
975
974
282
174
225
984
969
949
619
798
402
35
214
498
228
868
700
975
112
721
934
71
698
288
805
197
83
158
30
217
598
230
786
625
676
944
335
121
465
339
154
918
96
507
937
183
341
25
82
148
386
859
106
566
590
619
211
337
676
121
678
371
357
187
165
113
843
131
295
785
847
70
623
238
417
517
989
76
82
922
776
717
204
575
710
611
445
317
949
377
840
269
319
601
141
259
872
858
773
175
280
756
950
854
422
113
35
702
218
498
896
976
816
684
262
188
184
829
103
351
518
171
89
370
215
34
167
443
472
442
504
556
450
111
688
633
622
267
569
417
294
927
784
684
579
957
832
837
856
969
41
562
290
600
345
455
337
448
837
942
112
803
536
175
621
966
21
480
198
180
762
614
213
383
337
640
730
205
99
133
598
89
295
585
722
216
466
223
388
218
323
139
455
593
530
187
450
826
666
532
670
697
590
396
665
468
125
234
238
400
908
966
982
565
767
479
795
123
794
225
534
425
179
279
668
325
886
439
615
983
879
473
488
687
118
434
371
682
90
309
185
865
781
958
946
813
376
527
6
24
690
655
178
999
577
41
747
863
917
277
638
235
9
408
418
573
530
185
651
647
655
875
872
481
148
102
675
256
164
820
870
772
824
91
333
173
533
