0653
398
604
28
164
233
510
310
400
991
950
40
496
449
182
865
681
967
297
795
543
372
830
660
46
769
892
236
873
590
209
400
886
575
787
477
749
987
169
535
233
257
790
435
320
487
167
329
973
240
34
135
393
287
256
143
106
652
593
931
621
614
845
292
363
379
104
9
953
476
193
924
817
512
431
790
855
619
438
755
96
840
195
298
20
159
535
348
635
509
319
372
739
696
850
951
81
577
698
650
503
122
663
183
664
75
463
334
677
985
530
78
605
603
269
733
7
23
885
6
724
186
354
194
894
842
561
527
217
304
603
25
323
552
816
596
783
64
852
93
967
847
169
936
309
474
980
878
788
467
786
258
149
340
788
689
615
432
111
984
681
693
154
149
912
818
675
889
521
718
559
604
13
433
226
337
833
896
476
687
553
701
976
411
892
698
661
124
427
926
582
856
49
885
986
563
678
867
910
206
665
498
421
779
950
190
280
442
521
