0654
797
394
779
915
725
763
391
402
378
68
372
100
910
750
3
154
964
306
88
295
17
690
713
64
964
33
588
217
750
388
345
268
71
847
496
865
276
16
68
840
802
178
113
138
657
354
427
84
542
463
262
271
101
910
314
45
363
215
846
41
828
797
338
77
925
507
896
500
655
537
607
737
2
858
861
835
598
443
103
23
529
612
571
767
799
655
851
890
854
290
575
176
311
223
22
797
160
598
23
947
765
702
965
980
669
17
292
508
253
783
570
623
844
654
948
131
68
887
434
391
181
40
937
342
141
940
226
935
128
95
10
153
888
703
863
540
