0655
945
298
45
444
68
795
125
435
86
725
677
950
891
615
124
519
558
769
26
147
18
691
993
531
934
625
206
188
111
491
315
769
586
213
718
69
410
499
936
37
634
59
458
98
696
3
230
154
218
40
427
602
530
505
559
923
127
325
126
843
207
125
19
398
736
312
845
631
688
771
395
256
535
550
554
153
681
342
840
942
601
643
594
825
942
979
841
131
599
208
91
954
932
107
106
797
823
570
185
593
957
165
525
181
764
161
227
872
147
129
989
335
947
178
547
230
352
685
966
500
717
100
912
864
987
404
411
494
854
83
836
96
397
308
546
232
656
466
120
645
249
185
727
562
340
461
181
361
571
89
533
529
649
765
12
669
194
208
26
151
380
516
654
381
151
215
207
880
424
519
739
705
599
817
722
461
53
439
250
590
873
610
707
726
998
182
506
280
14
754
856
384
865
293
392
677
795
214
926
932
523
138
349
117
410
116
361
487
605
883
159
329
822
520
285
880
778
267
740
440
549
385
301
756
168
49
864
247
252
164
904
453
676
471
218
261
770
340
975
669
478
513
423
952
943
875
788
146
694
394
146
660
107
727
932
550
70
43
342
373
422
892
230
21
963
996
545
16
561
418
65
971
530
860
324
577
718
782
326
33
89
806
170
829
213
645
50
266
829
316
344
327
242
880
55
907
280
219
918
51
18
716
393
916
404
27
474
270
84
370
636
967
388
889
664
733
162
909
705
324
698
935
802
121
472
569
641
634
535
853
836
877
851
349
754
865
856
447
958
810
757
78
300
211
520
257
266
648
111
639
30
242
692
576
946
710
572
982
472
742
743
118
730
145
972
8
955
905
956
522
762
200
590
839
612
457
813
591
80
595
67
396
579
287
991
236
