0656
746
229
970
668
393
230
299
328
731
577
164
530
797
455
158
548
156
886
814
793
281
50
446
233
234
505
369
166
167
894
125
439
934
410
327
621
186
965
165
548
912
283
594
802
755
937
491
976
23
341
242
330
346
343
891
411
7
512
11
868
469
28
959
1000
780
645
816
337
995
859
289
932
821
329
518
724
826
886
481
898
214
374
57
987
942
712
938
953
389
923
956
369
890
640
104
180
629
366
234
262
73
572
882
657
861
396
397
849
134
516
848
840
371
658
798
797
425
822
95
231
228
810
666
768
386
465
57
427
815
622
954
883
66
783
113
574
813
656
59
512
378
293
720
789
35
37
392
526
275
855
714
106
338
303
237
902
114
293
813
294
568
981
797
191
32
504
372
32
938
456
522
555
168
110
589
634
949
230
663
972
621
698
695
856
783
794
474
397
206
280
97
91
901
435
519
