0657
275
393
376
546
919
813
986
157
482
357
715
980
574
421
726
203
180
997
567
576
892
778
782
516
290
364
8
732
783
631
371
942
401
363
370
726
536
819
273
861
22
576
566
765
291
644
818
553
332
199
640
210
13
520
512
252
846
964
93
818
689
212
612
902
569
473
386
529
855
764
904
32
633
433
940
574
134
690
778
801
666
510
320
650
651
739
794
342
209
487
308
1000
260
898
287
481
90
150
703
578
145
842
639
403
953
464
285
660
261
312
362
654
510
723
487
340
629
371
156
166
261
616
860
481
952
950
286
809
125
970
364
782
13
28
802
893
687
127
182
37
401
697
983
969
582
67
329
458
276
603
198
788
859
332
380
901
970
578
428
115
771
797
465
11
108
263
512
31
579
26
510
591
810
59
84
835
478
313
837
111
862
808
331
492
671
454
125
271
820
220
943
915
236
