0658
570
920
368
21
542
285
205
159
999
143
5
728
886
856
366
793
544
333
370
806
316
808
526
937
195
71
894
384
662
35
81
710
810
96
890
535
958
277
594
190
249
412
843
994
344
322
650
437
530
586
449
698
837
15
486
535
53
109
908
822
509
817
123
679
662
177
154
198
793
453
692
254
607
424
190
754
463
567
519
674
830
936
339
610
664
286
944
887
715
670
853
530
163
15
819
503
151
688
260
693
470
499
388
21
816
220
371
675
407
612
380
544
301
656
987
94
780
879
328
835
318
54
352
120
48
999
502
78
214
65
735
956
13
418
398
42
181
606
84
185
107
147
145
350
596
217
963
3
105
986
244
161
770
394
204
237
250
639
592
727
96
859
419
694
885
365
870
266
947
235
764
126
622
435
583
821
948
566
705
642
956
549
771
250
741
356
881
754
636
691
230
624
984
23
809
147
164
662
827
110
551
554
327
123
33
392
464
8
202
705
47
801
766
949
98
605
370
719
192
563
712
703
789
212
610
640
85
140
796
492
744
1
808
918
37
426
194
120
271
476
923
940
360
692
205
468
311
313
377
497
