0659
684
157
971
736
491
529
843
7
406
281
698
671
734
722
782
610
273
694
527
486
437
923
310
761
245
106
633
788
504
760
431
616
257
711
372
972
440
286
248
658
14
33
268
959
584
770
472
755
953
823
572
94
497
653
861
414
312
515
806
144
674
755
823
802
153
492
894
484
277
897
130
276
608
939
256
9
562
388
568
569
711
652
894
112
372
488
992
771
927
386
735
176
747
48
437
845
321
183
279
611
230
919
120
522
420
317
117
247
102
466
550
47
325
976
767
40
812
55
984
939
825
678
926
314
354
559
470
811
396
531
745
423
87
251
808
199
272
123
38
64
676
665
645
326
37
625
136
582
758
480
82
261
686
216
606
172
992
709
363
599
173
427
780
748
740
327
178
809
125
931
301
357
558
65
153
844
620
757
58
441
318
799
425
134
126
662
102
608
433
233
965
500
964
906
867
828
968
128
920
965
931
893
494
88
554
201
59
782
254
562
869
735
512
168
5
612
106
437
161
128
523
336
596
820
977
598
618
131
783
147
674
674
923
515
412
627
746
581
483
393
704
307
261
65
621
962
122
351
680
984
244
274
643
446
454
699
273
255
199
710
185
220
109
601
260
100
470
957
845
77
888
381
753
804
330
442
602
881
937
897
16
501
356
657
416
214
482
110
423
789
75
193
653
985
705
915
720
731
126
897
34
695
230
392
35
666
502
838
970
298
14
200
207
792
449
858
823
884
809
27
803
883
483
6
319
519
826
713
662
888
774
730
167
632
129
302
408
590
783
766
962
657
321
642
318
211
110
384
283
961
651
482
715
591
874
644
587
44
193
466
1
532
689
575
591
494
439
168
114
575
448
897
632
781
199
74
121
557
275
831
569
790
609
282
793
588
522
990
784
108
527
666
34
723
944
430
181
812
547
714
995
541
856
768
108
811
372
502
239
64
540
13
643
554
865
297
442
212
805
86
125
261
370
99
988
234
486
931
567
161
263
526
146
351
920
229
908
968
737
447
281
32
984
711
159
843
417
710
682
67
723
513
471
178
322
236
770
724
240
341
558
198
118
590
22
783
94
819
309
483
172
9
741
