0660
732
714
682
128
424
245
581
929
336
610
887
710
556
952
517
907
636
109
29
474
930
777
740
926
785
638
447
632
322
672
535
167
339
720
120
34
133
54
538
103
876
955
393
291
296
727
248
459
999
380
681
983
189
936
3
111
11
65
589
276
263
26
672
950
739
679
542
176
799
769
653
597
357
594
647
695
776
5
580
856
226
671
883
740
91
139
495
227
96
889
12
163
714
523
775
108
859
438
887
586
51
345
550
145
100
258
615
558
436
65
706
891
313
894
266
245
611
907
282
665
485
585
877
561
279
174
477
671
971
319
661
938
413
759
446
591
464
915
438
477
838
332
536
721
254
107
986
17
561
680
539
142
811
83
247
349
921
543
148
686
760
948
524
76
674
776
773
345
365
787
516
179
256
441
515
56
262
579
411
421
497
538
263
819
591
828
480
11
676
578
192
609
698
175
679
289
17
641
940
426
444
325
993
823
184
674
177
704
246
334
471
114
56
836
719
772
246
266
62
172
152
67
893
923
75
583
964
424
756
854
300
353
250
296
285
459
390
726
948
690
481
205
345
354
841
943
544
502
454
452
306
13
782
774
379
282
32
628
735
284
884
168
889
27
263
4
484
263
264
785
990
871
544
273
528
119
205
895
211
850
743
544
389
56
790
465
150
605
442
649
739
314
169
586
10
743
371
683
487
807
83
599
69
462
639
523
605
204
193
296
498
463
76
341
847
798
855
164
389
556
826
724
856
16
174
671
918
325
66
575
731
465
608
83
915
511
475
816
762
74
765
698
20
547
880
337
282
391
453
124
855
20
34
533
497
711
243
963
818
440
881
475
276
52
954
941
241
905
934
140
182
360
27
402
141
572
332
314
617
426
762
779
388
294
642
151
632
995
736
762
188
776
609
556
1
894
417
726
805
780
462
100
425
