0661
404
579
302
820
993
820
58
985
61
716
808
547
596
300
495
762
986
476
150
702
996
198
289
298
410
221
904
485
788
297
82
489
519
520
710
216
616
462
677
663
645
5
236
423
103
709
195
347
725
62
494
134
302
955
202
174
517
928
101
541
985
971
468
193
468
912
159
365
938
774
682
924
172
990
443
192
892
832
837
600
187
741
251
617
327
544
11
714
632
191
495
947
32
818
710
118
289
48
20
424
584
170
569
828
197
505
582
722
511
159
17
527
832
206
297
55
468
110
50
56
655
86
625
286
57
215
575
786
151
737
247
572
860
172
344
52
347
919
73
420
773
580
198
874
58
609
973
215
80
960
69
396
176
474
525
311
123
400
746
85
503
660
241
915
645
7
784
634
691
897
531
416
698
175
927
838
374
543
554
721
831
696
244
466
274
911
974
983
421
109
39
400
268
58
632
529
98
686
348
431
190
309
359
519
967
202
834
571
721
6
282
886
185
472
223
514
495
556
399
81
800
658
309
716
305
27
194
857
210
606
65
499
615
927
38
834
933
702
493
259
365
