0662
589
482
548
431
188
151
91
876
905
584
583
276
39
159
546
923
403
134
629
779
403
264
689
851
221
684
772
454
714
325
625
59
600
490
632
848
850
183
599
978
63
417
315
513
405
141
963
720
695
346
350
731
301
656
827
188
638
565
641
261
572
889
450
523
686
120
940
886
640
899
280
166
473
688
411
986
336
556
719
679
61
541
162
689
64
307
749
997
313
572
270
958
198
351
170
68
856
422
223
212
371
894
554
3
712
273
152
104
295
198
761
23
211
745
656
435
506
400
527
425
194
767
465
662
632
57
45
842
48
655
107
574
331
199
12
650
183
925
742
644
300
982
876
276
652
474
936
662
890
137
559
348
895
193
385
329
