0663
291
315
508
562
591
552
248
615
367
678
189
498
98
78
606
226
373
960
53
177
802
643
97
324
637
326
754
816
187
805
788
253
406
686
281
865
515
601
824
109
739
90
922
189
312
423
681
600
704
335
872
665
18
973
693
789
353
576
725
562
769
635
504
340
712
761
420
159
717
444
962
451
90
369
93
958
700
951
943
97
374
8
36
753
60
146
873
44
774
437
160
845
191
902
812
732
109
393
150
47
656
282
177
848
616
279
426
243
257
631
180
32
196
404
517
761
459
996
387
682
151
438
855
714
23
660
830
812
259
40
217
39
334
583
694
216
515
355
975
212
209
978
926
503
703
80
81
144
384
886
971
576
207
975
686
601
479
328
789
438
927
435
130
286
189
410
790
437
10
908
449
528
476
670
266
211
513
886
352
224
584
493
884
721
61
453
347
466
552
901
108
127
724
506
726
440
455
170
964
386
490
294
186
579
731
785
271
705
675
199
764
545
190
430
777
63
689
67
147
634
384
17
725
761
470
636
674
35
176
442
721
793
622
218
642
37
8
530
663
584
591
853
618
628
492
570
797
918
991
233
274
271
288
201
603
473
325
955
645
11
858
4
794
551
822
678
775
149
661
963
343
264
459
245
360
850
476
825
783
643
171
419
