0664
489
779
567
367
589
663
188
516
971
995
830
999
869
313
684
260
822
708
807
612
648
682
587
358
309
853
789
698
555
76
748
229
846
757
297
812
848
167
879
755
60
375
281
701
934
259
73
235
21
106
967
515
343
550
86
637
696
147
321
317
469
512
738
166
603
476
118
895
137
648
361
166
504
975
542
56
764
432
343
524
931
280
171
259
693
502
634
338
857
605
521
33
756
42
44
319
62
206
736
779
655
157
196
62
926
199
679
735
775
490
48
618
574
92
675
366
446
837
212
796
499
130
584
838
294
522
20
558
445
761
593
380
713
437
835
721
250
338
591
952
31
947
431
789
462
547
269
192
676
693
180
279
897
510
167
369
781
587
381
177
168
906
53
455
282
341
810
130
959
70
768
651
85
46
526
226
794
135
331
422
630
712
876
564
928
32
981
195
128
149
474
284
992
835
717
545
657
932
690
389
205
192
498
445
208
24
708
333
803
207
138
144
513
653
729
711
137
973
887
901
945
285
817
956
757
918
418
440
344
183
874
756
595
28
328
516
572
608
424
681
359
372
28
100
506
101
724
877
937
385
758
738
532
526
831
563
577
419
414
212
105
619
873
340
408
810
930
813
774
455
170
568
179
803
939
311
6
833
186
546
438
88
832
874
435
400
437
97
284
508
954
724
975
906
396
466
391
271
613
5
432
660
115
325
912
123
2
533
208
341
612
418
207
140
630
163
508
811
395
215
525
811
403
845
260
403
551
895
59
987
224
250
201
705
328
356
294
880
473
164
