0665
866
624
529
875
551
790
14
328
186
161
28
642
477
21
60
500
957
292
311
803
285
203
801
156
250
70
69
481
731
450
214
210
367
456
703
577
352
257
661
734
975
110
84
402
769
890
856
697
464
41
388
237
237
875
923
732
713
106
555
330
775
658
247
614
685
561
499
505
440
343
88
359
745
714
726
708
142
983
456
974
619
199
952
399
586
440
8
481
492
694
58
72
38
236
706
815
281
219
496
696
499
79
828
49
293
121
464
777
421
564
524
944
374
94
800
317
772
771
751
423
33
433
98
952
657
514
521
332
298
563
79
371
370
219
677
48
824
56
950
862
947
291
78
961
19
850
318
526
806
25
869
939
595
81
933
618
828
518
98
349
778
578
800
798
15
989
160
715
756
207
942
756
267
617
253
141
830
950
31
173
288
188
369
937
204
438
488
519
779
86
728
428
524
535
431
376
972
902
943
507
929
890
866
528
117
224
805
912
482
421
678
919
265
230
632
732
655
25
98
766
32
61
915
369
637
367
384
364
322
864
530
732
612
692
920
612
513
6
154
829
803
703
20
158
637
813
562
975
921
432
632
472
35
303
521
148
34
248
958
679
401
636
154
931
467
451
762
755
366
161
550
217
198
904
246
218
17
498
233
249
183
644
541
853
666
929
875
729
646
796
323
158
871
258
318
856
677
869
141
15
3
223
75
92
517
396
280
2
386
464
298
929
516
480
972
543
738
735
52
207
830
822
664
101
995
94
24
515
402
313
169
8
673
737
35
367
518
679
350
555
39
444
961
479
181
722
748
224
575
83
429
919
995
771
322
826
332
797
720
991
793
853
136
97
521
668
9
335
834
249
242
819
269
682
507
758
823
859
383
92
60
200
29
103
275
587
349
554
21
734
82
982
754
793
474
