0666
888
149
861
455
166
178
426
335
405
757
766
373
28
979
844
840
379
674
980
317
83
289
989
956
258
659
208
259
490
589
427
932
455
256
202
486
695
330
232
74
540
825
536
996
713
413
966
318
913
950
491
503
313
880
931
631
663
365
778
720
329
518
743
595
32
577
804
492
413
242
222
828
200
848
6
639
793
405
509
390
712
866
960
846
493
465
201
968
339
935
251
362
716
700
862
218
57
916
94
963
879
344
718
258
887
182
540
768
289
61
853
848
888
197
184
26
787
847
207
343
699
342
908
43
385
816
41
318
635
211
701
243
193
622
734
731
520
817
364
746
527
303
106
198
239
254
269
842
886
714
656
84
35
201
321
189
413
503
