0667
112
515
78
54
269
71
504
385
100
771
840
64
338
407
296
934
33
208
407
791
191
88
263
67
813
592
445
714
643
322
844
573
191
475
912
218
667
323
121
803
878
858
730
852
382
624
55
474
893
471
567
50
815
889
221
834
286
18
758
455
457
949
744
251
157
915
533
953
488
844
529
608
104
693
594
494
331
361
333
969
921
337
405
984
170
233
194
683
231
390
414
490
953
689
676
545
532
328
285
759
711
539
209
617
351
708
754
851
137
379
171
226
601
680
609
174
403
906
681
440
395
428
254
380
959
591
401
348
51
659
971
12
365
246
217
409
643
488
621
498
197
410
