0668
413
138
709
575
929
99
650
336
791
109
765
968
414
707
6
186
506
450
996
83
40
706
995
825
210
945
202
3
441
917
149
315
257
377
986
560
395
728
66
426
807
724
210
784
110
417
535
271
264
522
901
154
480
24
760
582
172
125
636
951
197
556
586
719
685
602
47
980
60
921
726
267
371
197
63
732
84
550
156
117
13
522
18
81
32
975
186
339
792
126
304
967
553
695
973
321
206
965
75
479
559
546
670
64
23
18
278
376
475
767
598
743
280
899
130
645
981
341
336
639
534
414
585
411
189
959
752
414
639
166
97
287
17
1
961
409
800
125
543
835
898
852
955
851
390
227
694
372
333
132
886
154
984
133
405
15
285
461
946
580
296
517
559
260
419
690
509
871
880
114
689
549
628
182
418
110
821
679
541
184
814
158
829
736
269
423
400
901
396
203
782
636
705
143
774
83
384
734
244
396
876
488
734
592
846
248
519
64
620
475
942
15
32
539
528
779
880
221
295
376
919
28
6
685
163
