0669
755
776
282
568
658
910
349
983
401
395
325
821
254
576
667
345
486
861
782
358
293
406
29
550
871
30
832
406
775
348
271
156
871
665
671
591
12
153
824
496
131
92
22
484
71
101
508
705
198
4
207
905
5
684
231
315
602
871
28
519
167
556
334
98
424
26
93
933
796
176
975
955
44
358
17
910
829
762
881
219
273
654
18
992
312
533
696
984
787
153
734
713
298
466
378
594
381
904
331
632
690
415
922
115
937
317
113
102
857
980
438
46
915
649
104
593
816
478
163
260
92
657
251
742
866
561
953
781
259
721
844
793
250
147
388
170
154
139
803
938
445
216
725
59
861
165
332
536
389
966
984
991
959
125
946
9
154
290
469
318
157
570
545
774
37
936
765
547
901
196
169
405
787
914
688
933
695
293
872
398
881
654
189
395
68
35
66
328
371
491
746
376
293
233
919
470
832
910
367
580
520
879
69
190
127
999
692
567
628
501
982
392
966
611
877
335
938
661
101
809
50
824
49
765
362
791
721
723
684
34
774
265
827
514
240
388
594
199
405
564
780
326
507
662
406
300
188
743
350
827
776
805
213
83
836
520
613
905
428
1
930
307
930
728
712
137
25
711
312
239
415
383
258
357
607
662
876
41
103
850
421
750
340
748
951
926
971
933
366
45
909
193
883
117
924
798
555
991
145
619
413
325
301
155
613
925
976
53
107
