0670
895
623
403
510
617
664
723
333
948
838
351
381
742
907
37
446
154
189
455
349
158
5
564
851
663
426
10
320
961
710
667
962
101
588
261
718
695
323
674
593
294
381
35
355
694
633
992
246
788
1
624
127
542
746
590
9
349
356
423
485
365
525
709
316
94
287
188
830
703
705
301
431
907
137
672
168
440
877
158
521
175
953
271
475
841
689
348
162
52
126
610
454
20
370
319
411
265
536
333
231
28
509
981
946
849
317
890
333
333
251
747
489
318
20
494
491
341
22
142
537
447
243
540
346
88
31
857
256
632
896
162
973
836
38
700
896
516
216
218
369
493
741
573
413
147
709
83
225
492
984
785
885
