0671
21
798
801
113
905
289
396
423
779
246
924
102
103
179
496
362
868
16
433
987
938
327
124
279
424
787
467
159
677
585
735
240
763
411
720
945
41
293
139
235
217
725
576
276
993
534
791
247
698
140
591
698
470
876
180
608
283
251
216
119
115
158
9
538
22
876
990
196
437
834
217
844
688
902
665
236
168
66
612
287
99
314
52
701
829
687
842
62
373
337
589
714
579
24
189
605
875
951
507
285
297
302
848
64
587
694
673
947
185
986
538
28
974
281
447
186
499
518
987
342
119
707
342
522
76
815
32
460
982
25
822
207
890
218
232
392
129
224
994
284
546
475
349
297
764
573
351
978
753
940
645
88
814
373
287
120
101
429
625
985
593
694
573
548
732
274
169
267
545
361
883
937
71
314
938
674
367
467
98
417
444
496
750
904
858
692
610
706
80
118
461
992
48
808
51
250
176
354
980
320
63
365
158
241
