0672
132
172
591
961
197
478
789
225
908
816
740
34
386
968
1000
334
614
774
942
449
166
550
897
520
203
809
275
831
436
183
964
420
47
449
110
883
370
211
4
398
820
339
308
444
570
380
486
518
784
455
97
879
725
867
698
109
910
755
643
485
619
992
429
97
331
888
614
382
129
170
68
483
447
611
142
443
430
682
900
902
156
135
320
289
810
783
915
806
113
943
111
318
428
995
59
411
201
780
259
715
802
289
865
934
355
813
659
770
598
988
670
332
393
599
895
799
427
572
323
536
633
452
533
85
1000
379
755
684
127
714
150
289
484
534
618
441
799
622
149
603
591
780
993
304
659
752
429
568
546
351
709
87
296
748
770
779
541
556
539
411
459
139
440
576
173
761
817
711
733
300
10
440
404
199
734
318
332
944
651
534
910
134
394
604
487
880
591
370
21
295
838
12
758
206
992
926
715
277
168
684
96
318
40
283
675
227
455
191
850
133
585
818
231
974
428
389
410
493
895
451
882
247
651
385
679
100
535
439
465
897
995
671
580
625
223
640
620
277
140
838
185
982
61
381
40
919
753
137
48
841
884
458
544
248
857
107
673
390
39
824
59
92
929
804
38
42
609
544
533
253
726
857
592
159
884
93
63
891
32
35
527
322
76
20
710
414
214
376
31
583
377
877
272
799
344
260
555
205
33
14
616
503
566
770
993
77
142
29
5
282
850
625
904
11
79
667
841
648
945
204
73
35
340
675
577
806
186
889
920
125
780
471
593
831
829
982
401
739
222
849
201
862
391
107
149
767
66
527
123
412
572
894
402
