0673
238
200
673
945
598
789
104
732
311
870
347
52
811
14
450
390
899
867
203
315
647
898
387
415
267
722
963
781
178
685
538
831
454
208
101
624
255
82
518
691
301
791
556
62
794
517
439
227
719
464
994
131
89
897
520
501
77
182
17
817
62
909
847
268
692
413
812
766
897
394
426
158
45
702
587
748
323
841
863
489
367
275
497
920
577
847
326
58
407
566
851
674
134
592
120
612
87
324
963
980
869
355
647
510
980
187
23
806
880
747
265
362
715
735
515
868
735
546
281
294
391
675
456
946
652
118
148
118
599
899
139
805
68
764
864
649
267
814
818
510
383
37
530
775
287
437
612
285
666
940
804
760
170
82
567
159
282
881
561
87
556
495
225
687
33
362
192
840
127
397
570
874
209
711
721
519
694
155
945
239
412
397
732
82
260
67
544
734
156
799
