0674
499
491
113
25
508
619
454
894
880
783
188
541
482
253
904
155
358
709
580
16
549
560
667
4
952
543
934
794
1
895
358
922
988
450
683
171
196
750
568
655
714
155
621
401
133
470
955
139
229
234
278
744
438
497
760
30
355
380
34
131
175
231
642
50
69
421
533
319
505
6
496
926
780
176
382
525
579
103
629
820
887
949
24
110
448
581
775
933
145
627
60
990
937
192
17
166
498
670
585
86
62
284
993
428
597
343
156
277
34
961
185
325
598
403
242
683
584
26
448
699
871
869
593
251
99
439
35
158
679
321
941
108
918
844
608
568
45
126
600
755
344
619
145
863
582
740
35
476
20
622
550
378
629
760
105
857
969
680
678
181
855
767
274
852
816
566
428
526
91
641
853
798
143
94
626
877
84
97
537
255
832
592
541
432
456
461
63
5
988
184
339
924
268
50
115
988
878
656
531
860
915
884
255
694
396
406
941
883
957
900
633
183
898
468
74
168
788
395
658
90
842
937
965
848
580
137
323
759
862
176
827
763
876
637
