0675
89
9
917
491
991
453
165
5
9
77
76
186
22
995
910
689
296
520
889
756
814
266
478
655
778
395
18
442
85
228
953
26
651
572
839
99
612
562
310
262
821
492
972
191
827
743
439
55
49
191
142
254
426
600
351
666
944
115
897
995
522
890
855
854
327
387
154
918
511
269
698
865
689
990
777
282
97
122
669
256
471
718
543
167
529
543
498
512
213
714
546
295
341
399
732
714
89
756
265
242
263
495
532
953
722
528
61
290
645
625
99
811
682
497
26
32
84
619
913
691
84
145
119
793
460
978
753
323
293
219
742
48
304
175
644
184
208
736
254
862
353
208
239
912
269
572
58
346
178
731
635
382
324
601
873
705
289
459
532
5
44
33
995
374
518
165
140
50
808
85
390
696
435
558
96
376
964
802
9
428
709
457
68
257
945
280
982
865
782
190
400
429
256
697
979
565
99
159
933
528
17
275
838
374
59
253
85
786
54
473
707
274
692
880
801
317
279
306
494
437
59
9
304
497
363
39
808
298
57
651
782
702
128
709
471
960
812
965
444
255
512
303
211
88
844
857
512
643
158
565
527
850
61
652
239
831
827
701
987
300
845
747
756
411
521
386
424
721
169
700
246
449
924
277
647
118
106
121
412
941
270
553
5
986
20
648
896
113
274
171
31
895
489
911
377
4
857
961
961
606
406
668
667
473
536
16
29
811
356
785
950
247
703
705
83
680
70
716
444
548
528
79
908
399
97
720
74
387
462
707
157
910
448
310
892
58
233
239
735
197
438
101
154
251
489
380
264
156
384
547
37
296
375
587
604
165
95
93
372
802
520
954
188
48
905
985
756
565
706
635
335
621
293
128
766
141
552
754
529
128
536
660
566
27
99
26
613
392
181
891
195
661
522
39
84
51
581
153
634
920
534
990
81
630
70
629
711
901
717
97
917
291
115
412
291
782
812
749
418
593
633
375
586
894
497
236
255
130
813
278
479
651
721
148
80
56
49
607
990
989
80
306
272
662
873
589
540
942
701
11
834
378
513
757
488
611
149
919
862
376
548
120
789
51
499
56
521
129
416
601
483
410
828
624
429
254
782
225
529
865
