0676
477
62
268
600
177
757
824
649
404
887
669
351
123
309
533
904
802
358
698
15
601
985
642
190
4
97
177
788
805
52
942
262
724
655
953
697
386
637
102
768
652
811
291
619
920
65
922
95
877
746
615
390
188
75
700
28
204
841
833
117
628
725
393
532
644
5
337
251
601
291
754
858
588
191
328
350
750
373
58
902
570
578
88
466
855
218
61
171
158
554
256
875
251
556
631
359
780
740
875
101
588
574
557
448
757
186
12
688
596
43
593
307
379
280
912
295
782
257
335
863
880
671
629
578
229
98
85
981
49
492
142
757
436
