0677
433
564
683
10
724
291
467
118
802
744
251
932
377
471
807
123
180
264
222
206
85
829
347
875
935
197
406
226
473
64
671
387
565
428
117
9
389
589
224
3
597
417
538
127
811
965
235
296
450
257
699
551
372
458
488
303
418
480
164
491
890
883
659
787
168
561
382
108
780
381
615
892
664
957
5
17
39
551
183
108
31
235
335
923
505
836
47
594
720
776
868
479
70
53
389
787
651
872
317
871
868
824
901
526
259
289
586
848
820
74
45
798
475
70
149
347
464
820
624
523
458
360
188
548
70
743
703
219
137
272
427
755
45
45
816
544
877
430
521
649
367
391
402
123
273
220
344
59
955
625
232
245
22
190
698
954
764
104
307
545
890
169
680
979
939
180
457
480
544
726
662
648
136
602
598
7
875
646
667
112
824
216
327
737
133
466
727
892
178
720
18
18
803
384
175
455
991
568
174
179
878
984
9
183
708
812
8
429
844
194
800
878
855
2
200
92
406
364
524
973
273
996
731
633
26
86
899
276
6
944
911
567
97
687
280
219
2
809
427
917
108
94
581
948
951
296
478
321
599
147
273
677
605
395
343
306
948
465
359
217
61
534
837
175
61
669
521
7
416
461
847
902
431
29
34
396
552
844
569
551
195
545
718
743
854
401
747
614
94
956
949
152
365
541
272
682
500
562
988
721
614
396
837
599
618
330
94
594
231
95
679
978
374
28
94
283
336
847
572
510
308
6
890
306
727
130
123
540
436
29
920
476
836
912
59
53
118
963
996
446
674
68
803
657
914
602
436
317
369
302
278
990
91
345
605
741
744
758
856
355
480
63
268
951
56
967
904
600
147
146
41
487
201
829
552
335
68
859
16
391
28
735
167
186
302
997
813
916
167
53
911
432
634
227
692
191
233
366
957
110
404
302
520
796
849
710
108
433
282
954
23
896
156
523
243
103
84
576
300
10
790
655
459
679
630
705
313
546
193
209
177
644
925
475
546
658
894
801
140
643
291
199
411
872
755
868
154
61
730
382
170
554
619
591
64
372
476
515
467
951
137
803
250
552
898
492
926
975
456
128
50
399
336
828
717
220
386
707
513
415
533
691
689
326
921
999
105
755
191
456
459
3
898
290
