0678
68
442
400
209
378
359
712
132
413
670
516
636
416
811
779
325
586
98
273
208
759
190
865
800
197
788
651
791
180
67
628
920
773
790
34
885
959
257
844
666
399
839
852
566
913
562
484
609
979
872
799
208
920
255
633
439
106
18
930
734
983
727
411
158
586
505
554
116
631
998
875
916
902
706
489
438
996
773
463
681
628
200
319
565
169
639
989
751
905
780
16
461
843
679
348
22
445
222
376
394
238
900
811
832
874
570
829
117
134
16
418
126
894
257
774
380
985
629
622
127
942
931
10
187
570
157
257
76
634
417
93
244
735
153
936
716
466
543
586
800
953
49
279
457
417
896
993
360
840
669
909
975
149
58
647
191
962
509
513
955
653
350
410
70
373
267
830
39
668
165
301
18
722
113
545
50
563
350
883
991
