0679
622
299
290
464
531
259
911
773
720
892
517
384
216
68
512
302
990
425
528
721
97
566
625
313
433
927
660
415
355
761
748
647
636
9
598
357
65
557
560
39
357
745
830
257
441
88
237
184
698
638
108
414
29
992
166
703
491
682
127
21
202
634
224
580
649
2
918
81
363
995
162
624
11
133
612
680
474
188
150
286
548
531
609
498
503
924
172
9
595
256
638
627
426
128
147
781
107
834
750
87
591
810
936
615
412
137
108
750
295
911
352
382
283
557
385
624
838
929
94
363
420
694
998
325
908
192
941
16
413
938
690
43
966
483
715
87
925
434
427
200
713
120
580
341
901
158
251
200
774
98
294
741
653
62
702
242
539
551
1
769
327
465
605
698
628
274
975
156
508
915
186
670
504
108
482
119
216
152
119
752
375
353
965
597
740
198
316
554
226
5
441
666
708
140
710
135
132
200
136
662
538
881
954
342
631
445
913
56
99
867
377
117
820
700
104
366
729
528
763
624
534
200
185
359
286
28
33
609
613
817
341
825
767
142
47
957
310
25
720
633
308
887
978
227
319
802
657
182
375
51
804
806
708
467
54
878
153
307
661
348
126
614
510
225
699
38
19
880
895
875
766
910
384
488
544
226
239
85
955
272
650
885
240
875
270
405
503
846
545
306
151
642
477
155
129
599
301
971
731
327
126
764
623
669
542
960
125
281
215
501
314
801
577
131
698
267
937
807
769
628
512
718
938
660
572
456
53
303
931
875
213
772
484
173
728
275
179
964
87
206
416
22
422
537
959
412
62
385
446
52
809
80
937
529
926
113
555
719
724
933
986
829
926
370
344
856
496
907
104
930
703
895
212
330
841
549
749
887
293
315
488
833
819
642
187
781
73
718
348
83
581
837
709
66
354
804
36
660
551
970
750
977
408
127
507
692
945
846
799
870
194
76
989
675
354
881
774
15
34
349
357
789
438
938
734
382
754
477
724
935
7
283
374
402
524
812
863
434
243
502
924
31
174
667
635
186
519
297
883
