0680
320
941
351
700
280
249
837
258
785
718
436
712
698
580
750
572
628
591
659
392
278
815
644
223
554
414
595
604
602
319
378
394
986
964
482
409
758
615
825
929
238
841
26
390
770
455
314
673
281
508
153
992
601
453
184
989
428
198
602
393
744
483
408
135
351
22
839
364
715
986
16
836
213
686
741
414
394
843
267
338
462
501
252
421
257
574
132
29
166
589
215
120
760
275
357
563
244
231
54
334
174
970
771
261
231
446
113
670
667
313
311
977
366
769
653
561
535
760
955
497
104
607
363
608
275
699
927
290
361
145
280
9
