0681
677
184
827
7
142
573
172
453
862
926
738
866
597
222
86
588
441
543
989
314
73
484
67
406
355
40
303
1000
243
173
533
238
52
671
776
5
312
380
316
697
797
400
456
196
65
916
350
438
171
555
797
640
725
207
388
83
365
424
613
425
144
73
276
27
823
519
555
355
512
471
314
45
762
777
992
490
544
563
814
870
535
154
201
795
969
704
904
585
497
922
594
262
627
833
190
495
946
320
614
773
671
207
483
777
145
892
724
860
17
720
425
881
860
602
644
422
654
511
111
531
818
45
701
117
532
386
861
762
194
871
958
908
549
143
958
776
676
762
798
221
629
561
483
777
858
843
377
585
192
962
42
394
628
569
949
943
212
759
417
905
805
488
506
725
488
518
477
52
180
63
52
8
230
493
616
624
966
826
984
70
301
499
466
895
345
416
540
118
562
586
793
694
318
189
677
31
693
20
809
607
90
500
616
383
435
224
640
50
734
48
524
822
21
327
