0682
423
276
427
166
722
302
900
206
836
797
533
493
924
870
155
219
105
112
4
156
580
839
361
997
80
493
894
988
777
71
328
283
243
64
329
979
721
882
365
549
374
936
954
190
624
120
776
109
701
859
175
993
224
743
651
778
336
79
892
343
648
692
287
458
900
870
296
177
198
725
254
18
831
83
697
314
136
542
155
283
171
10
860
559
538
773
933
532
220
462
320
508
376
348
416
990
17
757
620
53
701
571
980
253
307
296
721
209
308
655
887
66
552
378
83
106
164
680
282
578
658
26
249
179
865
301
740
968
228
957
190
980
11
139
260
704
761
325
209
961
80
493
397
432
848
65
497
375
477
162
1
941
69
852
288
58
499
501
547
751
239
70
351
238
601
358
678
435
137
29
867
140
975
1
30
285
537
108
293
347
810
189
925
664
695
11
17
304
588
988
365
800
708
120
694
169
644
447
904
896
136
906
669
774
462
694
738
269
185
962
353
742
23
698
84
50
92
75
482
857
648
949
774
26
985
173
489
883
763
432
202
564
145
837
122
76
980
78
777
709
739
707
856
134
277
445
953
315
700
579
479
487
718
328
106
184
354
800
844
441
896
954
516
359
325
203
123
478
248
726
454
295
706
201
657
923
673
155
509
857
973
76
310
722
489
949
279
846
528
988
870
173
547
825
909
477
618
475
666
316
974
318
887
610
650
125
697
130
46
251
957
849
170
380
659
81
137
525
5
453
910
307
344
810
641
829
280
582
771
176
104
517
942
240
641
128
265
704
773
10
145
294
778
349
51
416
435
708
