0683
124
438
146
617
196
990
524
389
10
864
22
72
419
172
104
65
896
807
382
521
86
526
976
877
430
894
414
431
30
721
715
722
913
136
379
25
565
48
46
498
78
151
324
932
228
566
934
779
666
28
297
555
93
769
422
904
210
177
212
88
256
505
956
424
876
777
965
772
4
501
226
603
602
924
126
825
930
373
475
371
445
945
157
778
806
118
908
917
198
557
638
823
981
775
642
338
799
873
680
444
197
440
931
999
365
245
620
705
923
445
454
11
28
444
424
24
932
726
276
405
345
392
399
497
654
994
212
653
871
406
950
99
521
148
336
770
213
369
285
616
527
251
168
960
842
768
193
482
639
696
406
669
359
204
560
903
256
132
363
152
221
445
116
605
202
46
625
679
670
389
679
816
617
273
789
725
163
170
328
300
922
227
165
227
778
535
982
119
764
189
78
153
954
495
779
817
349
502
642
465
352
813
14
773
329
687
216
981
354
330
86
681
810
42
17
499
396
498
420
256
109
319
864
900
71
904
817
720
580
929
866
411
481
814
640
917
42
555
845
409
327
238
129
558
237
971
878
880
357
859
542
429
597
712
881
167
665
475
773
302
681
394
189
913
592
214
196
123
477
716
82
953
459
846
966
193
993
410
517
901
38
322
335
31
675
67
49
25
805
943
970
757
444
897
419
58
287
431
911
167
358
746
451
903
706
505
36
536
19
623
594
279
990
332
540
320
408
73
894
195
937
115
721
438
207
573
745
789
189
996
576
412
693
538
731
795
798
494
125
373
554
465
838
793
987
885
666
555
271
519
229
806
435
151
983
738
635
406
825
132
475
233
71
975
280
876
742
785
382
68
343
681
374
140
384
952
91
523
922
88
744
144
600
362
346
723
205
584
902
70
880
582
134
259
433
924
752
157
469
237
424
373
878
644
521
210
405
57
88
191
120
291
411
801
287
649
967
819
338
186
145
540
686
744
77
324
386
204
489
233
247
327
64
751
48
909
277
620
11
897
970
957
562
98
410
673
304
573
863
992
123
456
151
247
443
870
540
148
277
995
793
184
545
529
835
388
863
385
248
993
326
631
32
72
51
937
814
482
681
472
405
343
243
197
396
528
797
