0684
332
654
44
884
600
186
600
276
743
226
335
528
716
857
865
292
498
633
724
902
245
139
689
1000
605
454
162
243
26
888
768
409
110
678
39
474
612
124
488
705
487
353
170
242
89
751
74
123
153
372
89
790
757
17
607
977
313
571
343
761
505
221
868
16
984
20
111
775
445
721
935
836
800
394
145
473
710
889
730
888
399
386
275
582
181
105
713
184
882
711
520
971
336
774
65
396
719
231
825
48
182
133
891
385
426
937
817
394
250
585
387
809
467
231
348
174
436
786
225
626
882
105
240
221
587
361
537
490
234
396
46
274
880
56
343
891
548
921
331
229
138
22
144
853
3
690
680
563
965
748
451
233
876
10
516
329
568
459
337
237
63
727
105
911
844
190
540
200
353
99
92
687
387
513
739
677
925
730
149
59
941
839
820
498
107
581
135
