0685
882
218
409
718
547
566
218
2
844
822
833
789
842
464
660
224
555
103
186
481
165
815
250
523
887
30
739
891
738
634
978
490
817
682
992
509
146
17
838
427
948
399
260
582
913
690
594
535
872
142
860
461
475
812
679
191
633
512
8
307
179
80
558
732
651
628
46
933
511
79
753
913
760
41
367
520
319
919
484
992
579
678
842
931
811
548
937
229
654
418
944
923
530
711
339
396
380
168
819
778
475
707
222
219
407
880
339
641
782
437
781
705
367
372
443
470
428
207
330
429
51
570
152
328
785
60
255
848
620
286
583
40
32
953
521
524
178
489
429
304
871
882
19
961
459
171
881
233
145
553
71
484
