0686
286
601
60
640
193
369
126
597
854
463
182
288
489
44
66
739
675
909
473
616
67
780
663
844
623
511
825
563
401
332
66
77
349
789
858
266
501
391
765
504
718
119
526
77
582
103
865
737
324
301
455
195
364
431
842
697
613
969
48
277
603
166
622
712
174
805
535
768
141
686
425
657
532
375
380
894
397
525
628
917
973
754
383
240
402
750
884
76
73
304
499
757
989
625
841
957
162
753
443
645
406
921
562
398
831
373
321
908
317
717
558
291
250
192
420
737
260
277
585
959
21
135
253
831
699
718
441
558
897
196
915
257
74
941
562
645
82
772
373
611
652
543
27
