0687
182
672
976
653
539
109
179
389
301
408
980
822
231
785
16
256
942
261
725
577
475
979
893
885
921
591
742
434
293
606
667
871
723
38
667
88
751
150
465
109
581
866
731
123
314
444
757
268
599
263
663
520
689
507
847
720
659
434
773
579
502
607
531
477
17
302
196
23
971
698
178
12
729
869
838
452
21
108
913
961
281
766
175
933
984
990
447
306
66
713
487
124
380
777
514
600
794
70
448
505
315
589
814
180
737
239
879
534
456
562
628
166
728
521
213
962
603
962
126
561
431
568
53
355
651
917
915
298
302
808
1
207
628
775
