0688
203
52
386
188
488
732
862
864
778
60
108
399
305
901
127
386
987
270
32
493
541
207
510
82
99
549
833
513
30
280
303
819
684
932
440
74
557
979
120
969
371
792
159
852
152
938
65
260
945
861
813
527
999
34
123
816
968
340
440
440
444
556
821
76
205
153
779
452
398
893
908
650
225
412
997
949
69
961
586
33
131
405
2
832
452
964
778
23
583
972
58
270
596
589
277
809
853
786
301
368
210
20
285
750
952
288
113
658
521
902
575
78
174
3
27
574
564
324
183
560
831
267
76
251
568
244
891
645
532
488
351
369
842
2
61
291
707
365
634
457
834
190
292
625
736
776
210
96
633
306
549
576
908
131
386
38
875
154
927
181
567
231
266
636
590
109
962
803
715
212
137
619
535
215
189
652
217
281
864
993
884
523
932
26
538
812
284
771
208
558
