0689
152
13
636
758
44
494
301
990
262
127
222
293
363
826
515
91
753
450
535
131
567
507
645
464
699
424
242
147
749
490
858
505
643
175
2
452
595
523
777
930
475
551
691
288
747
563
140
470
729
467
581
97
957
997
391
882
310
598
591
747
547
962
842
883
222
295
996
360
10
154
771
118
444
64
207
161
25
938
602
521
88
227
196
75
26
113
630
822
847
215
723
495
459
878
998
171
373
381
666
181
401
577
602
447
739
541
476
277
180
685
916
582
758
720
570
243
171
77
341
554
927
563
400
107
596
607
800
252
948
847
586
769
570
652
687
121
404
90
316
790
734
698
840
703
306
242
105
648
673
279
424
917
348
105
947
325
212
874
774
258
478
897
896
78
562
41
576
646
122
273
38
554
501
313
607
496
675
104
153
903
119
786
136
956
36
417
172
585
274
315
388
976
460
189
486
129
390
8
271
647
556
446
861
94
504
80
252
608
844
