0690
678
583
624
42
949
384
292
109
147
355
253
355
629
541
905
502
738
200
156
617
847
457
974
534
233
195
121
405
774
305
367
340
308
650
147
511
447
672
189
755
62
729
919
427
835
967
118
87
103
19
154
782
557
853
635
538
641
31
485
650
76
295
507
946
608
42
376
172
222
664
277
47
517
289
941
125
488
28
15
30
947
763
348
60
900
558
316
314
700
298
213
6
175
638
906
121
733
913
625
629
156
321
583
194
259
74
61
557
730
332
939
207
834
216
147
981
252
356
405
155
632
400
235
726
965
223
512
479
311
638
945
817
524
65
505
458
371
199
641
523
577
823
703
498
571
843
43
60
48
896
340
375
401
572
938
367
835
663
640
71
216
873
485
790
378
498
236
290
954
421
924
40
584
765
636
126
477
703
487
618
186
467
897
188
638
151
467
638
103
157
521
589
828
949
587
875
738
638
597
411
962
822
798
518
199
837
162
318
7
895
307
210
988
158
999
458
917
655
817
141
314
976
282
673
647
915
995
773
306
285
990
81
462
493
871
272
171
471
629
681
365
481
687
494
418
641
117
148
449
225
628
822
57
608
43
325
150
800
895
114
62
726
390
664
711
57
219
359
436
512
451
652
891
89
949
118
671
124
811
49
369
123
341
632
715
574
23
622
194
209
346
960
444
267
297
573
188
950
866
879
428
433
432
778
743
554
913
821
580
729
847
506
651
73
423
650
950
605
27
934
851
190
393
742
631
370
685
882
960
344
423
185
704
98
9
846
209
644
132
853
277
199
807
298
280
7
529
163
544
541
343
838
346
467
43
138
321
102
614
981
396
962
329
967
453
561
895
47
379
484
688
98
26
691
936
390
583
876
478
513
723
744
427
513
254
798
885
923
346
528
50
298
889
548
282
991
257
540
6
171
952
307
155
57
303
111
67
611
736
465
1
578
184
756
145
354
126
273
151
625
55
835
116
310
599
139
58
145
96
512
248
106
925
807
816
565
104
715
169
386
431
541
221
716
972
167
820
668
454
750
77
942
54
180
836
373
271
587
229
874
988
816
196
102
860
468
680
203
929
802
666
795
777
580
781
853
712
521
713
661
482
269
842
244
