0691
701
177
871
760
637
237
61
37
280
241
219
712
190
569
491
262
366
562
645
568
91
129
539
7
518
837
607
854
471
590
435
91
37
211
726
143
889
50
849
193
267
50
900
979
849
555
644
106
642
138
103
667
398
5
378
679
97
3
53
13
738
765
827
306
579
957
185
140
386
30
214
114
876
278
885
674
614
89
442
113
811
152
237
867
266
1000
299
990
284
13
723
322
123
96
438
643
657
738
189
562
176
922
308
367
842
287
593
189
255
426
792
202
46
948
893
670
579
785
279
804
207
805
577
421
712
368
980
883
543
574
288
552
32
609
436
86
698
764
499
610
763
883
799
789
498
452
341
32
193
5
266
622
694
643
265
281
228
982
875
212
226
66
853
845
438
269
