0692
424
490
522
604
879
949
631
462
604
689
345
487
761
745
759
590
126
184
611
547
814
290
308
311
970
302
488
86
691
752
335
6
692
480
79
74
982
456
273
470
255
948
549
29
42
383
856
673
958
617
11
611
371
326
291
924
926
576
135
38
73
23
983
967
185
377
264
302
675
470
871
247
722
217
190
753
882
245
332
325
796
455
424
672
840
289
404
760
590
991
487
137
49
65
552
187
633
327
339
705
741
977
249
197
84
181
841
502
172
616
750
57
680
638
673
76
348
291
141
569
62
551
375
40
125
111
620
237
114
209
794
69
289
694
277
650
659
772
271
420
368
625
225
867
172
609
318
848
514
186
468
596
935
405
517
158
792
765
31
307
831
13
434
805
843
156
816
366
866
924
69
722
828
290
187
571
214
834
832
987
349
138
272
651
399
919
737
203
585
704
110
624
429
49
942
400
389
776
835
362
840
506
308
237
663
930
42
285
261
322
455
474
818
153
136
310
141
917
326
550
852
826
582
222
738
806
254
519
265
65
669
801
390
276
637
667
393
623
435
441
937
381
765
917
429
403
509
45
943
1
820
607
199
502
787
612
436
312
812
345
897
866
835
645
898
712
48
311
198
177
241
392
578
318
817
844
984
494
63
178
549
854
815
551
953
389
930
281
968
495
177
213
144
47
588
874
710
46
