0693
495
494
694
688
876
821
331
918
535
87
721
831
592
460
445
238
747
42
370
44
306
322
722
122
233
540
213
374
288
528
830
976
472
731
685
30
821
881
530
341
910
272
851
118
928
495
861
442
555
218
811
299
675
617
102
270
480
205
660
19
47
428
382
62
544
248
151
423
48
870
496
565
773
300
695
926
203
537
396
586
972
244
747
581
222
350
23
756
58
31
183
410
428
960
31
531
737
785
787
666
216
362
753
312
198
158
147
392
316
271
561
682
855
541
972
917
40
515
461
802
72
407
768
397
47
962
776
622
742
947
66
807
258
840
941
454
736
469
623
51
491
672
500
468
623
220
342
112
227
970
63
501
798
243
329
390
337
155
172
346
230
311
637
312
576
983
344
561
543
913
633
891
358
185
531
550
272
665
780
238
434
858
378
115
946
179
79
674
392
319
234
477
687
342
564
385
793
66
432
628
926
951
810
934
178
922
92
410
553
664
757
202
351
948
967
415
852
415
638
867
612
722
610
564
742
865
582
205
65
383
43
782
702
30
525
552
291
767
43
64
645
163
328
970
771
3
305
647
485
757
461
458
239
509
892
271
145
283
654
982
225
164
967
912
971
651
459
557
91
71
772
800
298
670
170
632
814
488
736
738
345
384
889
845
669
271
311
212
167
964
385
728
59
977
748
105
4
703
244
735
434
230
761
219
59
360
39
180
256
455
440
198
928
887
475
11
388
618
575
150
971
39
187
644
674
109
869
304
769
317
802
487
290
546
185
299
390
931
463
301
322
188
567
903
348
894
245
596
236
940
248
178
399
717
309
668
38
338
350
238
215
210
205
150
271
771
772
773
768
532
140
706
541
540
858
936
809
979
804
720
170
875
872
244
101
794
454
417
178
474
113
408
941
331
725
87
876
365
138
682
373
159
652
837
196
663
866
343
964
932
269
541
538
750
890
179
788
25
419
750
749
405
16
856
181
653
168
760
366
336
570
496
714
110
705
113
791
870
977
775
541
830
18
348
941
480
847
97
90
985
485
507
511
964
506
903
73
671
224
629
416
894
221
638
515
278
