0694
719
150
136
500
74
292
943
895
995
53
809
967
229
498
143
93
892
991
826
571
780
250
602
87
239
117
653
325
350
148
710
628
818
299
215
267
747
861
736
214
156
361
826
489
523
873
456
836
918
809
521
347
771
244
335
762
551
120
291
557
368
508
403
425
3
663
411
189
330
3
331
664
751
56
61
437
522
723
788
639
99
741
407
718
726
646
201
247
188
106
388
310
874
757
245
537
784
439
830
454
643
766
99
351
947
485
237
360
166
890
353
930
343
604
892
875
473
871
613
678
609
310
719
597
668
292
971
24
189
699
887
102
329
822
704
561
832
350
815
722
941
511
364
660
515
398
133
574
656
939
19
173
894
271
719
129
289
513
882
927
266
10
208
46
835
931
997
984
273
127
20
146
232
702
800
72
785
473
653
901
270
221
192
795
11
864
242
220
393
108
37
837
299
585
921
734
899
981
668
36
384
103
166
933
975
950
438
170
873
803
791
908
497
81
539
531
316
637
209
171
905
763
408
45
818
947
228
608
290
441
499
233
1000
588
382
485
357
891
672
512
59
50
968
647
402
350
48
316
226
186
586
103
414
327
27
427
596
749
532
768
723
567
626
350
224
617
86
250
154
563
855
699
13
970
201
400
578
549
705
858
491
200
842
419
910
953
140
389
758
982
648
762
871
935
79
512
868
319
846
443
155
249
485
302
31
315
167
143
380
757
426
334
14
629
873
737
359
901
8
291
459
919
784
332
903
902
954
421
289
450
809
887
509
35
719
972
700
619
610
458
976
337
608
218
398
901
610
820
681
467
463
433
441
890
468
770
788
127
313
527
840
447
972
51
372
270
143
828
42
909
783
289
717
44
427
367
899
636
580
277
586
343
963
428
883
572
952
226
990
144
195
393
308
657
722
972
951
465
601
694
771
271
962
801
51
882
693
486
215
813
386
254
955
571
745
808
749
365
89
236
743
525
928
453
771
740
498
476
841
44
45
13
384
737
108
383
941
550
931
475
965
245
834
667
264
222
709
29
134
538
833
751
241
207
556
976
235
554
507
888
429
899
508
996
592
24
910
129
821
698
913
216
908
122
372
760
86
778
37
281
820
146
27
365
684
646
329
177
907
553
566
880
436
824
578
536
730
450
425
437
