0695
299
949
616
997
453
924
989
996
661
705
914
266
116
37
149
200
197
504
620
465
786
806
158
684
610
376
219
491
17
417
146
404
196
322
602
781
262
721
599
625
710
884
18
907
892
670
332
569
312
771
139
258
991
22
22
625
256
412
803
844
16
943
307
724
832
108
178
316
352
596
758
374
926
968
122
72
483
669
387
269
29
231
420
947
409
904
497
472
251
743
872
38
39
321
500
828
191
243
242
834
827
710
690
127
172
1000
933
985
917
55
92
265
211
277
845
605
536
490
636
640
150
862
782
225
445
234
200
447
662
38
803
117
23
869
531
620
970
531
778
577
543
979
15
274
442
541
708
147
416
84
580
109
671
573
4
609
368
874
750
489
453
241
380
496
662
349
204
873
666
184
715
139
847
589
649
387
550
707
259
135
608
761
333
77
212
52
67
687
442
56
380
811
892
113
862
117
956
732
699
648
709
18
845
349
33
367
379
764
453
615
597
481
364
965
73
770
421
625
112
841
212
784
222
27
951
657
553
658
40
640
229
627
434
897
954
784
822
322
321
405
877
904
353
104
337
771
404
645
770
876
449
140
685
378
255
204
591
769
540
161
135
519
446
555
650
300
570
355
207
744
775
862
890
314
646
186
979
377
866
663
599
636
296
611
148
295
363
473
482
458
163
423
559
274
311
254
165
364
138
646
615
51
126
60
417
514
292
333
278
918
992
97
663
202
547
793
