0696
342
10
903
796
921
654
818
904
146
765
544
900
687
677
223
614
11
693
380
281
819
282
473
827
697
438
440
256
15
894
60
807
451
12
627
944
781
440
622
202
11
744
642
729
595
896
460
457
255
1
997
582
739
715
317
999
786
588
719
462
194
320
230
584
548
420
38
336
592
233
109
478
260
231
425
142
410
926
309
482
724
779
64
256
788
382
466
657
747
555
941
645
13
104
548
625
186
319
830
256
170
184
774
961
434
801
86
601
242
818
308
970
473
561
627
492
388
68
933
278
205
966
877
217
851
387
511
524
57
990
364
747
93
882
713
547
691
170
803
441
179
107
833
536
89
325
751
120
