0697
77
584
471
580
494
405
175
49
808
82
185
671
784
477
602
669
499
376
494
625
347
756
711
214
901
71
325
753
630
658
2
961
156
342
628
337
272
438
455
59
603
11
826
634
228
221
675
577
649
682
892
24
744
504
477
200
657
479
743
61
735
761
13
792
298
66
579
574
314
912
446
82
437
22
518
903
452
55
718
587
512
438
29
669
871
351
186
101
840
944
961
779
354
200
83
38
786
550
441
11
816
418
46
372
578
686
11
914
794
294
96
472
105
861
792
801
528
502
619
293
917
776
119
936
684
675
534
356
685
562
326
88
192
753
45
82
928
752
54
627
844
234
888
328
598
502
815
896
531
607
242
778
643
728
918
716
269
632
909
716
82
721
678
844
49
754
933
155
95
438
757
39
170
51
