0698
169
186
897
14
33
739
645
103
706
814
530
509
594
593
328
272
576
555
921
971
635
38
408
529
131
604
154
523
743
591
771
771
280
462
82
312
539
10
792
467
80
909
198
76
951
606
981
500
661
155
343
188
265
179
571
949
557
81
592
989
687
135
55
421
772
97
401
238
344
357
339
307
877
787
586
79
353
15
946
615
259
613
342
304
622
941
684
832
381
277
58
24
653
165
262
637
586
724
919
610
426
952
138
60
494
198
627
531
936
863
876
601
537
209
920
579
140
607
355
855
584
810
936
827
315
721
743
593
866
941
343
486
791
183
702
111
627
691
932
324
551
232
515
849
862
778
747
340
581
874
429
545
820
