0699
119
699
336
865
266
724
206
79
34
487
373
344
721
416
141
358
893
744
983
433
765
129
596
724
248
537
942
910
560
219
263
586
405
259
519
18
48
761
523
739
107
75
551
475
694
534
233
28
165
167
248
457
563
235
487
694
873
770
502
13
349
942
800
188
728
331
668
147
223
440
197
687
363
116
764
341
340
499
347
806
782
48
781
124
945
738
459
217
507
564
102
871
462
957
451
124
31
223
313
229
372
200
600
516
783
300
276
722
846
72
526
898
529
889
746
242
221
208
137
576
550
596
534
966
746
576
534
889
883
786
324
200
30
368
821
792
136
49
23
835
15
311
252
413
282
712
973
253
493
431
308
215
43
667
754
560
988
29
35
958
186
289
24
429
390
708
565
828
476
32
987
941
161
853
442
978
554
615
395
608
950
36
960
84
848
123
877
746
789
509
159
412
573
629
202
852
569
222
105
235
53
827
133
471
152
374
553
895
172
384
27
596
39
237
696
161
793
377
816
137
815
262
402
323
353
314
470
418
43
215
317
156
279
161
109
465
243
132
843
140
273
808
541
136
918
961
113
625
979
105
486
359
305
438
606
833
404
255
493
565
608
25
71
23
384
479
701
398
195
526
642
534
533
450
867
415
257
554
107
42
302
716
520
731
693
540
