0700
989
570
895
396
431
422
11
492
228
280
572
374
989
266
323
301
287
808
45
705
960
352
801
989
942
957
617
603
301
361
816
559
470
488
612
481
623
983
704
773
990
480
746
393
949
776
363
233
61
305
287
40
150
905
251
670
623
662
12
571
154
303
454
393
826
43
3
363
129
352
877
926
415
782
956
139
180
850
153
877
780
334
769
814
109
366
778
194
519
30
450
370
864
138
512
389
875
285
282
757
906
857
186
589
586
505
483
961
135
95
684
192
424
898
982
412
25
439
628
237
699
633
398
232
842
880
449
522
309
408
675
320
624
791
511
851
181
30
236
866
102
357
816
221
636
699
74
105
515
775
324
857
968
727
335
405
230
943
825
569
299
675
632
826
283
