0701
781
520
117
52
963
582
261
869
367
13
770
866
717
755
288
605
210
321
924
335
343
132
619
442
536
294
246
610
994
869
893
155
635
904
653
761
737
140
765
471
944
148
600
818
940
307
138
951
492
556
539
526
922
807
576
623
990
812
892
966
219
100
144
318
407
38
751
472
958
646
42
376
714
637
405
895
871
795
403
529
772
970
805
580
24
559
818
569
381
41
306
256
543
293
515
592
765
704
29
269
493
607
402
826
620
708
982
2
285
87
633
945
351
727
851
548
90
44
876
775
241
444
978
255
486
432
217
364
673
495
515
29
575
376
787
816
580
310
210
394
997
342
656
957
842
66
863
804
800
158
445
77
13
647
818
492
6
607
648
192
775
819
832
580
762
385
34
74
117
627
691
349
487
72
226
735
487
314
231
338
598
390
828
433
186
152
297
505
413
112
366
860
190
61
448
116
163
264
958
566
416
294
359
315
14
396
668
963
502
125
495
208
620
580
269
235
301
73
185
582
403
496
911
848
790
824
1000
874
829
69
231
65
584
973
473
898
5
4
576
948
801
437
717
460
519
497
796
398
588
289
229
601
925
932
331
572
336
773
267
772
952
387
216
442
936
639
239
258
272
980
883
361
494
162
739
838
32
414
12
454
535
791
44
137
25
483
6
987
938
138
601
247
299
541
642
356
296
260
362
830
765
405
368
824
189
795
241
919
246
684
682
115
356
739
8
644
822
748
534
161
384
286
381
62
43
333
895
731
32
868
152
4
240
410
777
64
47
956
968
387
28
992
71
187
972
883
598
150
529
947
681
321
483
677
535
746
795
593
983
972
686
866
949
84
331
534
980
461
390
