0702
215
641
359
167
949
418
430
153
188
167
622
884
21
938
171
268
54
849
983
524
218
739
287
622
960
826
405
911
484
63
706
58
96
174
686
661
299
607
136
877
753
969
152
195
138
212
159
427
188
708
994
756
166
376
278
509
26
419
167
738
624
169
665
847
689
296
97
461
917
328
256
139
129
510
798
209
627
675
393
358
800
667
266
588
907
167
170
12
792
454
761
82
280
545
31
866
574
554
849
385
974
639
24
812
817
837
385
134
272
35
446
575
741
15
476
669
243
651
939
119
960
589
959
771
680
423
789
810
650
266
442
380
51
993
