0703
184
369
146
308
425
177
216
948
327
895
373
651
822
593
288
583
707
935
258
827
876
911
545
264
737
508
667
606
475
77
953
722
24
386
787
957
274
308
91
723
440
80
267
428
56
985
412
963
957
755
617
799
683
327
704
20
201
208
237
431
408
790
754
422
294
946
290
376
284
936
574
161
285
227
190
778
302
67
739
166
771
634
621
417
785
702
512
85
537
485
11
625
454
722
817
951
434
511
712
780
193
480
865
342
939
494
90
385
510
282
116
143
252
543
693
226
415
210
168
589
708
298
937
201
249
514
878
480
850
746
299
627
104
501
738
744
990
212
384
717
27
573
249
984
386
399
279
892
923
825
597
362
404
343
73
54
105
620
9
100
640
304
947
641
523
899
10
900
858
753
671
228
619
289
350
730
881
607
155
211
867
488
791
797
794
394
363
756
509
416
234
52
799
784
344
192
437
425
505
433
143
173
876
929
583
219
852
765
174
363
923
227
286
487
773
303
347
835
290
447
282
275
749
688
1000
227
912
576
112
898
208
184
915
573
403
579
326
759
143
146
831
728
702
235
34
228
110
122
949
568
686
390
169
523
490
60
911
192
394
597
12
631
241
916
23
97
935
286
135
45
169
551
282
196
572
5
373
136
812
529
253
846
314
654
316
821
540
975
182
910
868
756
81
912
383
893
585
881
671
209
811
233
553
696
133
30
167
141
913
679
286
271
373
273
738
49
978
195
751
170
150
567
628
414
838
211
410
584
689
615
560
331
24
456
451
1
121
102
615
981
310
124
418
296
904
748
263
653
677
749
101
312
350
881
867
547
404
239
176
472
335
748
885
545
720
370
59
44
253
950
242
60
746
642
173
937
532
936
332
997
360
175
144
925
498
434
41
535
771
653
129
948
819
468
324
399
428
777
76
248
71
714
959
34
500
751
322
589
382
158
230
66
837
6
246
