0704
963
354
727
410
157
392
281
132
192
43
133
30
103
237
875
57
508
787
348
944
282
614
363
558
811
325
835
558
829
170
979
63
223
419
111
919
372
323
232
630
524
838
526
216
656
741
486
669
337
541
427
546
742
91
793
718
426
66
536
763
951
866
555
112
143
52
33
119
64
368
283
700
255
683
737
742
57
815
807
356
449
409
391
439
54
519
501
204
751
595
948
456
736
286
618
77
327
83
836
970
109
474
531
99
741
138
414
866
551
88
702
50
490
107
293
222
192
238
102
495
835
959
665
790
402
91
126
332
690
66
747
73
731
194
773
684
558
150
130
98
456
453
323
840
413
1000
809
333
602
195
53
88
893
362
89
107
306
16
205
594
713
97
468
125
902
761
125
975
287
676
202
702
241
943
970
420
294
419
1
732
947
791
624
880
652
518
909
652
978
908
927
468
