0705
688
616
955
830
964
921
378
196
798
352
127
625
125
981
226
762
356
446
533
374
875
242
900
377
667
917
234
35
534
257
239
503
248
64
168
544
925
663
514
360
745
61
826
399
106
137
93
233
382
51
287
170
195
683
738
253
560
122
114
168
907
469
709
490
451
981
107
885
216
817
91
703
678
608
388
529
674
861
881
246
47
258
244
91
896
574
523
101
242
187
515
401
150
896
877
467
689
130
736
748
3
616
797
1
313
561
780
964
322
20
953
524
165
628
189
956
426
568
390
762
385
699
40
311
781
931
655
772
422
499
224
467
766
947
808
220
106
676
407
608
441
878
638
258
97
717
295
812
119
126
590
527
442
177
211
101
884
653
561
174
650
14
269
104
596
82
503
950
226
899
945
631
565
866
977
563
138
124
706
81
97
158
868
674
234
448
757
970
788
174
793
902
711
410
1000
211
670
745
886
330
497
854
63
533
180
216
463
891
484
801
47
386
701
393
810
245
104
784
874
596
715
578
437
486
273
936
159
367
659
359
495
368
149
701
130
56
942
253
720
29
638
515
513
124
963
306
275
25
123
544
386
832
543
495
194
192
32
337
887
536
364
77
248
33
858
789
207
231
730
739
753
766
454
665
816
819
271
396
649
936
178
784
25
593
623
364
325
797
465
506
239
465
854
513
383
375
927
163
498
886
838
742
36
317
15
901
327
584
856
590
492
77
365
848
8
334
819
574
226
343
677
246
571
321
373
847
927
938
912
612
156
332
582
793
136
205
135
373
425
69
275
118
742
475
109
550
565
234
312
771
469
68
786
156
58
618
556
239
548
128
363
405
420
238
228
233
389
181
886
353
975
548
446
123
49
930
855
783
646
959
148
554
571
326
569
3
205
372
168
455
170
841
538
529
406
89
104
795
377
242
671
495
567
217
631
687
760
468
50
370
755
95
879
122
787
848
232
89
356
311
515
