0706
852
63
811
552
438
246
973
268
531
505
81
688
563
653
843
245
616
191
599
136
343
643
889
995
766
771
871
677
66
132
820
400
114
624
936
945
745
483
529
124
583
630
720
308
550
939
926
556
638
667
315
627
181
287
434
67
666
114
668
195
105
85
361
409
486
465
358
403
182
271
405
666
291
804
7
91
713
794
649
746
679
130
238
954
659
271
167
761
61
867
342
48
375
749
649
843
464
251
421
822
94
114
805
122
180
820
38
478
873
753
802
853
466
29
831
812
427
24
237
402
86
961
572
959
839
662
830
794
369
128
982
437
264
634
65
575
749
887
732
686
492
394
6
633
134
940
206
202
565
672
717
565
654
46
314
547
184
778
972
777
777
414
708
38
160
414
770
415
565
295
689
39
960
944
401
80
750
928
947
875
37
352
536
358
85
797
898
413
681
296
122
432
366
199
821
994
290
46
324
522
633
474
732
833
187
921
914
434
174
166
513
544
140
665
454
813
670
261
269
633
853
824
640
279
937
241
549
758
908
474
472
569
538
931
358
894
521
232
939
695
305
920
994
22
852
617
857
323
903
36
477
684
404
923
613
120
329
295
955
620
680
369
576
951
191
94
86
701
308
463
519
808
412
356
987
406
777
318
71
768
662
990
994
961
946
511
41
328
341
387
319
952
34
76
78
657
594
784
122
140
514
556
919
807
168
658
490
807
547
473
257
518
495
119
684
40
849
7
568
402
321
81
717
368
674
299
326
422
439
1
341
222
11
715
459
278
483
731
376
768
901
192
417
41
916
43
532
360
201
697
636
87
106
50
269
423
774
685
652
292
839
646
553
481
238
844
518
34
376
142
661
938
317
183
949
153
578
447
681
239
765
811
970
94
839
456
513
260
571
744
616
886
677
608
252
943
642
188
890
694
60
994
297
65
521
16
836
477
824
961
654
780
389
213
342
394
706
897
903
248
163
613
694
810
122
321
498
606
631
498
858
692
511
389
501
69
238
120
632
966
13
634
955
290
612
730
384
281
434
85
707
830
524
367
242
635
155
146
891
634
