0707
737
220
893
711
717
173
383
484
962
784
793
587
870
544
198
889
356
363
546
133
572
448
269
964
954
904
743
646
788
641
72
400
115
287
935
316
565
55
243
506
421
113
38
803
439
169
992
442
400
887
478
26
117
668
219
439
876
715
244
156
918
186
556
870
278
94
427
339
993
290
946
965
733
478
823
825
502
362
543
674
705
329
502
708
547
154
435
445
302
686
930
484
470
442
557
212
557
236
886
278
196
797
154
946
737
54
841
422
989
225
195
72
780
833
188
932
59
633
366
428
611
901
180
846
508
741
483
342
315
306
59
346
591
819
206
722
177
839
803
811
647
201
765
661
490
591
723
773
953
817
70
113
63
201
742
753
824
733
600
481
447
643
373
58
620
109
277
288
76
346
518
569
374
101
437
624
331
860
400
210
66
353
882
452
990
136
767
492
775
163
555
192
853
571
409
994
426
825
17
573
986
787
663
101
828
19
149
990
403
894
262
862
216
660
319
545
122
370
365
315
958
12
737
99
844
658
463
768
33
79
610
254
61
949
474
674
639
686
77
270
543
396
58
789
615
512
274
387
494
360
401
547
628
932
533
377
153
66
61
709
878
351
125
130
556
83
263
390
622
442
501
843
584
657
222
730
692
245
947
512
623
968
979
987
649
489
552
423
966
697
262
5
914
170
982
405
715
492
48
994
361
395
752
954
352
537
159
121
783
894
798
829
357
768
576
418
456
323
984
967
627
997
323
668
630
598
896
923
970
472
13
494
741
443
