0708
649
625
418
380
616
660
11
378
401
42
8
882
137
452
583
647
900
751
576
374
500
999
397
685
778
93
858
570
89
679
833
968
752
564
878
888
851
581
32
391
749
699
456
739
727
195
627
624
452
218
292
743
480
815
865
875
459
89
335
316
450
704
496
187
973
879
22
691
378
487
176
672
95
923
54
89
953
669
495
578
224
606
371
515
164
460
440
403
388
86
77
832
980
997
772
633
411
134
755
994
16
747
158
943
484
956
162
957
630
939
433
251
251
607
719
848
942
557
569
173
834
346
913
329
807
715
139
898
691
176
259
114
295
640
84
845
340
762
754
68
271
228
169
940
910
409
918
283
612
768
188
136
76
556
28
308
255
115
775
806
412
177
969
489
671
266
179
113
914
502
846
998
702
207
856
924
957
487
372
952
602
218
507
391
429
774
191
154
473
546
439
363
790
945
705
303
25
95
268
543
378
50
203
746
740
814
494
570
415
