0709
204
27
877
583
852
95
853
399
958
4
169
111
253
299
873
691
294
360
367
817
185
676
892
751
991
941
73
253
331
280
893
829
730
579
237
863
767
796
696
489
359
14
686
340
603
566
242
716
714
755
891
761
535
795
287
244
531
486
683
294
615
921
535
300
783
619
798
794
496
300
488
510
750
582
603
774
79
713
839
303
131
367
929
932
525
302
602
337
154
727
544
105
781
39
757
772
659
209
318
342
389
828
358
267
834
260
511
455
516
632
669
747
79
322
217
348
859
324
394
325
992
377
521
75
364
274
264
563
698
435
769
437
528
302
743
81
915
361
812
724
365
916
747
669
218
263
975
61
154
29
950
174
790
605
247
507
946
376
822
94
618
284
870
66
550
314
402
206
700
342
847
625
40
771
283
466
310
456
895
869
54
999
367
367
402
806
739
436
588
565
889
174
483
849
582
252
186
801
985
407
910
370
781
695
847
838
516
469
492
58
915
688
329
584
344
802
391
258
108
334
358
625
105
596
279
442
243
875
582
786
826
276
30
859
543
700
292
329
225
18
460
401
476
3
137
459
72
321
449
302
517
421
466
216
856
829
868
633
869
561
241
529
62
191
114
76
238
107
254
265
203
767
658
273
829
782
446
523
408
221
546
899
514
521
760
113
935
545
172
494
209
173
690
476
48
611
335
33
744
252
543
750
363
213
381
34
393
533
474
617
563
534
331
629
366
923
579
195
402
161
562
609
90
993
554
926
893
62
400
109
384
173
186
162
449
