0710
71
45
816
774
608
328
47
737
151
858
506
241
92
310
535
344
621
757
460
330
980
812
239
402
858
258
717
330
28
102
45
159
225
743
679
533
206
66
95
99
182
511
995
205
926
242
619
260
629
451
89
428
898
167
470
404
537
693
671
255
110
49
872
695
431
436
376
660
738
942
804
614
88
163
371
231
459
258
773
384
566
93
507
508
230
326
683
348
331
793
713
6
522
266
347
677
550
533
107
455
468
605
649
974
20
379
180
916
418
587
575
440
92
417
700
670
836
434
480
624
259
957
556
563
802
215
646
686
169
523
640
971
507
318
879
413
85
534
810
187
876
131
84
690
630
30
874
864
596
199
659
677
903
113
288
809
741
374
90
215
884
414
119
937
982
171
595
54
951
353
364
606
552
266
642
503
177
313
426
98
381
204
256
475
601
621
629
206
801
591
641
1000
747
989
248
668
867
296
114
274
869
256
914
45
303
277
359
267
61
625
160
613
665
986
658
386
709
59
498
298
957
566
473
99
680
920
205
435
176
475
206
142
652
143
803
916
842
69
539
196
854
666
86
15
289
346
577
940
950
204
450
277
112
277
400
960
804
306
975
356
83
120
175
257
164
916
404
465
62
275
824
290
724
535
51
680
113
452
768
217
314
860
961
770
968
403
233
138
80
949
987
563
632
924
459
585
128
754
761
376
397
904
14
742
484
355
916
200
180
170
662
265
318
666
182
424
945
710
184
470
140
160
169
204
867
556
211
320
414
662
823
794
967
660
914
801
772
35
816
220
331
497
894
388
415
976
567
878
308
396
624
937
419
107
83
830
855
821
747
972
807
639
874
42
536
607
17
68
787
59
490
130
54
884
421
882
175
558
150
883
473
562
236
249
920
313
94
715
440
488
154
245
