0711
558
293
304
319
316
170
759
780
231
807
1000
642
210
255
712
694
328
339
489
194
863
379
32
302
946
316
145
934
607
947
240
165
19
953
274
479
748
445
564
304
266
353
860
895
729
140
621
302
902
587
86
169
302
46
112
369
479
888
38
584
208
331
450
934
885
696
538
365
784
319
846
743
982
989
237
565
172
714
402
350
99
493
632
937
678
246
930
197
129
136
869
468
220
498
670
861
403
847
235
191
680
785
383
528
877
696
124
746
130
435
87
383
276
81
33
282
876
113
908
618
718
307
978
166
202
682
579
592
520
946
715
916
100
479
296
447
130
