0712
106
974
425
336
30
947
903
851
582
283
361
805
762
237
653
579
164
453
424
522
788
512
120
492
147
670
747
251
503
172
687
978
225
432
985
766
836
228
532
722
580
779
259
533
684
643
975
507
246
826
917
22
146
547
714
591
818
682
853
972
253
895
834
712
763
848
791
248
732
141
422
389
680
16
440
548
630
664
972
916
980
215
616
787
636
584
153
421
50
846
750
735
758
492
413
8
701
500
251
818
508
459
980
334
888
54
299
710
855
995
491
50
441
791
899
457
680
882
258
910
811
472
83
965
652
210
415
528
685
678
11
906
998
634
652
814
681
432
677
97
750
793
336
237
906
649
906
188
753
735
943
786
611
575
375
789
515
295
143
918
129
698
548
207
559
70
407
329
