0713
206
187
130
954
191
741
159
196
128
366
120
43
569
209
238
610
632
142
591
256
218
419
834
156
136
352
70
335
389
58
882
897
631
279
954
106
391
457
379
441
950
98
707
490
819
618
582
762
790
509
67
326
226
212
200
699
559
168
823
762
358
842
593
732
44
177
564
511
494
91
84
860
596
42
323
742
485
908
90
808
629
139
934
830
969
216
88
205
235
795
793
689
400
67
399
474
16
988
78
4
871
335
125
774
810
250
553
107
322
985
610
113
810
556
743
451
801
359
674
5
569
346
308
496
152
800
806
937
520
903
963
28
835
748
264
846
705
976
958
845
449
452
365
361
306
543
493
846
863
157
342
93
7
304
767
793
871
441
760
858
11
709
642
931
709
34
341
864
216
389
403
439
991
155
898
170
738
372
634
432
729
946
562
608
135
843
427
131
404
17
652
24
964
45
750
600
939
374
124
733
600
897
949
765
24
391
157
1000
103
768
238
501
516
903
682
491
276
566
811
743
403
854
160
62
268
300
454
660
542
518
227
128
278
70
772
937
773
363
103
97
238
484
661
662
874
620
6
936
445
537
235
958
474
22
506
94
121
314
844
666
141
677
434
937
303
471
938
138
214
64
125
283
994
242
252
167
823
165
701
583
119
961
376
290
852
467
586
352
967
337
705
395
51
678
315
766
677
6
362
532
420
691
97
297
200
54
486
49
670
317
659
929
439
514
133
670
868
913
926
498
490
330
785
339
46
921
299
479
607
116
87
937
398
648
248
747
218
903
422
293
570
180
106
948
241
827
228
859
558
725
265
124
650
349
964
278
142
875
363
428
454
280
413
866
362
646
694
875
250
659
553
478
298
853
85
689
453
791
998
267
223
871
124
978
737
980
389
211
421
687
193
774
436
994
880
311
285
562
591
837
219
617
976
56
358
377
756
169
37
606
423
979
346
570
462
613
458
51
747
312
592
944
449
473
787
758
495
283
190
461
445
10
495
66
486
579
335
393
591
62
681
809
652
51
307
945
502
369
842
918
383
456
114
182
589
