0714
439
215
250
762
736
137
304
615
293
154
939
169
334
288
415
755
588
629
45
118
861
203
496
195
156
517
273
157
381
529
300
123
570
532
412
518
298
834
293
332
524
908
887
45
492
899
742
992
548
58
150
241
917
335
420
461
472
512
291
149
501
621
155
91
278
933
450
324
648
845
843
436
514
643
744
156
452
785
204
458
376
452
639
553
338
815
965
607
352
755
321
955
523
134
460
800
266
630
849
434
654
260
541
179
333
340
158
45
598
396
422
484
56
949
206
108
212
71
780
180
941
622
335
6
939
599
611
249
678
991
510
503
950
396
886
247
563
659
409
839
876
719
92
652
632
15
992
28
102
248
533
94
36
718
73
350
293
260
855
434
564
627
155
127
513
235
467
786
218
623
83
107
134
257
960
175
244
133
249
679
301
200
586
815
832
643
865
328
976
882
875
400
961
386
248
295
34
708
257
967
729
237
580
241
320
53
986
354
205
808
422
34
544
255
850
54
92
325
141
838
516
661
984
41
38
671
943
551
706
563
780
739
215
943
870
166
241
659
294
701
105
272
62
734
893
317
239
127
797
381
571
172
707
624
706
341
857
369
504
618
771
802
408
686
606
561
240
298
49
406
446
420
553
913
277
908
373
