0715
33
220
648
829
865
769
339
918
738
533
323
450
543
586
659
997
651
615
568
609
505
991
803
677
508
731
242
225
717
60
756
890
400
493
60
210
793
304
865
611
783
391
248
555
894
466
499
375
596
65
570
346
894
614
431
878
869
61
930
985
137
443
379
618
916
562
186
367
501
599
333
615
16
244
912
655
726
682
631
638
681
404
776
458
984
366
415
767
249
243
429
15
913
439
620
495
433
771
743
482
749
304
37
973
749
165
184
316
769
490
426
550
888
782
684
429
796
290
749
285
353
95
552
260
585
67
645
283
348
66
256
131
324
974
97
505
626
216
409
979
257
60
731
701
905
784
928
22
253
352
731
718
879
461
906
752
660
259
690
832
778
121
576
788
81
241
578
171
768
153
630
344
449
24
378
974
811
362
535
915
259
556
30
787
470
755
246
137
236
591
911
625
577
866
167
876
927
876
554
317
696
349
924
505
87
186
821
130
987
989
555
780
713
169
754
416
240
992
679
18
180
964
283
322
346
695
345
637
849
259
260
842
257
218
723
619
692
139
563
410
523
84
512
312
520
63
842
755
170
392
635
500
765
943
553
689
660
557
430
790
399
