0716
4
297
533
697
835
428
548
166
142
914
100
659
84
543
374
3
116
898
369
814
290
964
62
315
244
191
600
181
208
479
940
134
346
941
324
333
467
319
928
808
33
775
568
393
883
561
784
447
19
913
243
526
828
124
875
26
783
742
977
829
545
60
693
942
193
383
314
464
391
203
389
404
37
654
255
351
248
861
476
499
330
512
416
454
631
708
999
289
621
574
502
502
998
860
971
610
844
97
92
108
826
989
174
351
16
870
956
209
13
518
838
303
642
275
226
296
517
889
270
331
11
16
407
276
721
633
863
735
522
850
283
121
490
265
451
727
179
54
343
844
615
284
367
175
798
872
988
258
371
720
275
535
570
629
354
777
155
460
592
492
83
192
944
657
894
354
665
324
698
388
61
329
552
155
268
948
651
442
377
164
760
193
624
582
177
948
630
286
879
201
907
33
933
395
338
973
335
565
910
40
272
691
223
978
506
689
406
645
906
407
133
864
937
278
325
928
759
970
