0717
337
763
855
173
919
65
41
516
11
483
74
875
260
499
803
793
820
226
384
345
66
96
11
108
430
436
8
617
868
35
98
199
143
288
92
945
273
819
764
85
935
926
792
756
180
106
179
280
503
195
574
689
758
999
917
448
320
841
884
628
824
813
755
814
62
338
377
850
990
19
69
555
256
44
902
962
609
936
511
755
876
691
32
338
277
718
229
393
405
204
441
677
27
264
117
91
691
151
767
84
136
168
645
228
33
911
208
973
571
140
679
310
538
13
938
33
453
797
692
975
189
260
321
817
477
359
616
255
461
372
782
489
306
427
713
681
325
634
596
475
373
549
794
534
710
247
596
25
969
702
392
478
851
292
4
533
10
363
770
87
52
816
443
477
605
195
481
734
689
394
942
328
990
281
484
788
281
163
438
145
80
612
110
258
324
783
558
763
619
939
516
472
305
450
521
554
470
931
874
391
465
76
745
832
694
952
492
646
890
692
235
330
931
208
185
805
604
