0718
500
267
803
766
851
309
627
27
837
795
574
299
114
291
240
938
661
870
46
510
50
96
14
134
125
598
293
197
291
722
96
391
889
660
45
166
227
850
515
136
897
495
275
187
23
562
793
380
903
990
562
531
234
396
775
146
369
506
47
417
934
663
448
301
64
271
269
550
78
565
786
287
738
545
794
40
778
729
882
2
746
27
915
969
559
601
897
493
402
98
977
655
470
241
756
87
942
291
450
318
279
41
324
676
711
863
34
316
330
514
357
416
218
202
826
755
695
190
573
990
620
529
456
93
81
805
548
225
634
14
409
272
262
95
261
80
343
788
139
438
397
959
584
422
15
59
734
189
408
179
682
664
129
491
552
56
810
869
209
433
509
399
353
819
640
32
614
393
519
745
609
410
80
680
126
752
373
61
74
424
992
342
665
256
447
290
546
616
187
878
809
871
948
288
833
296
334
551
83
6
413
145
794
374
624
306
386
497
130
294
971
20
240
610
543
153
699
371
523
398
779
109
429
892
739
697
560
346
97
754
116
934
785
42
154
896
216
409
788
87
246
969
946
53
912
523
757
668
343
235
806
239
360
853
700
822
642
79
675
50
108
224
525
563
384
848
135
677
694
372
705
473
44
532
505
68
743
962
672
757
444
744
877
848
924
618
902
135
251
666
12
49
329
665
119
365
109
939
784
850
