0719
302
357
719
982
264
67
143
429
78
701
329
715
158
499
436
733
176
954
733
409
249
385
664
705
32
990
741
280
459
910
630
318
86
313
546
579
300
42
896
798
870
823
237
563
262
958
78
290
578
933
275
25
915
297
460
998
732
810
925
53
890
584
635
196
400
910
804
244
561
570
619
964
47
911
884
776
300
340
848
533
240
25
13
967
411
43
852
693
777
876
470
307
726
686
207
147
239
87
727
405
691
241
714
234
522
315
197
343
497
474
975
631
788
163
844
250
534
105
814
449
832
304
57
161
189
72
419
791
760
436
149
836
683
771
492
751
522
464
19
519
434
101
527
777
750
390
624
158
533
974
833
855
723
598
686
971
467
487
252
201
323
673
652
216
249
524
745
319
447
47
109
791
64
127
493
960
256
247
713
442
758
145
58
51
554
226
97
976
375
680
735
541
508
621
753
383
805
575
876
759
877
437
650
675
337
120
562
2
169
934
377
846
170
57
142
892
129
972
994
19
277
7
51
511
59
458
51
738
519
117
577
443
890
671
9
935
693
171
637
462
659
391
811
32
674
544
540
736
996
226
402
377
539
936
891
961
761
580
901
741
911
490
193
384
