0720
241
618
873
162
639
58
646
105
623
90
566
47
355
605
898
411
821
311
871
23
856
488
37
863
842
703
122
704
791
608
792
387
391
773
904
929
151
747
676
135
698
687
170
391
617
279
845
320
665
95
452
194
853
792
535
881
511
498
331
502
770
56
913
367
760
233
445
697
229
257
481
897
234
495
294
794
654
657
564
206
294
36
889
901
199
247
757
992
982
626
881
973
507
71
379
376
853
850
258
330
744
98
911
750
518
763
341
770
229
411
172
40
106
749
231
99
26
774
950
156
482
108
464
482
872
802
83
574
289
879
898
510
15
992
612
349
592
91
253
545
253
114
654
941
895
268
739
702
6
190
368
497
