0721
454
955
719
718
565
244
109
413
272
827
846
730
698
383
59
510
860
604
9
858
928
519
241
50
435
265
549
556
4
359
688
104
504
567
136
277
237
261
9
89
190
595
388
187
675
635
594
721
315
538
417
736
389
297
371
685
424
380
156
759
636
757
910
213
828
300
521
842
102
464
97
931
487
705
357
923
918
210
125
656
153
181
833
129
884
918
135
736
217
412
207
818
106
888
48
22
467
508
275
877
564
365
251
36
808
762
358
295
91
345
645
597
300
318
370
208
163
596
496
388
636
754
449
174
946
717
621
768
110
472
746
695
357
835
905
585
195
767
169
574
101
990
110
410
93
26
109
445
859
59
225
476
489
559
886
467
297
117
607
487
419
185
783
322
990
287
536
102
9
746
220
387
890
78
563
85
753
727
471
450
656
741
574
541
107
558
243
114
792
558
703
192
339
351
821
275
503
679
61
167
334
627
398
816
992
838
852
170
410
941
601
455
532
44
470
574
466
468
121
213
283
585
659
381
985
16
595
165
334
645
448
339
754
3
189
317
207
106
857
60
551
769
4
159
885
454
747
612
106
746
106
388
915
678
780
323
57
835
345
32
707
405
459
805
297
908
144
172
98
55
16
2
879
119
391
36
442
332
845
652
888
559
671
605
737
79
303
24
566
177
819
96
781
279
797
797
337
318
338
892
368
98
794
801
492
448
438
46
215
694
251
156
934
934
355
922
735
982
726
214
269
988
632
905
94
9
176
813
977
138
448
256
40
290
590
311
156
926
639
553
336
791
285
592
79
679
967
24
540
851
828
411
376
230
671
521
18
557
971
28
531
478
852
809
218
65
949
644
854
655
106
653
111
305
662
464
189
295
288
446
119
288
358
713
262
395
927
261
734
977
827
90
600
34
731
901
930
178
179
616
986
284
119
722
885
489
848
201
124
785
780
681
678
855
572
669
503
479
859
213
83
838
513
743
284
406
83
15
352
201
936
306
82
792
785
590
864
656
382
827
873
31
55
472
465
263
531
692
528
803
178
252
253
874
451
843
225
3
61
198
259
201
704
822
928
12
889
809
841
148
972
12
673
145
266
422
653
177
909
70
320
668
637
262
990
257
252
85
145
950
446
34
778
569
751
511
501
121
328
356
