0722
385
616
821
921
412
846
917
942
214
606
871
298
440
256
168
676
702
898
557
288
282
745
790
400
305
489
683
542
542
134
377
250
466
797
162
882
963
585
285
547
688
76
99
115
819
785
806
542
637
178
879
949
256
69
797
353
860
234
93
360
437
377
517
725
418
678
739
637
568
328
524
135
538
525
48
754
612
40
264
431
597
923
710
42
639
258
737
605
455
155
136
731
844
836
843
137
394
800
114
922
201
818
93
914
874
993
685
765
613
510
206
713
208
714
773
829
937
249
205
11
483
512
613
473
55
138
281
393
758
849
758
309
237
87
189
681
198
436
235
727
606
318
412
336
781
217
644
802
11
174
63
269
945
977
413
943
968
784
699
46
462
141
215
82
82
700
802
844
423
603
514
119
824
415
738
588
42
114
