0723
460
584
108
730
531
31
159
634
73
732
791
374
919
897
582
619
620
720
871
77
599
875
388
50
352
739
420
713
606
611
576
389
732
616
668
605
429
47
80
589
936
396
479
522
727
41
145
824
31
742
634
353
743
573
98
717
404
651
955
587
55
44
392
274
258
523
630
66
133
752
966
263
92
366
188
700
886
91
890
911
666
182
714
254
897
88
872
1
509
192
645
311
347
708
877
941
149
878
427
110
365
922
280
452
981
668
530
241
790
700
158
75
939
536
146
366
627
793
39
929
29
219
734
369
252
426
465
20
853
680
296
193
760
11
570
856
875
725
890
259
452
66
631
541
84
400
296
276
573
966
959
514
51
92
756
541
723
876
300
329
820
930
988
383
978
684
894
911
890
488
480
814
358
441
721
819
814
409
984
550
378
747
664
250
261
893
516
185
310
21
255
911
224
199
487
751
407
206
284
320
239
616
110
58
127
225
20
780
1000
692
343
427
363
706
793
171
578
637
868
492
858
590
496
149
719
971
165
762
871
35
969
373
456
343
725
233
160
397
210
943
753
999
672
271
723
893
66
475
663
300
305
431
930
989
38
916
681
563
43
375
834
493
604
220
328
9
318
13
242
496
447
220
603
882
118
619
185
281
360
690
691
778
185
39
878
623
788
665
875
650
684
275
119
181
976
484
621
755
164
774
405
705
90
340
248
395
265
814
349
24
507
430
212
966
758
787
944
735
289
685
225
947
829
634
714
612
752
303
275
355
582
39
388
899
574
94
242
277
366
187
779
696
653
260
944
293
618
860
67
936
693
319
872
673
641
18
940
130
827
662
990
869
243
905
347
915
190
659
668
502
564
617
716
487
319
334
557
330
984
881
583
220
757
748
234
728
501
151
211
992
275
406
601
388
538
177
803
236
381
994
647
181
485
91
420
814
773
313
443
693
481
161
768
877
905
767
971
763
535
227
858
