0724
67
425
297
277
254
311
841
856
292
793
583
559
617
937
206
479
858
185
200
524
696
84
764
833
26
851
896
991
965
772
929
331
106
443
632
169
786
583
963
988
285
654
820
691
615
980
838
804
444
673
133
788
105
492
36
547
71
925
272
690
427
394
135
206
127
71
119
494
37
618
58
314
967
172
686
575
406
495
343
516
91
849
271
852
433
847
464
923
348
698
948
176
373
310
277
960
879
497
613
523
267
594
992
767
640
891
109
808
563
646
397
438
386
795
258
663
965
740
842
791
88
587
457
763
187
813
629
751
386
788
213
39
18
116
373
834
895
559
338
626
867
377
493
624
378
678
980
297
682
857
888
764
237
422
230
296
860
727
755
305
71
422
566
411
192
12
25
350
294
649
917
524
344
79
566
978
4
836
663
318
239
431
473
41
397
685
184
174
11
693
784
956
83
6
857
925
717
517
479
891
254
253
625
152
712
751
298
620
320
464
352
217
12
865
146
152
17
200
256
143
94
243
827
37
516
91
523
862
802
970
163
756
751
264
54
143
795
497
52
812
292
913
124
602
71
144
704
669
491
156
686
398
725
34
286
270
563
239
570
447
278
682
170
71
352
593
53
101
522
168
735
776
554
228
213
403
475
526
118
41
508
499
939
972
465
990
18
75
791
365
289
138
228
816
170
656
227
186
148
683
781
86
46
861
914
519
905
50
426
290
13
357
227
206
590
355
615
981
439
683
972
