0725
334
8
743
575
261
405
15
75
260
345
52
333
275
329
23
680
86
875
635
959
47
396
654
41
31
800
956
926
751
231
697
385
222
923
275
175
910
657
710
597
684
613
796
379
991
614
971
908
773
279
629
80
570
535
819
96
429
160
384
132
638
98
425
35
535
58
2
278
537
469
640
252
320
253
168
53
854
156
752
939
979
2
550
349
748
511
515
993
613
644
205
584
865
538
537
898
752
333
70
433
989
626
901
651
192
106
719
716
257
979
842
774
477
406
56
172
410
702
659
35
351
768
988
992
677
76
528
134
130
33
874
547
601
640
715
899
957
592
122
107
414
973
792
542
269
941
398
148
990
959
896
763
678
469
361
823
540
650
357
847
421
784
203
