0726
510
646
730
564
697
852
212
50
270
387
449
618
894
50
489
404
842
661
833
367
574
845
289
361
807
590
933
806
486
160
417
724
420
639
720
667
844
954
217
46
443
534
228
154
500
923
248
679
884
753
371
78
697
460
135
381
58
131
733
21
19
867
455
781
958
534
579
391
172
309
905
951
914
832
582
309
902
847
617
719
250
393
369
317
773
855
851
462
446
977
327
453
382
617
977
93
691
181
759
189
972
285
147
513
117
47
982
861
387
755
343
116
462
165
845
848
93
378
759
556
635
615
82
694
212
385
806
326
970
645
669
957
423
440
460
918
949
899
172
249
74
582
289
565
120
628
239
116
424
646
821
155
