0727
756
354
752
72
190
2
690
830
142
68
852
863
321
469
213
924
944
535
219
435
591
480
700
848
672
668
185
230
950
732
195
645
744
226
691
472
552
938
618
919
407
357
511
958
80
374
87
747
216
341
221
3
212
478
742
730
54
631
786
68
457
193
944
868
807
820
813
298
493
266
521
280
851
975
336
969
475
165
96
916
865
564
337
783
159
795
523
149
694
211
30
722
613
54
923
339
979
176
114
917
890
867
136
663
335
395
564
316
215
717
690
7
107
561
141
290
543
491
299
17
352
149
721
340
944
134
525
463
496
842
583
514
274
229
829
609
739
523
345
808
492
4
513
89
987
663
720
