0728
144
4
146
742
631
542
677
119
907
737
574
986
649
860
914
714
477
673
672
667
529
953
526
32
700
791
604
22
640
599
989
137
758
805
599
462
136
278
920
520
330
327
435
173
542
185
905
769
323
989
219
170
20
935
341
172
197
49
493
570
328
804
221
677
591
21
776
722
112
887
220
941
926
628
614
621
962
191
284
357
320
32
135
701
184
398
600
335
688
996
516
895
588
976
660
266
780
972
79
815
979
785
783
699
575
137
842
570
182
513
996
716
175
127
288
938
36
358
187
841
413
139
163
700
701
705
209
706
760
264
817
585
49
79
223
28
196
987
398
415
741
558
793
306
363
341
483
825
242
271
772
34
226
626
640
752
837
677
940
86
181
821
479
709
926
305
418
655
877
176
341
165
660
709
548
154
580
100
65
269
64
938
124
110
997
457
169
217
990
626
315
99
723
921
358
908
739
234
985
1000
955
117
74
531
659
592
43
416
443
196
309
605
652
420
106
684
980
137
123
822
375
459
138
809
822
750
90
87
863
957
493
682
248
356
560
935
875
944
597
129
409
297
860
829
952
612
43
219
911
674
558
777
935
669
460
79
492
602
601
