0729
54
209
834
647
549
964
704
643
415
207
869
17
768
330
253
994
467
836
249
6
774
418
619
785
817
231
824
668
742
160
422
505
80
10
781
639
196
604
638
555
110
999
302
578
875
925
549
453
633
381
842
405
401
541
756
312
553
217
282
984
27
196
152
621
576
695
560
917
612
602
39
386
252
8
880
278
798
91
986
613
742
853
201
906
621
989
55
656
944
237
195
482
385
255
108
315
916
639
532
929
843
922
620
347
72
907
261
63
535
603
873
374
350
345
10
380
418
395
355
638
292
957
769
839
874
557
143
60
540
659
138
368
34
840
638
439
922
842
49
212
229
557
773
275
19
598
196
206
634
761
878
708
927
887
965
459
756
826
667
628
874
170
268
961
932
93
855
312
978
294
264
410
892
737
502
33
423
626
725
520
413
18
580
733
937
72
562
860
589
776
651
317
581
9
872
977
251
941
362
666
729
65
140
763
114
199
934
749
806
437
958
752
848
914
589
827
760
130
487
566
1
757
891
287
346
244
898
876
214
246
247
443
138
339
347
52
868
25
640
6
303
52
359
856
788
64
262
494
893
267
965
97
341
901
294
711
198
124
377
644
461
553
792
637
425
676
932
381
25
650
823
690
505
738
971
751
971
448
787
340
431
629
838
103
570
4
874
608
273
682
564
929
286
526
255
113
929
248
155
941
214
874
469
844
1000
64
423
62
132
340
686
579
5
971
129
590
563
17
748
678
143
231
942
947
933
135
417
377
84
601
950
743
172
842
755
726
998
212
434
945
110
569
695
50
662
524
7
506
576
681
640
515
157
772
671
472
906
720
875
380
214
406
673
80
191
775
855
820
362
643
62
717
722
949
677
695
860
951
191
700
317
585
598
105
51
369
124
721
745
606
820
601
30
852
166
420
342
241
360
540
417
153
148
15
626
762
992
813
368
144
272
104
276
846
448
829
755
675
382
317
836
833
789
125
961
793
966
373
875
770
576
412
791
418
203
7
518
823
546
394
724
273
813
198
132
411
558
753
480
406
