0730
352
888
49
740
232
542
863
746
575
852
130
85
213
467
772
651
411
780
92
44
451
162
462
978
901
349
195
987
830
243
436
367
417
169
864
403
889
475
27
941
642
34
208
90
834
94
66
444
664
686
991
225
690
626
455
4
799
69
374
385
154
443
210
836
840
339
304
726
255
282
123
932
533
39
509
840
207
829
817
464
621
645
440
821
797
583
190
101
833
534
254
350
880
190
721
599
985
951
793
988
288
76
799
107
560
561
544
101
225
722
170
510
487
479
293
464
845
384
891
867
265
679
844
92
343
113
589
295
716
785
323
508
517
998
144
376
11
612
105
306
757
220
872
773
880
685
156
213
941
9
202
881
511
36
695
481
49
502
265
698
75
693
761
85
2
175
894
35
627
612
340
548
587
698
901
667
590
613
22
754
291
671
314
290
772
346
627
39
882
64
704
898
850
361
311
525
416
631
784
747
267
697
302
132
28
151
332
68
189
177
991
237
439
766
977
826
761
691
907
316
268
454
51
698
436
201
493
51
576
232
514
298
778
973
385
427
555
954
302
55
19
735
310
48
568
614
243
253
896
18
18
398
751
225
220
388
55
841
175
564
82
468
578
273
668
892
549
909
135
720
194
958
976
328
262
474
46
818
963
80
562
496
16
653
263
325
948
448
51
451
249
22
679
766
566
279
28
266
726
596
780
647
