0731
811
413
772
320
822
390
799
151
634
993
873
220
82
353
823
881
724
978
351
313
242
148
52
254
606
570
249
363
632
946
680
688
832
710
675
56
254
644
638
256
493
298
696
179
991
655
62
562
713
817
936
887
329
248
118
49
466
271
531
547
866
978
905
335
407
650
369
735
55
271
776
598
125
263
19
752
575
123
614
835
43
667
269
469
686
883
686
864
91
203
410
28
817
371
993
537
680
683
790
782
695
574
582
30
695
575
47
21
108
51
637
837
216
681
716
334
294
437
504
823
693
538
969
831
85
509
936
63
837
574
20
851
71
688
565
987
714
724
929
619
263
294
246
739
428
788
645
300
689
898
602
458
201
926
297
902
128
26
35
641
721
282
133
396
729
587
289
639
381
144
740
35
946
476
543
482
61
489
781
