0732
887
382
220
525
971
811
505
809
960
728
269
967
369
320
815
920
301
471
884
497
81
213
515
65
641
44
474
897
739
994
269
911
785
252
258
431
555
573
533
300
439
528
630
613
346
149
384
804
867
458
513
246
201
123
417
634
877
771
789
706
964
306
582
633
770
922
975
527
295
42
323
425
450
703
806
645
339
359
617
243
21
652
424
653
179
278
940
962
991
848
272
822
308
5
41
926
175
769
261
586
964
604
960
672
944
26
349
499
978
633
950
709
447
934
615
693
224
683
405
737
289
223
564
720
70
556
347
909
762
104
658
433
871
486
621
8
552
249
665
752
567
973
381
179
116
189
279
257
470
527
35
92
