0733
309
731
870
865
420
590
272
141
592
305
743
654
923
962
414
126
11
956
294
46
888
657
440
535
989
960
540
669
975
794
441
956
208
948
87
173
587
105
302
532
147
839
428
1000
925
389
135
390
474
250
369
137
698
813
220
56
555
35
386
444
514
795
290
682
387
449
287
241
839
977
232
332
263
25
640
478
402
943
528
791
831
342
760
421
68
578
260
387
518
598
842
781
243
881
679
549
306
581
9
475
465
623
537
650
520
25
814
555
390
982
838
559
345
203
949
689
257
442
527
234
505
670
502
325
953
861
445
99
561
153
577
982
328
253
248
130
322
996
818
266
491
44
497
452
327
140
257
202
207
353
597
909
305
344
155
402
916
481
120
813
740
935
258
457
601
438
46
321
37
350
379
257
251
994
464
629
864
209
782
207
491
258
154
366
963
373
999
630
936
469
870
580
772
71
871
238
222
538
475
103
513
201
413
108
398
43
987
215
105
602
978
20
318
951
368
688
906
827
705
228
577
196
432
55
