0734
912
705
411
369
826
1000
274
47
961
668
765
893
79
753
752
665
41
64
45
556
689
38
340
80
78
505
176
780
28
998
510
998
983
609
79
589
9
711
841
597
87
472
65
44
799
410
698
36
191
859
173
298
885
345
755
367
157
100
656
849
800
452
14
673
318
753
480
976
842
98
50
56
999
114
948
515
458
809
536
883
331
138
149
707
156
142
136
696
860
545
492
177
420
151
432
393
434
615
479
674
35
48
966
781
134
543
540
762
386
690
106
777
398
739
174
347
550
294
726
202
733
89
805
718
188
538
729
113
292
920
427
800
793
721
441
271
867
762
940
62
493
422
683
343
456
982
16
900
984
318
723
422
822
500
174
190
966
448
797
65
308
110
566
538
912
784
143
56
743
551
341
184
430
780
879
922
125
190
816
421
799
120
538
254
943
426
882
107
213
443
362
453
253
200
683
206
441
226
262
108
606
820
774
203
852
628
979
214
110
522
542
398
331
180
184
33
395
644
580
287
802
474
218
444
268
209
745
668
16
400
847
943
770
865
273
790
280
935
971
123
974
830
288
63
875
831
855
310
303
492
276
356
770
319
498
902
887
847
752
85
46
843
971
575
521
253
527
169
951
962
739
647
281
530
587
578
899
528
219
827
883
472
902
138
882
835
317
274
120
726
348
427
907
281
998
520
716
615
472
865
576
511
680
604
364
652
878
989
958
161
326
234
418
708
792
615
610
688
374
510
170
584
995
195
954
512
187
660
693
472
623
876
885
616
360
544
580
607
977
741
942
42
442
745
950
643
837
520
915
155
313
736
32
201
648
380
393
980
720
57
352
179
867
287
180
664
596
987
172
914
449
997
217
163
555
981
656
36
867
117
705
17
468
244
814
973
593
895
570
701
353
121
622
689
834
683
743
85
314
193
998
898
949
71
466
947
227
880
684
449
531
465
565
773
555
851
337
412
183
995
435
733
448
528
760
42
325
866
604
642
619
591
467
312
468
401
960
693
930
94
835
321
449
801
71
165
128
22
519
4
477
87
36
538
479
23
586
639
826
207
181
658
682
