0735
292
289
653
219
792
71
579
4
455
97
805
654
102
926
693
579
943
193
840
432
262
376
443
579
596
608
572
348
443
100
457
774
400
181
281
487
549
678
68
220
246
418
4
671
158
335
884
82
5
293
406
495
328
284
488
491
380
621
352
617
980
54
572
615
133
402
242
633
592
930
914
804
563
345
481
43
731
803
370
539
254
681
705
850
910
711
909
729
72
716
628
2
501
468
378
999
732
367
429
987
334
117
588
393
272
677
518
180
184
352
146
616
901
862
727
654
727
624
21
499
462
660
738
605
594
790
721
108
399
298
670
844
586
670
282
903
311
237
225
162
427
617
151
366
47
386
68
997
408
696
420
578
231
283
942
175
368
284
244
759
238
997
498
788
693
24
918
154
365
677
170
240
507
864
178
245
476
327
30
348
307
595
640
366
133
21
633
543
332
161
544
179
528
106
499
321
185
521
319
237
490
42
101
640
72
648
383
740
688
167
87
227
411
272
800
808
174
571
574
18
591
999
934
202
286
609
872
32
977
74
906
368
311
517
164
37
228
497
488
484
335
952
651
339
349
971
249
279
529
720
916
571
135
569
509
948
485
207
878
527
444
350
612
609
622
941
365
462
51
231
702
12
1
862
599
53
12
204
614
458
490
92
234
794
136
107
319
24
712
390
771
304
555
255
181
39
500
984
441
779
850
331
488
605
762
927
239
583
111
174
811
465
908
988
641
723
972
623
533
13
676
617
683
547
19
286
486
982
907
406
914
219
480
675
217
507
671
35
67
990
708
962
342
56
809
85
540
777
441
499
526
688
236
698
999
298
311
822
959
552
334
686
810
932
54
845
36
814
452
429
155
155
496
152
248
733
408
161
224
785
167
220
438
692
722
966
21
669
528
739
74
974
899
928
286
734
771
241
102
285
53
133
982
740
705
226
958
26
629
392
901
264
222
483
454
574
868
764
49
139
685
573
130
762
320
400
18
393
244
201
650
942
280
571
155
480
840
996
393
834
908
297
352
937
125
822
209
52
506
815
989
99
627
546
268
413
155
836
353
801
740
602
583
