0736
931
790
56
911
712
472
655
197
225
508
841
288
585
77
367
502
281
51
925
551
182
405
55
643
143
548
675
233
514
144
644
486
26
200
237
79
69
485
879
342
640
788
973
21
410
403
397
139
718
142
597
210
923
49
604
581
921
934
597
311
80
818
858
625
673
998
404
126
377
144
764
413
830
555
747
91
134
576
448
176
743
911
903
995
997
490
793
164
524
986
483
148
914
354
13
689
24
883
527
802
632
880
81
977
409
436
508
388
484
925
569
735
515
3
769
293
906
222
477
499
218
918
857
273
166
729
585
5
486
8
559
17
349
614
375
187
942
371
818
256
155
909
91
499
328
671
782
960
444
977
567
426
255
713
645
195
659
195
636
818
645
98
547
456
599
116
194
686
301
24
127
953
163
968
338
135
616
288
82
801
140
889
600
811
431
641
224
235
460
989
20
18
553
90
110
977
249
186
66
984
63
856
400
