0737
512
758
619
715
928
917
780
480
13
150
145
375
854
60
854
198
916
770
190
545
156
373
159
1
476
904
261
145
788
28
228
935
492
553
907
940
702
296
735
546
254
216
612
869
267
882
676
978
341
849
177
25
202
856
418
235
29
896
752
403
261
482
136
661
130
264
661
861
224
483
566
863
257
460
558
736
893
915
320
33
980
877
995
521
181
867
236
379
29
852
816
786
665
124
480
311
232
191
30
153
400
217
178
885
232
529
872
498
205
30
310
386
492
344
750
464
936
295
843
385
235
471
782
952
370
860
204
391
698
33
167
28
175
214
162
541
826
