0738
808
980
164
80
317
544
93
844
38
354
480
618
169
451
709
703
825
71
504
211
281
369
720
946
514
452
430
138
319
802
38
206
43
188
245
247
154
544
647
999
440
400
987
987
404
906
697
117
655
132
192
905
716
324
132
525
803
130
212
23
682
995
993
208
839
447
944
551
485
455
674
282
791
425
29
695
203
392
625
596
532
789
957
191
890
502
681
64
984
714
349
256
171
729
804
554
488
38
785
745
489
623
188
754
758
973
867
220
987
172
340
255
417
374
709
396
102
679
614
284
52
363
571
504
3
289
315
617
264
201
196
42
631
372
907
477
230
5
989
95
182
362
460
638
689
622
398
901
850
722
641
752
388
485
667
9
316
510
737
224
891
672
150
607
410
74
91
864
864
352
37
112
656
387
746
367
992
739
259
476
454
825
834
965
295
771
221
300
919
68
110
762
684
450
589
947
941
318
390
66
734
631
228
762
863
663
907
967
610
115
743
889
350
439
736
945
170
312
460
727
833
327
937
955
696
491
596
605
