0739
311
181
391
393
8
574
43
68
899
522
921
14
696
200
365
291
146
451
455
899
544
183
233
648
244
291
747
390
635
625
751
43
868
86
271
552
449
874
172
365
608
762
924
505
368
5
478
151
769
168
579
704
395
617
538
929
79
76
748
90
422
158
452
52
144
205
302
554
384
614
156
208
598
287
194
55
191
720
979
481
148
250
558
726
146
350
886
406
935
175
650
468
808
806
427
541
870
947
524
222
130
474
743
313
813
27
790
882
636
482
29
36
637
342
712
660
998
542
638
869
93
755
206
253
907
74
992
669
259
447
43
993
908
453
407
560
853
971
131
319
947
433
225
827
466
