0740
509
938
70
867
793
544
856
929
470
684
175
697
453
198
537
348
318
428
78
186
999
211
66
87
423
59
706
215
284
893
987
183
299
163
344
767
799
187
494
144
798
672
67
625
734
485
89
380
410
444
723
127
873
771
617
745
456
231
760
896
83
776
787
775
842
403
922
852
256
334
416
382
845
477
678
892
406
183
27
881
355
593
576
545
973
580
492
470
963
975
997
913
882
637
943
124
547
316
719
365
455
359
859
217
389
835
191
779
413
259
957
402
514
134
38
623
603
11
823
225
496
919
613
657
961
122
489
364
900
107
778
693
119
352
446
676
151
257
832
780
401
879
612
785
416
12
24
997
250
250
816
107
7
930
714
42
177
106
910
432
819
14
575
995
94
826
862
656
401
753
211
185
286
339
155
960
631
555
990
677
614
881
60
381
873
120
385
726
678
65
225
418
757
834
473
686
365
306
629
772
172
495
317
623
554
987
844
656
402
318
412
888
729
918
514
987
70
604
311
280
880
727
940
437
873
161
416
963
905
540
260
843
179
529
79
406
87
