0741
604
565
755
143
177
107
780
457
341
150
706
139
61
313
354
318
587
932
816
65
71
704
121
92
316
755
981
377
774
460
200
214
347
842
656
983
33
352
749
116
318
518
735
888
676
832
35
632
968
937
186
249
574
342
7
8
62
641
539
636
563
810
647
646
128
943
819
62
291
967
404
777
138
19
594
731
501
483
186
373
436
133
278
238
341
538
338
730
798
857
143
4
957
930
657
270
681
874
978
475
107
911
459
973
441
343
480
146
330
813
436
60
475
834
737
656
83
441
28
266
29
675
842
791
805
962
913
892
231
578
763
137
131
634
592
887
834
914
50
902
782
58
263
233
172
906
65
937
557
281
884
595
783
174
667
914
798
607
354
323
537
361
516
122
583
994
827
925
574
396
288
176
831
964
430
397
299
369
848
374
62
108
987
535
369
973
368
266
425
489
616
478
254
891
890
122
57
938
315
44
988
817
637
491
601
733
216
97
968
456
437
437
534
304
723
745
493
701
43
363
915
21
554
889
94
28
422
698
549
310
893
323
973
761
113
976
278
749
581
37
436
100
166
93
768
132
904
800
609
727
648
644
197
694
745
679
386
433
578
119
644
716
874
678
6
44
963
935
675
100
792
13
251
148
205
57
139
464
925
920
270
877
335
895
989
976
269
319
368
388
380
105
720
280
988
53
626
814
752
411
643
24
746
675
135
831
887
338
146
863
733
318
819
974
744
199
291
673
758
735
442
975
599
28
189
826
939
622
210
916
326
690
753
44
127
749
479
575
769
894
377
237
709
128
501
278
377
701
347
993
668
232
479
670
537
211
944
302
569
747
415
941
642
671
308
257
654
378
135
130
179
484
101
264
635
857
504
747
661
976
