0742
580
864
442
517
525
23
403
603
29
568
726
915
178
264
372
75
851
204
227
455
196
18
651
331
137
201
950
801
439
400
645
211
676
844
981
284
874
553
186
977
899
679
242
576
205
557
574
569
262
66
161
981
491
115
327
681
963
682
251
901
130
143
198
952
379
814
858
477
6
786
413
714
454
650
391
230
338
175
859
246
676
434
902
861
606
672
163
432
813
547
123
940
214
870
427
692
297
417
576
153
681
929
760
623
413
454
135
30
512
864
199
874
532
963
657
736
906
908
190
837
98
898
911
312
658
420
545
768
701
123
588
412
789
554
512
497
6
796
721
672
135
700
958
712
96
716
764
135
821
32
580
442
463
369
404
242
442
