0743
958
586
813
479
221
700
254
652
936
941
839
760
955
891
50
301
904
543
192
562
744
148
683
815
141
991
501
576
719
315
797
300
316
891
831
916
746
887
114
856
884
478
126
171
902
841
16
484
358
239
559
295
472
839
478
874
370
231
250
880
370
438
207
276
64
912
419
812
994
697
901
519
13
2
15
452
239
974
512
227
281
414
393
935
947
443
566
693
958
294
262
69
624
733
574
374
145
866
752
31
727
86
58
684
264
720
185
639
740
411
145
510
684
931
67
473
921
962
150
671
224
391
54
959
833
197
975
522
737
281
604
835
987
845
391
759
734
43
917
826
106
164
412
160
729
478
510
512
85
854
584
535
200
984
795
764
571
968
970
54
736
97
854
319
185
372
797
818
279
119
923
878
704
850
279
978
472
79
376
76
224
117
505
265
897
246
67
119
187
643
299
935
822
872
921
341
10
670
295
280
340
748
626
887
822
912
84
809
740
40
171
840
297
344
236
294
235
4
717
866
435
385
480
968
988
498
382
74
795
372
47
881
768
373
208
662
215
824
22
345
573
536
599
524
77
183
790
540
854
739
711
518
716
357
626
817
849
727
499
224
106
607
466
687
394
746
143
903
406
813
605
597
268
303
263
944
932
840
961
937
291
64
866
227
707
189
614
624
974
112
7
914
170
962
205
215
989
481
288
187
13
