0744
266
285
869
114
549
323
462
576
269
624
127
430
652
459
477
467
71
526
835
34
211
823
841
801
931
349
356
933
720
869
206
475
755
595
514
560
324
225
562
459
325
264
870
332
286
877
994
986
538
547
194
120
76
263
720
798
744
633
312
706
629
904
719
749
976
300
957
731
200
388
833
178
70
953
793
612
901
630
727
146
743
197
917
473
354
650
468
756
579
652
956
757
253
342
579
77
969
582
931
499
387
46
95
305
801
382
193
961
246
994
952
51
608
982
83
331
227
810
819
422
620
629
226
790
221
226
735
896
419
711
57
734
291
262
403
366
190
275
58
915
169
363
61
974
23
42
31
185
409
346
748
171
785
31
631
330
722
967
32
62
917
587
916
566
911
781
800
680
79
603
510
490
311
833
601
560
146
144
535
943
874
197
851
311
599
826
200
390
899
344
297
115
43
410
681
122
462
710
165
844
781
522
933
29
744
655
901
901
883
737
903
283
703
75
896
898
960
570
517
288
740
498
193
968
535
531
112
103
740
146
347
26
814
397
837
506
573
44
86
680
29
551
16
424
580
570
535
280
951
212
436
944
429
64
294
63
587
38
413
452
150
210
313
761
193
485
625
553
221
400
552
647
936
887
74
588
704
159
668
379
732
482
714
821
497
227
913
778
194
910
259
69
268
587
343
896
31
811
424
784
204
646
365
124
255
311
392
36
27
293
255
807
337
440
179
607
212
667
179
709
755
33
1
423
225
229
543
839
41
591
575
430
968
720
444
108
722
23
515
429
519
10
836
541
62
223
883
579
174
173
100
652
948
15
725
147
870
474
465
538
361
848
65
553
198
870
810
655
43
902
424
205
924
