0745
313
679
763
823
976
983
790
562
76
871
402
333
368
833
284
443
840
649
687
485
141
786
468
916
853
62
112
540
750
901
142
432
245
121
766
823
25
605
132
171
353
770
840
201
268
700
681
291
457
188
181
480
299
743
804
21
80
798
246
992
678
967
461
387
35
30
649
462
117
604
171
668
753
45
548
794
564
853
653
964
547
348
551
322
506
567
971
651
153
794
329
894
247
168
344
397
584
306
330
573
87
829
868
397
836
255
179
31
421
537
674
510
302
85
52
244
280
773
589
621
539
683
843
654
490
452
632
475
971
797
336
413
300
411
281
778
31
241
55
773
377
285
208
123
126
343
806
61
84
267
