0746
730
419
306
202
500
549
603
663
716
515
286
499
949
313
618
991
391
699
237
684
504
931
752
503
962
655
216
618
747
480
385
224
588
960
960
867
961
133
264
438
908
562
384
498
505
57
676
104
916
980
560
653
937
5
946
62
305
597
439
788
914
806
994
499
495
624
27
280
851
250
730
506
384
919
5
260
357
820
922
121
496
606
341
565
748
486
352
592
102
530
878
511
462
106
168
558
197
36
434
276
522
211
51
557
665
324
773
945
774
957
160
332
487
284
11
756
241
238
792
517
281
568
358
419
478
102
395
609
986
407
488
561
774
580
32
148
164
635
495
309
61
478
897
701
798
238
152
965
818
39
635
80
111
375
826
50
673
940
705
776
785
285
469
599
405
291
410
676
977
747
588
881
822
513
492
601
482
828
880
420
1000
263
641
687
875
573
735
35
415
201
168
380
30
778
616
893
313
185
866
739
979
211
704
552
762
430
480
235
660
550
443
193
529
238
524
893
370
95
863
260
35
685
354
529
945
984
690
883
966
511
476
675
410
117
984
186
275
308
538
379
596
622
539
429
880
86
47
88
248
325
816
939
568
800
441
566
348
600
742
806
497
678
505
257
