0747
638
718
371
685
920
992
996
446
969
93
179
494
43
55
268
94
659
543
693
119
295
698
810
327
132
900
299
442
614
365
604
629
122
496
371
876
278
676
247
543
675
495
580
445
127
127
990
894
337
571
220
168
371
691
519
69
799
736
610
468
352
141
1
554
564
776
339
879
571
161
217
764
372
886
310
5
338
774
703
926
724
508
675
692
965
208
690
273
922
351
270
897
686
916
90
396
991
613
343
220
975
546
325
895
768
21
612
821
28
331
617
982
825
921
545
488
529
188
5
981
408
303
552
267
153
9
495
593
667
845
367
308
674
468
964
301
25
765
991
492
409
251
323
577
766
245
2
464
456
958
344
190
73
833
348
978
288
966
691
726
434
888
99
324
184
645
25
817
7
786
275
805
373
493
363
85
310
882
340
978
838
28
