0748
555
736
487
919
336
456
526
465
115
685
406
767
108
793
115
98
477
454
582
682
114
960
780
608
470
994
73
242
692
420
160
549
502
970
146
450
879
647
631
306
933
736
62
589
448
327
550
798
853
584
259
931
786
242
434
231
838
848
370
324
428
634
578
567
503
100
112
628
147
713
231
836
222
850
814
224
410
502
530
541
930
587
496
568
218
907
48
221
129
350
936
576
207
210
167
732
844
536
166
455
981
543
908
849
829
714
937
276
324
546
4
371
467
842
138
960
293
667
415
413
569
577
450
282
411
14
739
208
860
490
936
912
308
408
307
182
428
762
300
339
618
156
514
767
634
866
661
225
827
261
412
513
