0749
497
994
378
474
232
672
663
381
551
974
471
717
467
881
150
57
39
644
239
199
486
447
965
183
606
148
289
578
667
696
522
231
131
761
7
498
801
305
320
375
975
710
638
317
417
88
24
888
741
153
31
990
299
419
409
281
782
610
793
372
443
866
358
898
222
614
960
924
178
549
617
896
869
44
289
557
212
310
851
574
31
710
955
872
487
994
141
57
943
664
425
155
60
409
116
525
950
164
690
927
348
465
282
91
133
434
131
200
330
11
6
174
18
899
329
808
468
423
691
445
184
656
1000
642
245
603
65
332
136
22
859
691
564
550
754
919
904
96
301
396
178
748
503
848
581
709
407
659
227
927
333
372
11
83
877
49
961
972
563
678
755
482
756
299
794
260
400
214
541
415
62
634
632
598
954
432
603
825
574
885
675
571
333
210
866
403
769
81
617
385
427
740
861
194
840
668
770
391
57
948
554
452
843
484
767
465
876
241
980
788
588
782
378
550
424
234
358
765
742
58
941
921
797
169
368
727
787
125
597
888
369
415
273
265
574
572
29
205
967
275
946
908
334
343
311
454
409
403
2
991
158
966
854
415
961
440
297
322
308
30
228
570
629
930
32
17
205
208
13
924
624
852
97
74
963
913
198
933
750
98
234
772
642
318
490
717
989
364
751
398
545
25
99
627
191
70
845
428
397
118
884
900
16
784
548
252
449
158
788
196
592
58
346
684
10
834
901
714
132
427
724
915
120
316
441
828
646
574
917
946
174
490
782
708
827
423
214
119
943
560
909
525
995
801
138
929
344
901
653
927
331
938
37
227
123
219
103
332
201
134
138
252
353
967
699
125
792
691
391
667
110
361
313
307
859
117
809
522
717
732
818
683
134
367
687
603
574
332
443
909
495
401
908
878
23
937
715
275
600
515
929
703
917
652
324
506
444
951
866
976
252
1000
509
139
489
52
533
916
308
477
156
617
764
215
36
354
443
400
658
916
826
824
128
522
614
465
837
355
329
978
407
481
93
700
585
823
383
894
929
469
704
247
192
400
186
4
859
454
688
847
661
800
780
491
906
101
483
694
251
