0750
895
85
77
143
634
948
256
904
860
816
139
570
1000
234
9
102
95
628
985
824
458
62
897
330
600
972
977
484
598
359
455
44
739
701
995
499
405
998
711
317
841
504
614
99
21
391
193
183
130
772
463
452
137
175
113
244
644
311
290
961
648
367
417
738
81
463
363
58
986
636
885
511
192
151
766
151
414
370
584
814
193
579
855
850
790
516
402
853
853
312
702
823
811
340
781
460
974
714
322
951
935
708
422
393
628
752
289
442
522
178
341
253
171
130
912
538
491
451
596
284
649
861
583
261
925
827
456
108
422
795
958
202
558
529
391
289
807
449
451
128
433
809
716
628
580
690
584
451
189
274
513
445
889
658
914
725
497
842
607
330
490
211
530
330
460
193
626
646
154
561
519
952
556
136
382
143
91
252
979
823
360
817
176
696
593
40
958
809
355
190
37
757
79
206
594
418
480
284
193
575
385
130
510
606
331
780
759
535
136
293
486
478
746
227
342
570
472
902
823
630
416
60
170
533
123
779
37
285
196
576
254
256
238
350
760
472
129
853
568
380
200
405
974
562
186
16
514
117
978
220
927
452
725
46
795
568
843
590
338
92
136
883
466
212
942
914
831
995
536
22
755
266
704
64
206
441
782
775
240
672
991
703
588
642
378
80
754
660
567
453
597
324
698
518
256
797
209
987
