0751
634
798
865
541
195
117
192
95
838
382
713
619
333
589
187
921
324
847
216
844
57
737
668
950
87
753
413
588
245
41
76
959
703
278
257
954
638
601
311
186
320
630
620
631
824
871
525
443
380
429
578
717
714
328
976
437
885
915
433
898
13
834
48
629
345
455
562
826
259
952
786
189
314
738
143
10
180
438
50
99
829
905
974
905
877
176
275
926
728
690
371
985
791
287
907
135
358
947
483
753
912
937
959
458
165
24
178
586
280
127
630
320
228
906
248
952
813
83
360
701
560
190
294
860
557
79
387
647
760
26
968
643
393
92
631
377
314
860
474
717
172
95
912
702
846
493
884
550
318
855
404
151
219
642
641
815
245
676
221
829
806
807
336
845
731
320
134
690
735
415
934
24
458
510
956
745
777
423
910
