0752
514
421
433
452
500
849
787
472
110
637
666
645
886
140
82
434
953
186
956
672
478
482
79
292
623
533
997
136
858
789
204
812
885
866
145
360
121
341
205
326
941
652
182
801
944
18
704
753
264
600
889
515
671
78
643
599
534
417
235
91
293
160
243
233
475
608
645
928
530
241
834
23
262
149
201
870
639
7
664
680
819
680
518
361
366
632
737
909
635
940
28
754
717
778
132
358
306
191
188
495
836
934
867
339
713
295
201
662
492
483
637
1
288
165
245
481
592
91
465
427
424
804
950
39
637
382
258
22
840
661
896
68
236
962
748
891
108
655
165
726
806
627
172
503
11
512
909
293
671
302
678
557
162
672
473
649
107
890
146
805
293
162
422
211
912
694
148
123
504
632
206
335
342
831
207
471
943
205
383
879
636
887
333
970
281
457
163
431
610
561
873
367
498
591
148
618
92
626
971
158
550
65
449
141
536
313
843
713
715
588
241
640
277
919
625
524
444
688
463
48
518
840
748
177
199
395
408
272
772
421
612
468
898
868
710
192
977
743
970
751
891
184
423
953
182
854
196
601
27
307
782
782
148
955
729
747
850
747
258
742
691
202
733
308
764
309
326
715
508
332
683
244
442
365
428
25
352
37
551
330
902
883
469
99
963
696
977
675
459
975
577
147
915
123
22
645
724
85
51
31
38
204
98
639
552
569
896
884
115
508
534
971
166
434
176
276
601
825
22
939
500
542
946
88
957
384
584
239
39
483
588
17
941
922
266
258
758
921
101
269
535
285
390
210
692
473
28
500
807
616
956
879
701
871
763
235
424
948
443
853
281
483
384
324
221
635
677
799
111
409
763
699
176
114
233
609
455
919
906
293
827
847
227
10
710
683
393
446
536
810
912
482
132
881
674
568
980
115
963
522
548
322
719
567
706
736
995
559
910
