0753
867
295
757
202
341
560
776
803
259
668
297
66
24
737
380
699
831
858
26
188
655
345
12
214
699
678
873
773
916
436
617
330
683
803
55
601
601
302
569
746
878
598
428
570
307
829
224
920
388
173
948
178
105
769
58
677
254
471
14
84
394
273
469
331
302
255
379
882
939
459
472
414
644
904
354
312
545
402
750
818
78
285
729
617
126
962
467
261
521
370
92
806
73
409
550
274
186
990
45
562
107
468
535
312
461
869
87
156
549
782
383
959
785
604
367
698
735
60
163
445
958
431
983
611
640
684
69
279
377
760
232
155
909
674
882
220
814
998
438
72
736
103
552
700
81
951
194
622
53
622
534
75
578
295
418
136
740
369
704
950
709
384
46
194
822
472
155
732
974
208
178
572
432
63
248
52
296
350
721
702
977
519
540
811
638
614
923
536
421
852
41
362
829
702
663
323
979
