0754
732
693
293
913
435
39
127
127
608
244
326
24
1
871
326
90
661
497
549
579
226
9
227
951
541
371
68
114
884
247
873
132
378
959
687
162
320
148
876
862
411
990
580
834
670
940
75
61
75
918
132
104
112
891
744
422
986
121
606
827
791
594
99
352
671
818
365
843
900
188
653
295
55
558
629
314
625
614
465
157
939
988
602
507
573
855
750
584
637
394
992
177
673
467
109
577
110
277
470
211
988
131
591
207
652
379
754
644
833
439
644
465
353
936
562
323
292
353
446
270
300
126
885
576
582
873
796
340
198
404
496
756
82
61
878
120
818
138
999
587
276
706
112
333
261
40
407
138
441
3
354
669
674
373
996
177
568
553
299
42
417
112
63
118
861
398
358
929
532
113
171
113
130
996
556
729
681
943
499
360
976
466
22
394
332
263
830
354
240
560
92
676
21
925
206
540
831
341
760
685
98
100
635
804
87
464
85
303
650
94
179
477
433
638
427
540
913
175
864
787
197
509
900
651
975
619
932
136
735
180
221
269
201
455
268
311
828
61
468
136
186
299
605
866
856
916
858
210
319
105
470
140
994
617
830
675
173
611
604
890
245
48
397
315
