0755
953
739
217
421
653
61
282
288
956
223
118
576
362
740
181
165
909
544
761
971
469
403
892
389
607
473
485
118
158
24
569
975
568
582
468
487
232
781
494
662
416
368
59
121
895
628
572
309
532
206
284
795
440
937
730
735
893
987
206
835
665
842
286
89
107
874
925
569
68
538
19
846
611
212
694
64
335
192
558
159
916
309
566
656
388
308
564
888
870
622
885
981
588
637
248
34
317
915
169
316
116
695
123
886
953
9
298
213
584
528
96
326
379
537
538
699
859
369
126
903
560
662
410
868
895
422
953
53
