0756
238
406
397
156
912
47
668
903
416
577
914
757
552
68
530
384
597
311
493
58
973
516
586
62
423
157
857
641
725
953
581
331
371
877
29
65
352
48
634
554
675
610
17
462
851
121
457
955
438
918
97
29
961
219
40
59
840
931
336
967
880
11
443
154
789
306
119
827
431
495
436
909
609
656
279
738
286
843
570
745
436
775
929
590
516
271
849
913
47
379
847
515
931
631
533
868
324
944
988
31
127
902
719
162
590
587
760
552
980
925
493
695
788
670
970
430
323
502
513
908
210
210
724
53
219
351
222
851
229
160
63
447
622
559
459
206
926
66
524
501
872
612
459
338
358
747
591
377
69
587
823
161
778
479
626
423
934
30
981
316
782
755
576
349
460
255
561
254
430
794
875
595
524
209
24
248
219
389
294
567
378
66
129
632
968
928
121
576
375
899
232
237
667
402
209
622
504
455
310
815
226
374
882
545
343
909
818
865
68
575
271
214
395
321
990
451
960
146
755
612
813
724
142
947
561
85
977
198
152
513
551
17
700
837
745
1
349
804
249
645
219
924
544
990
270
165
821
484
777
18
304
267
938
191
443
518
535
58
56
68
123
758
438
991
972
730
646
985
324
956
415
958
558
49
615
678
822
666
475
511
629
558
621
337
109
9
43
895
