0757
293
902
512
171
327
964
411
445
34
913
550
145
458
588
256
139
838
509
170
765
418
345
512
677
745
284
469
295
206
508
236
679
451
288
134
884
246
606
326
234
919
326
334
887
161
403
800
182
390
18
901
171
275
375
103
236
195
666
718
670
416
862
515
38
613
806
27
707
299
481
233
313
899
982
700
936
329
146
761
35
869
155
907
560
712
964
599
322
285
492
187
156
557
105
390
74
492
228
675
12
825
636
828
381
930
800
841
123
327
927
463
425
354
655
187
284
622
22
963
756
27
800
548
719
997
370
540
561
517
991
96
851
707
596
345
586
129
112
253
