0758
38
860
620
498
107
672
656
805
809
811
914
227
998
421
560
822
954
302
77
982
795
522
955
158
738
167
594
109
551
63
168
390
249
360
312
677
580
723
303
4
508
356
770
349
221
675
784
86
442
462
289
951
493
540
447
835
64
371
766
468
650
475
598
796
207
636
49
829
812
162
733
967
538
543
204
316
89
9
604
658
439
409
108
302
542
209
481
128
531
453
863
177
215
507
797
867
968
167
76
606
149
832
482
975
709
628
286
211
306
612
58
666
127
986
955
993
691
694
541
894
527
587
713
407
533
75
241
835
7
745
577
668
706
