0759
368
428
917
924
628
459
83
549
570
463
477
12
336
8
829
355
141
742
369
692
630
331
391
252
293
437
596
529
144
108
772
233
864
358
382
569
153
265
25
585
302
659
94
722
197
418
925
366
278
381
806
755
737
883
624
377
979
917
593
397
325
14
352
627
659
37
40
158
758
898
139
718
578
573
878
533
671
30
34
412
307
142
366
418
655
531
987
620
912
282
23
508
843
438
365
501
459
270
555
248
171
796
590
239
541
392
141
841
622
56
624
916
618
235
272
24
115
200
765
87
806
333
566
794
345
210
378
220
893
40
30
274
195
42
388
297
606
17
33
978
899
810
808
107
559
434
791
90
110
288
32
391
771
718
983
194
449
997
848
791
640
244
540
996
47
490
8
45
45
186
954
772
400
177
849
141
592
825
56
741
708
390
215
857
657
625
558
959
87
536
415
592
914
137
376
282
5
361
180
958
712
14
480
752
857
805
966
889
769
212
837
605
197
393
70
51
254
723
772
880
498
822
587
343
196
728
763
538
862
583
149
478
396
650
829
572
679
616
533
526
887
524
869
770
951
117
308
453
595
997
96
589
621
305
446
356
308
381
290
401
303
413
916
714
93
657
252
898
150
991
236
858
777
845
133
936
611
761
506
647
265
669
117
460
992
938
920
638
64
539
956
646
371
177
714
219
692
727
290
219
242
483
858
860
621
9
296
464
788
298
188
730
314
141
658
435
657
275
897
871
355
939
36
105
711
773
715
214
849
738
278
389
734
892
486
917
282
666
825
972
818
670
308
558
816
820
152
114
308
488
855
216
390
89
345
495
436
339
676
146
813
194
625
294
963
899
328
513
60
157
760
724
579
81
653
560
391
538
194
457
911
751
186
543
181
129
150
800
456
204
88
435
823
664
666
815
296
187
390
617
732
817
340
416
889
727
563
676
539
292
204
162
156
413
33
651
867
521
861
687
838
502
77
664
778
61
99
822
282
412
673
735
343
3
871
266
833
57
219
542
354
88
739
518
45
205
838
519
974
151
962
970
574
918
806
348
132
618
670
984
914
291
91
232
69
982
27
661
