0760
975
787
102
289
679
690
592
734
503
935
60
30
413
481
193
224
168
715
407
719
459
576
683
909
7
101
99
280
232
477
805
231
908
446
375
517
338
159
426
816
777
534
250
134
651
799
697
932
613
977
428
826
166
363
68
14
843
163
809
336
699
363
537
274
323
794
739
605
386
466
760
46
666
426
149
873
435
758
967
829
135
133
955
468
36
162
566
330
67
842
216
112
582
415
446
86
314
251
531
366
208
905
801
370
790
736
189
56
106
30
615
169
668
992
637
559
486
566
781
851
939
825
403
788
283
275
812
140
254
152
61
980
531
476
543
785
22
557
211
250
806
523
959
531
475
470
697
415
838
46
715
518
811
802
423
123
305
15
494
760
826
998
269
64
747
417
452
800
691
421
723
94
204
841
274
306
955
599
167
764
675
885
709
145
662
574
68
631
273
340
699
616
658
216
381
975
226
279
706
352
343
932
397
517
968
825
833
523
811
378
223
740
496
163
888
303
140
772
393
883
973
186
499
364
222
908
40
662
52
368
57
349
