0761
307
787
784
295
528
101
647
771
755
613
977
618
57
317
965
809
19
844
466
327
577
724
962
541
576
171
810
322
555
645
298
322
89
341
524
41
297
547
643
157
299
912
470
972
636
839
985
741
360
310
627
802
163
880
175
277
269
606
220
582
13
880
586
296
757
455
69
951
399
552
688
502
271
611
14
655
450
261
552
511
682
983
748
869
496
522
853
56
939
793
476
150
200
674
878
172
81
306
581
25
245
277
49
345
941
691
588
501
518
428
575
708
784
691
232
752
500
786
962
752
166
703
35
554
856
355
605
332
652
543
698
111
318
341
793
611
257
249
372
306
406
277
198
426
352
786
915
320
810
331
599
166
176
698
149
646
573
4
734
193
126
863
191
803
326
