0762
774
620
323
952
368
263
516
480
942
736
303
591
467
694
597
701
886
464
777
510
946
842
670
782
92
571
515
575
367
967
387
44
754
28
1000
207
944
817
384
319
469
906
848
79
834
820
176
73
635
146
312
224
635
325
941
82
833
858
996
542
926
787
173
571
425
991
546
475
925
454
558
958
468
1
39
705
645
849
847
435
304
207
345
424
978
683
754
182
547
698
318
389
223
269
808
560
208
739
946
354
863
357
568
319
706
836
18
158
660
442
91
181
614
933
97
344
877
343
217
881
123
580
322
398
747
520
758
977
947
353
13
379
276
386
345
519
646
251
413
679
315
958
291
387
240
330
64
708
526
85
912
649
965
389
675
9
639
852
782
362
656
823
726
776
673
582
24
744
247
308
