0763
213
785
996
296
239
76
210
738
742
443
634
313
665
317
871
203
525
352
160
531
966
802
12
885
138
515
52
284
729
186
278
797
168
133
273
230
94
846
617
609
34
81
340
18
337
195
463
805
336
969
256
410
558
685
903
848
276
142
900
529
795
868
158
583
338
154
250
918
574
140
572
841
125
488
737
25
294
713
534
627
628
999
116
626
602
181
848
355
558
896
410
236
268
32
520
196
549
711
839
860
675
278
612
483
505
424
655
546
987
763
991
702
975
88
185
716
610
316
287
991
208
546
846
506
458
181
137
520
116
82
748
382
707
343
406
707
297
399
187
926
681
758
433
965
469
821
765
483
870
380
823
877
660
773
544
572
346
410
61
457
163
265
102
797
566
714
649
869
509
159
95
106
314
71
226
476
966
986
447
972
156
379
686
589
53
814
326
881
93
566
907
41
666
839
999
461
524
239
474
87
784
498
741
985
951
331
525
836
695
932
537
801
266
25
559
585
309
199
923
604
681
92
350
34
