0764
434
967
164
705
700
903
421
396
230
399
843
774
925
486
205
377
993
633
974
714
443
221
936
725
96
563
312
523
144
336
541
532
68
317
632
194
765
776
987
720
842
361
240
549
598
529
323
907
721
315
251
942
876
905
704
484
565
417
84
424
985
517
71
559
649
123
58
624
166
90
927
738
1000
234
899
698
360
79
478
804
992
238
231
986
840
880
203
860
841
928
185
677
168
262
435
330
641
310
681
614
514
869
400
456
424
713
258
8
902
877
550
358
140
769
305
709
374
348
241
775
793
89
927
313
887
67
768
200
40
163
153
606
116
439
86
795
861
245
34
702
646
471
530
176
543
915
564
595
235
459
498
783
434
530
647
222
11
62
764
30
754
774
946
411
73
676
475
874
800
380
211
500
127
352
193
38
949
889
663
352
865
192
21
165
121
415
517
358
835
130
723
994
688
719
501
933
979
738
956
862
529
606
895
241
868
565
777
857
740
62
57
970
11
322
448
947
941
199
149
664
648
168
127
977
542
854
247
513
