0765
153
966
824
988
278
98
289
870
143
393
638
340
610
665
142
678
62
791
705
474
503
926
221
353
381
442
928
626
52
619
165
570
932
296
1000
511
887
847
261
675
473
559
421
709
42
194
81
806
948
280
264
205
260
100
546
791
612
129
502
235
436
149
725
587
595
79
322
975
743
217
961
131
284
554
269
726
55
202
663
285
697
683
356
428
708
12
322
162
242
75
264
467
989
675
630
931
980
245
194
635
878
379
88
205
217
942
969
400
548
397
398
675
394
303
721
928
95
799
897
653
389
724
385
991
626
651
777
54
856
491
886
396
