0766
516
314
356
411
261
289
686
996
809
504
492
754
819
440
800
53
226
217
401
586
846
247
849
606
260
419
813
807
6
794
197
997
663
655
449
473
73
389
948
163
787
96
372
654
334
264
102
215
54
682
101
335
730
222
489
724
370
994
44
639
820
473
732
926
445
527
94
365
655
784
754
190
491
470
211
805
851
560
905
715
121
344
811
527
46
805
739
285
285
26
508
251
785
193
794
298
966
152
959
109
747
461
915
577
922
345
354
138
309
482
112
321
711
654
935
481
585
474
370
201
398
886
710
402
585
895
452
977
49
322
847
724
309
770
13
10
247
283
807
197
948
140
413
922
427
741
410
153
942
604
131
872
390
720
349
306
278
980
834
356
243
95
511
155
918
540
590
964
523
751
304
616
418
173
69
43
658
9
207
975
768
456
127
55
644
827
845
127
712
199
667
407
