0767
8
443
434
3
469
367
894
405
324
32
945
869
989
548
133
398
941
859
776
255
500
400
525
805
640
434
255
119
551
869
952
871
815
168
800
876
986
37
175
979
996
749
737
977
544
500
561
409
968
565
996
436
884
222
327
19
58
36
638
153
836
471
942
558
244
414
152
23
277
427
18
482
92
371
183
511
705
2
635
387
980
552
929
10
7
474
494
182
685
724
338
70
916
998
952
81
170
185
467
531
588
987
413
912
824
847
19
920
678
212
189
333
416
550
489
274
821
210
899
645
715
559
685
514
363
325
359
600
678
91
320
139
938
647
6
184
476
305
2
245
472
323
617
626
240
260
109
857
593
845
180
622
548
804
918
154
285
715
93
635
398
711
546
674
521
272
271
474
571
842
827
767
179
152
214
252
497
530
563
367
805
981
879
460
353
992
56
960
471
794
228
907
63
485
156
187
771
726
974
946
9
74
784
608
586
97
309
563
286
208
354
435
316
175
495
565
816
88
330
969
328
44
418
79
834
456
759
876
134
5
929
401
900
818
168
713
463
972
665
128
873
764
263
924
425
266
706
704
779
400
973
546
299
974
294
633
229
732
759
465
343
615
72
81
828
955
981
933
28
494
504
994
724
508
658
853
538
629
63
827
735
780
368
185
419
980
