0768
984
378
169
221
844
880
942
714
863
686
144
153
139
320
716
307
402
552
523
767
617
842
140
1000
986
903
134
629
68
218
479
164
308
692
822
12
138
975
251
31
163
952
799
832
279
778
555
152
568
258
416
241
940
256
228
734
464
863
923
572
270
665
431
86
17
731
421
987
71
741
937
645
617
900
239
861
391
766
316
192
218
340
320
904
630
15
433
237
756
39
364
498
593
141
897
370
922
489
789
555
639
719
308
395
992
519
764
802
123
755
953
4
520
740
572
86
879
626
878
881
969
410
442
19
122
785
205
850
611
433
535
609
900
230
47
345
568
375
949
604
835
146
644
946
441
591
617
778
81
641
287
243
533
850
325
885
138
801
247
535
591
417
411
907
343
101
570
496
258
412
514
19
120
773
20
950
47
461
277
693
964
574
925
708
488
614
453
70
677
137
785
503
848
677
749
814
42
23
759
809
30
774
120
196
559
310
734
768
458
197
768
726
571
640
435
17
973
725
105
961
333
176
776
738
542
116
320
105
543
336
570
654
387
65
596
12
206
499
732
34
47
454
515
123
880
165
203
282
270
942
385
244
898
248
157
511
202
889
976
622
857
604
155
306
783
391
295
854
511
529
460
840
98
525
756
666
842
37
101
249
927
855
905
336
983
319
470
848
12
932
813
280
619
420
382
846
925
127
893
439
931
961
587
157
669
930
929
340
195
835
518
554
640
325
513
899
504
398
558
881
441
650
89
230
704
72
248
869
390
674
798
408
712
522
609
522
759
426
917
331
484
520
277
420
103
994
253
261
935
466
791
621
356
332
711
660
567
667
983
627
367
957
