0769
466
343
958
433
154
760
537
461
79
380
841
179
603
721
344
267
685
576
480
183
170
252
546
519
376
607
50
777
880
708
553
89
987
428
113
749
193
944
702
333
337
217
648
906
743
986
937
628
244
652
425
854
160
24
382
502
519
134
130
895
936
144
917
725
875
808
918
635
299
848
84
478
287
537
723
656
891
64
270
783
281
635
243
987
759
24
136
396
790
294
198
587
650
892
772
423
535
332
459
244
51
290
121
109
301
630
523
360
644
334
291
549
496
905
492
530
898
530
864
109
45
944
962
601
473
450
133
23
734
999
957
39
