0770
184
509
351
200
254
917
450
318
723
525
940
298
616
593
756
564
245
920
129
941
470
205
976
668
640
357
116
977
861
857
862
3
95
307
485
589
445
559
694
362
814
515
2
417
493
970
149
335
380
807
239
678
152
231
28
184
427
225
536
207
320
857
634
648
249
529
329
981
409
611
74
591
147
237
691
484
568
270
354
790
184
780
942
863
531
660
494
229
572
872
794
681
45
47
693
512
406
972
975
375
543
782
956
423
195
682
197
932
8
951
847
577
352
848
450
882
296
851
254
861
341
319
997
992
768
650
928
381
294
37
604
594
816
19
412
881
112
757
234
491
