0771
101
786
546
928
552
113
143
878
922
254
951
136
64
773
333
244
232
12
348
748
26
530
913
198
454
906
288
743
591
4
753
743
706
370
16
184
302
525
149
157
209
223
981
419
331
513
454
142
14
810
456
815
710
232
827
284
736
954
35
134
831
5
614
456
264
959
485
178
227
486
432
364
703
114
753
240
552
626
751
551
123
281
253
91
912
262
681
825
240
38
20
386
314
116
954
631
431
423
52
317
422
584
985
890
610
895
666
214
621
339
251
799
84
407
27
920
231
30
456
30
621
931
27
370
409
916
708
884
841
739
109
167
58
388
794
252
914
872
104
374
68
968
274
136
252
59
637
413
257
753
113
558
892
258
703
572
256
483
667
812
140
623
515
231
324
32
647
278
825
300
121
361
38
483
692
716
86
777
372
849
219
244
194
346
232
293
541
876
659
708
121
725
760
324
231
816
417
383
79
901
96
369
846
213
465
489
247
798
