0772
902
431
125
942
824
729
315
131
731
552
882
972
659
668
78
127
661
62
143
611
798
242
700
380
518
92
738
46
180
637
118
981
170
988
178
270
840
212
89
979
828
931
796
29
155
128
768
721
158
467
357
338
807
809
382
830
175
914
643
728
331
394
539
320
317
796
348
124
581
196
381
386
159
786
25
441
356
742
488
394
674
328
478
562
503
129
496
455
345
312
97
199
326
29
277
384
616
489
591
793
630
777
408
134
306
347
163
277
535
383
660
316
845
36
306
280
720
5
956
140
639
625
654
220
118
313
492
459
200
630
734
82
216
165
549
850
781
889
616
659
718
815
845
858
116
490
68
949
981
297
436
125
861
688
687
64
697
552
