0773
166
794
835
179
424
357
757
798
279
525
428
797
776
515
715
51
570
427
517
170
984
293
271
209
819
286
773
616
721
273
121
255
664
53
830
514
363
640
271
950
152
537
419
56
323
763
882
306
914
648
585
170
965
62
174
921
792
51
22
335
353
28
930
922
800
382
508
532
2
413
733
356
44
983
964
867
358
586
411
567
363
970
859
593
107
337
643
33
169
584
849
457
956
286
969
125
251
229
182
837
984
690
609
600
962
686
25
828
996
985
350
629
582
868
997
759
939
651
206
176
196
704
900
928
463
141
495
288
155
755
483
275
962
485
299
890
542
901
35
297
68
142
956
104
964
597
840
193
568
74
102
312
617
775
593
137
585
462
652
364
801
659
360
59
263
618
60
99
699
503
239
268
175
816
163
502
689
594
378
791
426
949
841
180
843
699
808
336
297
110
968
615
342
830
313
832
802
283
559
758
165
869
451
802
90
836
23
755
27
29
527
709
197
779
515
155
368
857
905
905
951
656
913
638
372
555
200
792
400
621
480
973
413
718
574
540
149
887
116
611
566
896
344
242
673
487
360
119
606
188
902
323
218
433
337
44
11
331
366
601
150
130
291
466
940
525
218
60
752
605
384
608
625
372
568
876
583
936
456
771
918
401
338
601
610
675
256
615
18
40
271
630
446
115
802
878
710
204
811
660
706
777
247
861
144
210
526
687
217
598
327
189
988
321
986
783
686
454
975
724
815
756
362
24
263
63
470
783
606
935
152
548
701
932
556
577
785
167
865
881
737
578
630
125
707
434
916
393
468
564
919
84
968
924
926
222
391
877
322
70
173
420
655
624
427
534
535
771
714
386
86
430
554
1000
72
377
180
734
414
766
747
57
138
340
232
13
661
660
307
420
977
879
959
143
577
913
87
443
565
607
437
766
737
593
933
518
780
988
375
540
841
117
205
459
79
