0774
808
623
237
441
27
177
958
413
306
463
690
721
21
741
16
676
845
98
609
993
928
892
641
175
692
146
281
854
19
101
234
166
960
133
208
456
156
395
705
500
132
404
736
698
566
484
727
780
405
608
80
822
913
207
817
583
890
527
678
675
56
619
473
940
438
437
289
74
276
820
584
308
441
894
101
474
310
483
252
958
709
587
36
95
397
510
49
840
660
529
71
203
815
907
154
458
293
523
340
217
366
85
623
446
813
70
326
930
861
242
512
224
189
851
936
226
108
63
346
868
792
439
915
246
59
335
286
173
86
554
600
196
686
247
435
155
629
130
845
547
399
497
561
397
881
234
428
201
732
935
826
661
804
443
340
618
902
274
185
112
