0775
656
853
43
712
659
441
10
12
381
612
640
806
424
800
71
663
302
908
829
800
330
701
38
727
850
419
731
366
919
97
196
968
252
25
640
48
335
951
89
131
911
518
785
318
176
828
467
964
336
610
832
730
777
842
1
836
718
259
564
323
722
902
379
489
18
605
391
390
728
706
968
725
999
761
116
211
144
86
541
851
431
931
475
430
110
383
228
89
843
835
264
455
600
395
739
22
877
141
444
333
860
749
92
370
18
68
356
756
635
127
618
868
971
715
241
274
169
558
763
340
126
826
273
522
345
128
407
292
283
392
731
673
1
501
570
40
977
143
644
406
525
849
405
150
446
997
382
521
953
604
892
772
624
660
272
289
384
465
957
257
128
21
219
884
533
520
364
37
367
702
195
801
194
623
322
883
713
461
400
439
564
852
881
671
76
655
507
377
117
50
666
457
423
136
356
782
755
840
62
364
317
952
154
962
918
435
325
937
405
209
721
847
610
456
562
232
119
514
959
419
160
602
225
911
788
317
682
77
184
765
673
106
980
576
488
171
488
755
756
266
34
948
358
899
714
59
776
23
4
403
160
677
869
287
364
421
252
340
524
728
958
379
835
668
369
712
147
813
276
228
67
370
122
99
728
50
44
780
849
437
405
359
961
39
693
745
668
859
599
34
322
635
271
201
286
328
921
