0776
284
513
1
870
119
291
469
53
535
531
392
172
710
109
863
564
867
888
612
298
254
937
245
918
319
754
764
903
109
532
314
94
117
257
345
128
623
804
623
927
84
722
615
367
683
74
328
971
647
965
478
764
957
287
257
377
953
645
118
719
195
109
429
521
278
299
926
359
866
155
478
647
798
90
347
61
712
948
864
506
482
255
481
532
854
819
324
836
215
457
8
485
8
191
895
362
212
732
955
981
634
189
625
483
558
719
574
424
832
277
167
313
950
638
730
884
887
728
471
738
416
699
113
289
7
208
608
235
50
837
99
91
658
519
808
359
834
120
198
618
79
532
979
606
389
909
716
640
673
381
427
424
869
902
617
947
296
920
136
599
825
785
802
620
660
448
458
320
915
237
581
217
589
279
389
547
302
331
57
714
48
395
643
603
373
779
249
818
117
39
291
529
664
690
135
45
551
620
108
322
83
973
483
55
99
972
131
414
439
52
481
210
572
57
483
136
801
82
683
958
403
748
204
439
998
187
240
363
575
888
827
261
507
565
911
264
677
670
414
791
385
966
433
875
50
107
976
885
402
875
708
867
337
77
173
617
927
279
629
22
422
220
352
821
843
107
303
274
879
938
924
943
811
38
597
355
503
295
853
669
650
608
860
754
625
741
558
25
921
503
496
1
168
227
987
535
716
330
644
81
94
392
284
125
817
503
399
395
956
726
843
668
292
358
190
418
141
140
868
206
836
492
512
284
667
84
422
975
782
720
731
469
283
388
690
331
570
537
370
92
973
996
774
457
677
261
185
465
45
437
757
278
332
32
675
31
627
634
434
945
901
263
53
481
693
330
343
440
992
438
386
781
614
493
2
149
225
781
419
329
319
282
694
457
31
500
32
797
158
508
182
670
367
160
862
787
577
132
88
504
491
893
856
254
161
666
99
165
704
112
160
431
244
752
459
960
189
270
539
443
384
939
620
396
792
807
217
515
346
276
774
230
688
325
902
85
620
78
548
313
476
