0777
992
136
157
221
926
725
547
472
409
838
565
18
978
779
28
116
106
320
771
576
367
365
54
758
204
409
822
255
324
152
503
656
471
416
567
67
119
98
105
390
938
945
749
404
947
909
822
544
136
728
682
835
213
162
877
610
772
807
485
593
53
890
926
817
514
636
108
895
618
705
467
883
492
180
593
625
683
531
132
856
547
746
231
659
960
392
35
934
305
831
141
173
945
115
510
148
217
805
54
898
155
261
916
857
8
755
113
736
839
803
579
906
743
936
601
845
176
61
522
381
189
282
236
87
323
289
705
250
492
134
139
913
5
688
142
644
312
231
638
398
789
671
832
769
960
596
27
829
730
412
155
775
777
859
638
281
780
514
248
642
663
268
847
46
344
627
751
476
673
884
691
870
442
236
353
357
420
123
299
865
631
20
236
885
178
799
246
838
301
431
282
469
617
544
38
505
940
928
661
168
431
599
609
886
38
406
935
831
977
837
560
528
581
191
925
852
856
365
757
753
440
588
11
64
428
909
522
547
362
590
585
522
932
404
912
79
694
337
330
149
89
244
334
152
688
599
962
916
207
663
265
125
845
728
954
686
295
499
34
790
900
342
154
756
397
156
599
692
640
398
978
932
946
907
617
894
106
410
368
682
236
796
862
396
55
783
609
182
637
381
906
517
617
213
289
526
161
444
946
171
230
239
982
93
971
687
704
570
67
19
264
651
740
676
436
187
470
115
584
987
218
54
869
444
768
718
555
651
729
212
447
791
570
677
840
889
238
23
704
730
949
857
728
517
743
21
463
12
202
23
262
334
250
574
804
104
84
114
654
273
242
438
401
28
456
648
799
485
412
975
194
41
237
446
52
798
506
754
181
841
695
694
598
405
860
841
530
552
878
796
301
957
184
38
631
585
108
174
937
964
350
598
544
994
44
832
295
957
112
511
59
89
811
418
894
847
317
357
514
657
509
154
829
653
398
459
105
677
222
497
600
754
626
1
35
471
90
289
405
662
102
237
438
714
467
252
55
559
628
401
37
237
865
787
57
387
201
177
878
622
348
899
800
201
621
658
92
118
794
380
25
640
960
530
