0778
34
58
985
467
345
129
706
103
781
722
758
83
808
940
172
935
224
820
547
949
258
915
167
836
290
260
909
76
25
323
773
208
909
613
762
874
115
130
105
691
220
513
233
489
508
684
116
767
107
353
353
255
175
928
423
866
212
286
210
786
943
642
880
557
603
513
849
639
781
117
501
844
675
737
492
374
833
697
699
894
901
358
68
672
318
973
3
468
880
195
528
950
51
112
714
884
717
185
3
269
913
752
34
807
85
814
629
103
821
708
620
525
125
933
394
73
680
257
97
433
756
811
654
590
526
372
535
532
357
201
128
733
391
289
448
687
728
124
167
646
459
385
678
72
442
8
124
777
944
