0779
396
706
45
82
302
84
432
715
880
778
678
743
258
20
57
561
756
652
554
771
301
63
928
41
413
118
355
761
691
330
813
169
9
778
639
921
883
41
312
799
976
119
576
843
639
313
783
460
739
85
839
461
689
955
195
356
481
537
262
328
490
9
367
723
477
808
491
227
867
961
275
472
800
905
723
865
468
394
657
186
836
166
78
62
258
472
155
809
69
728
126
931
304
691
450
280
531
157
697
758
526
639
986
544
881
368
574
589
957
918
77
971
128
864
875
722
98
752
205
988
625
338
6
221
923
94
991
917
806
209
764
464
248
731
801
547
254
452
465
338
850
603
404
170
917
490
584
713
791
54
623
698
829
983
226
583
722
969
891
252
707
482
701
884
829
263
18
525
16
657
411
439
993
407
601
881
949
183
341
343
215
261
209
346
844
656
85
584
77
250
708
480
303
707
418
142
612
829
370
852
968
88
606
579
596
909
235
373
311
620
572
785
284
913
100
446
873
940
779
679
916
738
124
215
281
263
977
388
191
576
590
42
214
787
411
485
469
124
641
82
846
711
483
777
140
133
597
360
891
461
565
612
275
16
479
199
745
368
49
138
712
858
603
822
517
899
91
72
576
781
891
363
788
824
889
141
762
22
823
194
46
96
806
444
308
912
570
750
494
922
791
988
883
195
100
704
417
657
918
52
976
960
342
68
45
459
597
396
261
986
619
231
87
444
241
425
228
2
165
514
336
653
679
400
802
366
12
815
514
223
639
26
691
152
27
282
811
831
500
931
928
943
932
145
185
609
808
955
874
436
117
838
480
957
468
696
677
191
76
855
1000
121
159
1
995
421
463
867
332
699
612
828
592
272
945
214
323
88
825
93
678
898
157
346
224
902
293
864
771
849
452
739
447
742
380
225
838
313
255
225
929
47
