0780
881
406
986
855
522
130
44
835
877
750
895
576
637
145
412
95
280
654
891
479
867
194
954
681
764
476
250
206
699
267
869
431
61
155
487
885
631
210
514
575
431
713
114
122
372
655
150
43
118
391
209
713
655
8
412
281
146
270
441
314
27
208
160
350
771
797
97
723
496
286
769
4
397
55
644
657
632
511
800
489
901
214
404
510
569
857
247
357
161
96
985
106
527
911
643
715
23
853
290
95
987
851
162
759
428
705
544
694
490
783
768
771
331
6
168
41
159
732
354
412
524
121
815
760
329
668
624
188
773
332
24
5
449
798
579
691
297
