0781
905
559
213
772
284
656
80
221
383
608
225
562
333
415
35
604
454
825
774
153
605
895
601
598
384
828
917
187
131
12
353
892
931
504
578
511
223
55
266
79
793
582
774
69
503
702
482
658
721
847
218
585
442
507
653
856
268
794
525
545
182
842
748
899
335
715
624
565
94
478
293
257
15
680
626
238
821
184
19
120
907
767
624
979
75
291
850
27
625
501
956
956
29
561
537
556
899
150
600
826
590
756
962
443
158
305
1000
219
348
472
864
864
534
273
108
560
66
915
235
407
471
429
929
235
14
34
341
242
869
399
659
427
66
222
456
503
850
140
706
174
607
272
665
524
925
535
863
39
674
605
722
512
282
765
969
363
704
272
877
71
755
236
344
594
949
725
236
559
79
973
974
618
116
783
49
765
617
958
239
713
930
152
198
241
701
856
984
259
139
951
541
119
991
64
