0782
148
232
577
345
811
481
890
980
774
278
851
721
739
767
734
441
289
267
786
350
69
21
467
641
738
528
339
896
655
295
619
724
793
991
929
658
891
601
485
562
318
292
385
669
84
223
288
527
810
1000
542
11
387
502
999
274
894
518
176
595
439
109
380
472
177
593
755
968
703
108
122
115
933
901
615
290
684
17
694
44
856
530
999
725
222
440
819
136
756
192
705
577
764
649
138
156
755
57
81
243
532
25
174
115
473
377
948
609
909
496
261
121
9
108
200
492
43
360
251
512
435
976
330
62
801
19
929
479
525
607
962
141
160
219
499
708
759
773
274
112
156
552
81
97
808
50
633
419
463
372
960
564
934
968
942
899
284
744
349
294
866
552
720
480
47
280
902
752
425
414
34
576
944
952
173
690
425
582
291
626
656
873
960
868
645
200
161
182
876
660
897
732
666
418
225
124
975
877
648
642
645
445
262
266
846
444
12
825
633
539
949
854
505
759
230
835
932
926
924
194
348
254
238
793
712
327
513
367
782
490
183
457
335
883
300
499
390
688
850
443
965
902
908
378
984
714
66
551
711
183
507
929
848
48
377
980
596
664
182
160
617
624
238
562
567
570
796
779
300
687
1
459
783
853
697
272
87
658
757
334
453
399
352
922
916
605
974
467
841
44
599
6
367
912
200
712
192
366
260
986
276
683
927
994
80
748
884
111
380
392
541
670
595
448
612
311
936
381
491
478
297
579
384
776
532
545
194
647
668
979
231
94
547
782
210
649
502
577
465
468
183
340
712
892
98
670
219
33
873
220
574
762
702
145
931
956
9
871
526
492
598
62
739
117
122
1
551
554
444
841
377
960
171
218
429
811
130
199
735
259
406
165
581
506
926
420
834
181
306
352
141
752
846
442
304
544
926
680
63
944
440
312
969
418
310
247
784
768
760
809
304
856
180
835
311
278
372
310
540
850
693
901
725
17
466
562
456
88
458
160
302
869
422
684
928
228
901
544
89
575
425
512
349
763
699
169
628
9
994
335
178
938
360
470
450
705
539
172
196
78
190
810
104
527
985
669
213
56
670
152
2
