0783
311
92
838
599
925
580
561
78
242
766
310
94
386
109
121
545
778
281
203
183
184
500
525
654
713
412
392
552
138
828
239
617
518
472
736
942
557
659
225
128
375
546
90
7
624
994
707
265
510
626
100
503
761
975
107
834
156
277
924
817
104
384
687
484
421
460
116
530
682
765
573
559
806
263
396
525
514
286
471
561
224
587
409
124
297
146
994
27
358
780
33
747
737
732
460
856
673
162
641
397
937
12
349
648
691
664
468
584
846
816
863
101
960
583
855
648
622
884
263
157
630
420
147
677
428
233
408
25
623
468
12
783
990
280
248
296
884
412
617
189
654
229
380
296
946
850
19
425
701
654
135
49
728
353
455
647
530
528
996
572
923
490
598
287
22
561
172
992
2
17
656
485
33
54
596
512
817
338
480
598
176
225
384
256
544
270
530
147
240
688
691
473
16
694
879
352
74
279
241
203
623
127
343
115
111
420
393
145
200
268
471
491
304
179
859
367
468
34
442
207
555
464
684
303
411
104
40
432
724
857
928
731
772
352
69
342
766
459
267
680
796
588
465
779
697
682
936
390
648
144
872
