0784
961
958
117
519
755
385
502
511
349
912
672
449
161
253
717
372
489
279
209
995
803
794
732
713
564
170
712
186
24
160
223
48
563
342
342
202
659
248
437
633
819
695
507
924
102
522
246
777
40
692
946
927
774
466
733
646
338
785
13
83
922
646
861
321
27
546
399
928
327
966
647
964
207
38
493
810
578
958
348
649
431
238
739
293
537
996
896
41
924
24
545
660
261
759
63
384
570
345
898
950
109
875
785
504
62
941
249
14
885
410
576
225
220
87
679
889
226
194
549
589
33
201
3
375
114
220
640
217
250
510
608
75
190
346
512
563
61
266
395
958
368
754
45
874
951
841
101
732
750
442
441
484
637
193
357
694
707
810
830
326
206
825
584
334
938
169
581
79
194
233
677
783
488
290
424
850
526
415
408
349
949
510
612
675
564
987
868
106
637
554
46
866
255
578
469
223
536
904
513
12
202
764
301
863
460
15
148
852
869
971
35
347
311
304
