0785
105
22
663
856
151
528
668
29
403
424
132
717
452
302
116
215
608
420
205
686
237
188
231
330
185
569
883
991
906
374
915
911
17
628
623
419
33
504
737
419
766
973
523
96
745
408
995
28
367
125
995
793
984
494
998
189
826
590
230
586
583
203
311
289
344
361
416
350
840
537
671
346
909
668
116
11
789
122
754
934
952
939
834
222
6
839
787
824
61
436
560
587
50
404
892
648
180
834
513
70
880
453
601
167
961
529
681
78
584
693
279
136
171
220
500
376
15
244
331
650
554
654
444
3
818
106
877
121
677
752
906
417
167
270
917
803
17
693
128
278
950
366
546
664
47
510
552
12
141
909
5
979
961
401
816
625
352
878
593
1
277
132
644
18
174
727
663
341
966
418
207
565
776
630
949
123
671
472
188
700
595
330
160
58
483
48
612
781
581
715
347
85
967
366
636
547
699
71
728
391
319
938
69
693
129
424
677
750
143
729
930
708
573
443
240
807
679
359
540
800
290
300
576
748
55
301
609
921
962
525
771
609
356
93
453
97
859
516
977
31
779
733
728
257
112
413
359
975
68
851
859
531
12
550
168
958
958
242
120
780
640
434
976
625
697
459
116
63
153
189
222
590
654
993
454
313
76
779
22
313
32
837
840
716
123
446
600
90
967
904
938
100
70
65
992
84
769
655
427
213
985
639
147
26
866
518
268
360
816
580
685
342
630
696
540
737
434
456
829
342
60
38
215
328
976
817
84
339
138
60
996
783
241
514
430
863
179
352
465
552
376
568
51
739
946
308
588
786
653
325
888
656
717
199
495
946
159
188
107
998
252
495
956
746
603
950
631
417
909
80
51
