0786
525
797
355
10
889
429
169
254
912
818
6
933
313
896
665
642
409
920
183
544
589
210
246
486
58
111
894
11
731
421
395
386
846
939
574
934
346
467
453
21
36
442
826
903
119
345
603
27
953
443
454
478
528
534
677
200
687
96
675
184
958
546
957
454
13
66
124
923
80
681
808
851
96
984
693
933
614
829
588
309
447
177
525
370
876
367
950
939
916
986
79
61
883
854
189
991
74
826
626
481
931
895
442
729
862
885
436
494
757
420
760
712
816
813
993
972
85
180
383
889
138
145
442
21
807
565
726
334
610
781
26
374
978
217
393
535
945
471
450
635
786
845
595
38
805
948
324
690
924
213
432
407
613
425
908
307
9
96
330
392
320
144
668
227
695
746
35
913
350
797
557
351
501
861
787
545
263
562
486
844
387
316
387
319
912
491
967
901
432
501
594
58
275
852
910
441
232
928
162
982
649
747
145
169
501
938
630
63
885
639
603
671
533
928
922
137
446
489
395
736
126
548
806
203
367
989
304
300
271
351
20
838
630
164
124
93
949
772
244
580
207
651
827
29
3
670
113
698
928
579
66
128
532
677
118
