0787
449
929
704
295
203
196
815
79
429
677
424
415
6
737
366
932
63
131
326
300
722
825
405
564
395
64
783
69
329
702
234
987
943
111
979
974
479
484
576
451
246
898
352
769
309
202
952
604
889
697
613
625
391
67
855
841
603
284
284
239
842
621
580
895
967
452
840
431
213
901
999
105
728
20
807
968
475
9
764
96
611
701
827
593
64
757
465
835
815
513
792
166
890
202
419
105
457
341
645
215
393
980
482
285
783
797
867
117
141
778
12
796
110
949
557
324
467
13
985
208
33
266
351
258
182
812
412
44
479
551
835
984
343
447
126
