0788
793
189
417
119
676
373
66
310
699
641
899
439
988
52
380
267
80
52
525
517
609
490
579
729
536
791
308
667
54
929
374
807
481
109
141
111
504
98
935
828
492
859
748
1000
756
856
40
909
672
565
87
681
725
73
951
229
764
391
3
336
826
170
492
482
736
709
16
740
704
143
311
156
158
570
860
187
979
457
442
937
314
497
201
381
841
318
90
597
126
294
339
428
748
684
679
649
24
644
302
855
651
696
757
196
748
821
877
226
751
295
171
128
468
749
29
326
79
290
805
38
604
412
984
158
98
589
146
241
652
835
121
332
367
466
958
758
190
648
339
857
925
847
673
798
992
701
497
740
736
436
286
275
52
649
151
779
205
798
49
21
266
254
841
829
257
176
446
15
949
855
162
272
102
246
267
566
792
384
787
439
783
646
697
597
518
483
72
29
776
881
681
919
485
736
580
39
923
642
708
204
716
235
243
176
265
360
202
322
298
509
584
882
489
457
960
984
563
712
564
674
485
422
484
702
291
20
219
472
277
653
260
239
236
772
913
258
724
970
824
107
740
924
606
551
610
266
598
275
961
941
668
114
65
449
726
805
777
818
132
480
235
664
81
410
827
384
157
499
385
256
626
155
792
57
352
810
992
414
338
128
930
266
353
966
222
56
691
217
758
831
323
693
374
826
298
964
716
289
759
341
841
470
11
222
798
879
129
990
641
114
299
190
999
527
534
494
21
745
168
787
273
932
71
24
90
182
493
442
64
934
425
502
877
902
88
838
982
350
840
969
783
27
900
779
239
705
848
694
956
437
716
72
359
922
817
25
661
813
401
76
436
610
345
375
824
608
468
889
724
200
540
724
458
162
148
666
341
50
935
51
409
273
333
727
4
157
739
342
55
474
449
114
286
360
938
946
707
256
524
693
174
918
868
837
551
916
495
997
581
934
413
523
6
546
757
604
742
948
933
189
909
80
238
500
630
170
423
291
765
197
471
750
378
280
316
818
610
838
466
163
443
610
502
791
604
488
995
407
189
399
486
154
808
814
464
636
463
367
34
949
828
84
817
808
137
592
357
282
383
524
74
697
94
183
974
117
814
660
14
172
267
283
19
916
889
30
94
779
447
236
184
948
