0789
847
715
869
501
181
106
285
18
837
212
777
399
475
848
345
580
724
973
125
150
639
174
510
884
987
806
500
325
99
382
398
894
373
749
577
472
265
176
189
464
37
700
196
49
668
289
653
625
285
692
798
989
22
966
263
280
59
650
200
665
593
750
365
32
456
883
228
15
272
106
936
376
679
472
944
89
2
316
962
307
205
56
922
472
421
147
863
127
297
378
907
413
130
642
41
340
599
589
381
332
374
225
723
927
63
716
249
670
109
811
710
673
778
748
647
899
773
704
834
930
445
859
747
771
574
418
541
382
117
385
510
524
576
507
339
881
4
469
296
326
928
619
171
754
248
917
628
104
47
969
20
5
378
109
37
533
507
998
438
786
58
384
513
27
764
261
999
601
537
976
522
298
341
491
510
9
31
950
291
44
849
327
190
391
413
328
70
535
771
42
16
14
492
659
192
898
730
887
574
864
159
858
148
640
611
164
867
433
636
287
580
844
140
166
458
624
839
620
947
637
457
504
1000
681
805
325
553
710
862
650
45
54
717
66
784
103
670
475
766
317
570
758
708
775
660
176
268
213
508
737
923
678
726
992
792
866
40
886
845
439
344
863
81
617
782
405
422
389
825
199
698
256
782
23
731
984
747
632
345
615
359
174
185
992
567
830
622
541
282
962
969
638
458
697
278
194
970
615
975
715
937
35
455
592
17
152
850
92
519
228
331
10
520
114
434
140
444
708
758
343
331
757
706
368
268
979
163
275
467
730
354
801
388
806
39
623
653
245
231
836
837
817
701
13
944
812
848
816
250
555
959
535
313
470
97
62
68
998
344
68
228
412
478
878
558
944
