0790
203
262
163
856
512
38
391
932
218
601
892
234
956
729
246
881
897
320
191
508
379
246
284
663
54
645
996
588
167
888
785
220
890
448
69
529
166
868
986
614
981
233
271
402
663
28
698
636
216
149
896
870
685
284
935
973
647
795
638
612
734
760
200
160
341
223
785
169
585
408
252
461
346
503
306
102
833
735
344
221
320
807
169
159
530
281
324
970
949
189
572
208
784
517
478
812
973
508
22
962
466
627
102
967
301
923
272
145
953
319
391
450
667
823
307
31
542
933
728
478
823
916
684
18
191
455
72
741
1
219
22
265
706
295
310
964
208
621
709
580
399
614
612
490
880
473
969
4
715
625
916
583
81
557
240
997
594
943
525
784
589
697
692
405
612
208
69
835
835
980
262
933
50
861
682
287
382
265
558
944
256
556
791
619
154
303
924
465
550
229
875
612
712
260
629
658
814
463
431
818
987
795
683
541
43
4
207
905
159
338
715
464
993
477
127
534
589
82
202
348
82
42
901
684
377
745
561
589
292
120
497
294
259
690
22
649
811
134
954
650
392
420
202
577
858
682
373
783
183
85
53
890
632
193
590
638
265
491
800
796
70
320
670
677
37
783
523
173
455
631
878
776
499
38
715
344
609
737
946
335
307
557
743
91
113
966
909
419
857
734
261
35
390
294
253
613
427
975
323
864
861
957
912
593
972
863
177
875
361
78
912
462
540
505
846
903
74
587
800
622
174
730
114
977
837
264
708
136
226
611
98
112
674
136
458
508
990
633
599
440
180
213
649
679
31
812
447
246
649
669
778
835
945
271
751
219
512
480
416
572
547
127
969
77
591
973
366
932
590
250
28
401
836
837
859
606
115
642
656
517
68
90
686
719
767
73
539
642
215
483
756
147
114
997
956
40
263
590
491
394
411
354
187
989
589
749
569
324
5
827
975
332
567
31
741
378
227
842
393
848
360
461
609
338
9
476
214
775
469
489
680
387
386
50
304
465
214
646
639
969
324
764
462
50
266
252
355
991
718
882
883
318
521
983
432
