0791
895
860
1
668
602
248
300
77
997
513
470
530
881
765
290
451
831
243
727
66
659
679
956
789
36
727
445
249
261
726
229
902
160
573
332
985
1
881
780
684
123
365
616
519
665
246
810
607
438
13
859
807
538
741
315
40
433
647
327
271
33
586
627
11
452
90
21
209
996
329
494
297
133
496
228
25
429
82
984
719
75
76
332
154
644
248
481
597
838
758
720
597
805
925
477
519
427
11
698
175
825
472
693
802
662
381
963
540
257
363
328
15
302
202
12
55
955
265
905
793
975
817
717
422
478
481
355
467
990
565
140
299
130
193
230
687
938
28
44
853
62
559
197
580
429
969
744
519
157
993
813
894
885
41
985
679
520
479
53
349
512
53
661
60
917
16
729
996
592
750
858
91
604
401
964
564
967
767
656
510
372
157
67
658
77
320
259
697
412
221
633
801
528
925
603
939
43
84
821
144
987
683
726
746
3
582
155
776
197
806
91
879
100
568
616
886
540
559
153
833
694
210
542
968
168
542
21
892
247
39
347
337
927
815
211
686
356
416
571
191
495
629
364
47
457
509
357
84
926
195
209
564
610
395
955
421
732
804
737
266
448
585
247
189
894
485
236
306
693
411
324
757
52
197
93
685
807
548
245
274
399
533
826
869
679
129
351
437
828
30
872
744
723
797
671
916
14
358
383
383
102
213
325
436
771
322
153
575
562
919
820
917
671
140
806
645
543
608
272
244
575
900
551
64
33
192
12
670
331
717
701
822
69
378
601
874
827
544
772
857
222
637
220
638
189
466
555
976
304
999
753
157
254
446
247
744
452
716
26
811
757
251
773
873
118
326
415
71
795
178
201
647
399
507
856
776
130
632
699
310
201
624
263
475
90
250
459
974
597
334
81
26
948
597
252
404
741
808
206
355
197
524
422
9
916
665
343
687
185
952
468
711
327
228
679
661
940
402
428
35
710
540
538
354
144
348
398
800
332
525
645
417
468
448
403
396
415
853
195
831
503
883
954
112
174
964
599
232
762
678
97
226
725
888
230
740
29
189
657
259
425
849
433
198
689
25
262
666
156
155
77
