0792
958
156
855
141
931
822
670
655
776
31
188
449
432
473
257
221
710
740
248
775
929
214
50
804
683
59
696
854
697
556
443
949
136
432
228
58
720
209
105
843
122
440
452
842
617
511
283
140
610
963
893
491
605
95
797
52
537
542
933
80
573
114
869
51
279
56
780
427
945
529
898
217
339
517
868
386
204
365
838
642
716
428
694
698
773
314
18
997
68
212
428
623
878
480
780
383
207
83
912
304
937
233
409
6
77
945
4
380
295
832
297
986
492
508
913
821
904
170
537
254
803
403
939
248
648
952
599
232
51
523
853
831
940
626
931
426
619
806
295
181
709
44
384
53
657
226
353
791
134
304
813
913
39
315
912
950
93
451
140
821
25
991
657
52
335
820
283
763
643
628
677
603
299
600
408
385
685
479
206
485
759
308
937
131
694
153
662
430
340
40
343
61
840
93
60
792
921
201
222
651
865
364
56
560
26
28
827
558
178
841
153
705
939
788
890
201
347
124
537
784
708
525
306
519
118
795
10
635
954
668
199
157
222
73
284
620
680
886
231
137
612
144
158
330
150
93
30
860
746
999
928
876
563
371
789
412
640
36
597
544
83
199
318
51
876
908
128
45
183
942
4
758
933
777
100
902
567
810
115
587
242
762
617
302
160
692
57
294
653
184
394
685
784
909
808
253
17
619
818
164
281
159
932
48
932
565
271
478
433
879
743
841
800
108
933
653
996
355
749
599
160
950
959
224
616
337
986
67
676
107
354
620
988
197
283
427
426
770
720
989
213
551
8
568
746
334
7
384
802
907
479
643
599
909
695
676
395
436
972
806
258
48
140
684
544
956
742
884
713
250
947
998
83
415
97
749
61
907
261
796
583
932
232
984
810
837
221
379
763
154
149
521
909
345
33
418
803
37
281
367
10
185
39
402
139
178
538
792
640
478
601
46
312
408
218
650
445
306
268
396
575
714
861
887
886
115
950
180
529
428
553
661
702
823
789
203
914
890
500
524
941
295
374
929
66
110
225
860
376
523
616
36
45
690
458
541
23
939
313
549
