0793
526
575
253
97
895
724
975
892
558
513
293
245
8
514
771
419
16
123
804
343
307
453
102
700
832
712
735
975
333
676
804
980
856
978
451
997
873
142
38
164
179
646
278
691
5
526
674
262
549
698
239
812
769
565
736
764
154
294
132
335
982
867
175
108
175
349
76
325
356
923
237
688
378
203
311
951
997
265
913
475
604
423
299
211
833
603
818
641
961
662
898
982
364
886
920
240
283
248
935
514
793
238
543
358
538
302
142
143
327
129
166
184
408
657
699
824
620
695
684
603
187
317
199
904
347
967
319
533
608
134
251
996
156
716
202
451
857
358
522
301
353
22
388
738
28
491
611
973
304
698
493
131
583
213
986
975
74
558
251
655
550
695
366
13
301
801
932
711
964
127
652
826
153
630
674
128
722
62
440
812
777
792
897
811
765
808
85
88
461
720
854
589
231
122
610
723
878
44
270
51
39
508
886
49
672
592
911
935
306
129
986
629
812
738
801
93
614
167
793
836
717
215
69
334
317
247
479
276
664
405
24
488
248
700
462
703
145
583
558
285
74
321
653
164
580
208
683
697
588
920
525
578
724
583
788
599
581
99
266
446
939
383
223
994
653
669
139
701
821
678
823
678
774
953
997
76
540
734
844
623
302
872
368
514
778
713
573
639
506
891
507
142
614
674
632
278
611
778
481
498
683
239
829
975
584
575
215
236
396
58
120
521
270
341
726
702
246
410
30
115
594
542
270
807
229
829
622
984
454
948
944
574
667
152
844
997
578
298
884
844
556
260
440
526
131
193
912
315
275
463
843
104
296
453
28
707
351
735
210
714
163
612
150
548
687
17
335
912
47
912
44
53
720
418
943
808
568
454
148
480
193
264
165
232
422
755
807
440
199
933
839
867
751
881
620
300
980
151
504
232
87
396
514
582
416
787
365
796
539
391
718
128
858
521
948
128
