0794
972
270
532
595
220
279
727
146
792
533
294
558
887
917
331
544
94
531
141
225
63
985
493
448
518
488
552
650
254
743
261
506
628
272
672
209
652
628
919
222
586
297
736
648
232
462
819
217
890
555
583
801
235
15
822
223
914
818
551
680
783
295
430
258
838
859
944
646
450
655
285
955
322
737
743
337
377
65
206
621
930
110
37
52
426
602
947
18
407
15
513
375
596
444
298
484
400
723
642
308
571
180
617
28
255
484
365
181
294
17
836
707
132
1000
560
374
330
188
565
377
710
416
988
415
178
906
667
664
877
191
198
881
330
867
17
786
99
245
80
81
714
662
912
12
466
350
714
243
682
816
108
787
933
898
25
20
764
639
754
705
539
345
302
486
986
990
699
793
388
796
12
64
107
64
414
364
494
280
143
492
142
947
391
984
576
197
562
629
812
839
749
922
476
607
590
448
790
406
496
974
172
86
859
880
681
240
695
634
999
278
798
250
102
961
460
123
528
719
50
148
667
815
674
364
120
777
468
259
125
31
647
861
208
654
108
58
451
518
335
482
299
657
509
624
70
147
146
566
5
571
139
469
388
923
253
827
304
253
901
412
530
723
443
143
464
116
169
544
581
454
238
676
154
536
396
347
544
856
810
741
964
139
745
898
905
438
397
94
962
367
421
773
678
240
997
819
177
37
349
303
707
470
855
959
993
794
789
762
288
8
104
450
43
526
996
441
534
675
715
574
2
579
443
943
91
844
167
131
86
476
749
476
794
529
888
757
919
715
811
308
191
279
634
50
734
419
158
380
519
519
43
913
991
913
130
655
852
727
825
224
911
142
145
349
788
643
133
28
