0795
222
558
237
381
374
44
791
701
408
148
966
208
25
98
213
353
330
468
384
731
64
18
393
251
850
532
910
148
516
863
569
897
677
674
756
762
508
756
648
376
343
403
79
355
663
612
573
519
782
496
910
952
536
422
859
635
887
420
464
55
128
585
993
956
578
714
169
794
241
110
419
830
683
591
953
102
179
709
933
589
28
318
710
778
612
143
105
390
847
584
309
169
47
365
116
501
489
210
174
141
35
436
522
492
446
974
86
420
209
759
682
279
117
736
587
350
23
825
581
373
439
928
452
843
953
742
128
462
77
624
159
934
364
71
825
900
210
541
582
231
65
145
434
444
348
141
320
962
65
537
316
232
140
342
959
566
863
889
140
906
461
258
420
503
499
600
976
567
311
850
564
803
399
121
332
36
703
710
701
458
164
927
996
522
709
170
966
290
889
22
598
304
370
742
598
449
386
26
186
241
834
369
26
751
275
121
133
113
803
155
654
255
798
70
393
536
103
865
846
664
851
132
68
140
973
584
881
43
329
782
775
271
868
121
335
582
756
471
261
31
185
274
773
655
476
730
826
473
182
298
379
831
230
178
925
722
743
904
866
596
747
106
380
362
603
27
318
698
23
979
774
1
600
216
647
700
299
364
205
709
162
218
740
991
560
761
462
349
782
765
602
829
427
457
593
808
84
329
786
598
704
89
759
584
978
916
606
423
212
842
917
675
903
963
843
62
717
576
971
263
42
120
533
487
888
535
283
824
965
911
140
898
