0796
752
955
490
54
192
461
67
83
375
643
404
697
230
932
487
883
279
529
519
857
402
734
437
981
950
269
169
157
176
380
667
135
635
519
279
441
941
103
932
976
440
493
832
791
970
854
994
666
437
192
352
341
766
369
910
608
142
988
159
965
702
246
555
311
859
48
456
637
833
965
750
265
679
414
858
880
563
430
61
727
427
945
852
425
304
412
233
242
598
591
469
689
38
778
975
385
780
564
95
214
311
977
136
947
25
540
22
210
459
373
275
65
161
720
149
510
890
581
123
225
237
277
422
174
402
1000
700
636
940
680
700
481
990
443
919
182
233
726
687
188
759
657
791
449
850
593
808
790
740
875
55
835
665
413
662
203
268
535
191
181
292
487
556
111
29
964
359
29
379
720
592
595
576
706
190
517
757
218
891
267
529
911
451
299
365
291
825
971
367
586
20
959
91
288
170
446
517
40
782
739
708
563
309
18
383
477
791
69
242
529
991
923
167
732
64
257
317
174
419
835
226
550
707
689
575
920
151
665
527
412
360
253
892
331
315
249
952
513
902
536
966
723
407
258
633
947
912
224
614
439
949
448
127
578
200
504
698
89
390
674
329
986
974
95
746
963
665
87
822
843
999
676
49
88
50
20
68
439
245
708
313
704
122
550
635
787
78
302
276
655
722
328
124
635
418
317
