0797
145
460
687
554
159
614
203
178
97
346
194
664
233
909
608
264
738
610
902
700
497
548
261
643
605
757
314
113
348
662
195
545
531
749
958
744
502
967
74
475
655
451
616
809
534
237
836
606
556
79
743
588
386
684
741
491
307
493
487
413
184
100
866
839
138
46
924
582
141
620
458
774
49
9
547
682
983
662
776
32
867
475
281
32
20
724
637
208
200
538
797
40
711
619
905
453
421
527
444
252
939
104
78
249
305
100
517
314
343
383
771
326
367
179
432
591
212
316
283
330
556
485
659
317
298
960
761
823
360
958
254
789
436
995
799
693
662
566
578
152
154
590
63
704
431
977
310
415
480
771
574
697
451
779
841
570
50
266
237
82
185
780
308
898
837
274
229
867
817
646
250
771
235
164
228
257
25
515
600
813
29
439
656
206
305
811
609
27
199
58
645
59
851
859
731
910
400
274
507
575
961
321
998
260
107
43
782
802
392
839
213
102
744
162
451
254
769
545
166
46
38
794
421
616
418
579
874
37
710
504
757
980
952
682
379
238
812
574
694
692
820
20
832
237
489
382
426
577
574
73
604
301
60
367
514
170
855
153
503
955
357
28
443
407
815
260
187
809
275
602
346
219
345
428
651
747
981
967
956
617
206
174
581
128
399
126
973
856
244
581
826
791
318
832
36
708
156
829
931
279
691
790
50
459
789
940
683
971
199
763
99
31
193
934
559
658
168
539
103
498
524
95
203
329
325
933
681
641
124
524
750
772
648
321
821
966
768
42
257
695
145
813
28
683
259
551
76
788
627
798
691
994
695
765
96
495
794
965
460
580
939
247
612
419
366
728
244
830
893
86
242
934
61
446
39
217
141
238
395
590
197
937
995
467
149
574
728
5
386
119
167
236
22
459
939
288
139
488
229
311
189
58
349
576
663
609
684
259
910
694
813
978
441
283
901
47
21
368
701
739
256
849
423
987
589
437
886
111
632
993
633
492
71
197
668
469
224
157
4
412
849
839
17
8
41
807
161
683
479
444
675
526
776
113
570
970
667
189
233
388
107
942
656
231
487
40
184
550
654
992
64
545
424
307
739
420
213
650
205
726
826
92
938
612
180
234
758
456
207
577
538
810
415
490
852
