0798
538
862
551
788
488
726
422
360
531
997
943
664
475
560
803
317
278
962
921
533
132
626
592
47
193
249
779
469
190
941
152
290
556
786
799
527
362
911
790
202
757
290
811
949
805
340
396
108
523
132
531
337
837
915
875
609
387
920
38
436
749
324
274
645
83
110
214
274
721
140
192
478
810
743
559
427
237
121
671
133
315
731
963
861
794
604
742
762
980
812
738
815
572
882
599
296
474
171
841
516
166
21
196
729
854
876
344
873
749
623
181
571
530
526
906
778
448
790
200
907
12
28
379
260
243
435
166
972
423
247
813
393
952
508
337
981
337
249
99
347
304
838
607
448
886
201
161
786
209
418
659
634
497
160
736
296
935
504
782
790
50
729
917
869
37
430
342
873
300
281
976
666
627
303
947
440
892
577
490
468
458
118
822
835
1000
711
531
291
928
38
622
13
316
563
428
285
820
585
171
739
183
254
933
363
44
967
41
322
982
498
394
714
315
966
334
808
697
103
743
404
652
228
554
5
871
462
411
796
658
817
460
827
92
499
906
916
379
440
526
71
185
630
676
556
221
128
238
642
940
850
20
635
449
401
104
876
976
128
415
867
73
245
193
173
182
564
607
245
416
500
610
632
979
42
517
248
4
52
959
843
489
121
723
840
448
752
850
780
53
593
345
752
719
463
325
949
439
599
116
653
59
55
135
993
344
582
319
568
225
898
977
353
370
691
139
45
105
817
409
433
116
342
588
240
143
57
974
325
773
741
900
934
317
126
259
227
528
132
319
324
448
585
373
920
197
533
447
835
275
666
674
875
79
956
567
359
519
359
176
444
928
623
88
735
550
425
568
553
433
512
521
138
532
222
727
214
329
482
209
280
407
130
49
422
28
301
921
406
879
660
494
415
329
859
57
677
279
352
3
55
174
992
424
320
351
295
862
485
160
614
620
663
357
697
693
902
203
581
173
572
342
355
710
823
563
445
181
292
17
528
156
499
629
26
198
595
990
424
964
848
1
635
995
846
338
247
388
