0799
23
401
972
647
580
269
311
167
216
345
647
546
866
219
748
529
26
138
306
853
285
801
942
383
844
729
871
187
418
14
994
943
881
922
515
32
17
501
794
231
649
782
82
920
502
844
520
183
129
492
845
247
632
548
339
394
858
231
199
152
186
653
600
563
812
753
24
43
62
867
890
201
663
217
875
968
484
517
48
296
520
712
698
309
106
681
822
49
978
23
665
175
591
95
583
765
571
960
564
258
692
664
191
472
9
699
753
609
91
783
880
325
623
955
567
302
320
675
863
388
107
168
703
500
4
255
66
495
742
694
773
489
731
448
444
603
595
440
243
759
61
595
259
428
427
703
47
278
589
956
313
903
22
309
327
808
973
907
860
569
557
714
771
678
434
113
67
705
887
630
124
523
481
938
244
899
393
256
813
848
34
369
831
953
359
285
525
837
559
420
212
985
970
158
985
764
586
655
365
722
208
585
461
295
923
671
359
522
68
758
748
757
989
149
367
57
501
681
611
44
367
195
