0800
653
896
277
944
218
624
273
730
367
166
351
957
830
839
910
181
276
761
896
89
12
234
537
533
636
433
207
278
870
660
679
782
240
756
21
162
17
844
842
943
36
546
516
977
78
769
322
164
206
20
55
222
896
761
272
350
343
66
16
299
70
155
6
733
769
636
784
517
183
628
110
679
652
230
793
631
247
996
703
29
968
492
53
86
850
650
463
645
333
661
761
865
86
373
585
6
691
198
726
643
233
775
761
586
148
569
83
137
527
453
223
64
713
428
487
725
984
491
961
704
786
485
786
991
23
278
705
273
499
496
839
707
311
664
846
880
570
679
851
365
9
663
993
958
588
397
279
943
122
107
998
673
908
713
406
247
