0801
741
479
541
960
512
713
814
350
863
41
302
353
146
900
563
624
706
809
980
726
225
243
17
777
623
597
999
710
466
306
511
442
515
234
377
933
661
832
848
226
913
306
321
546
108
990
542
377
868
347
539
473
994
685
534
297
505
365
62
657
646
568
275
846
473
661
864
648
296
135
840
421
59
199
243
265
271
354
885
911
103
202
766
550
615
866
585
159
675
190
983
561
352
601
367
659
19
903
116
599
443
883
996
487
353
901
898
73
994
766
154
785
698
517
128
43
930
790
555
254
515
652
794
800
950
757
394
557
837
370
309
650
73
674
824
200
736
504
13
695
47
713
984
717
59
324
151
337
363
935
37
603
735
893
637
638
119
868
669
585
910
124
892
134
437
517
70
169
875
84
833
570
551
509
865
774
337
202
570
458
469
598
108
668
233
894
87
983
