0802
457
297
857
322
475
651
182
125
930
785
310
398
180
692
804
958
277
660
561
335
682
114
648
938
949
178
521
545
624
892
651
451
567
884
898
204
849
612
881
922
142
257
842
36
995
759
547
90
152
671
94
508
208
716
646
262
153
246
136
726
605
159
662
501
241
416
838
577
337
166
328
730
586
175
683
951
309
444
457
887
831
23
794
576
293
778
229
206
20
766
26
3
906
884
849
423
231
706
87
137
692
446
768
397
234
743
700
829
854
857
697
433
653
808
662
947
939
706
107
637
499
342
964
151
942
301
707
942
73
262
320
461
376
506
246
528
107
113
365
511
180
126
124
763
638
181
455
665
997
106
316
512
568
644
855
545
25
243
948
774
521
776
344
97
243
341
909
605
587
106
934
416
678
678
340
122
435
931
32
214
683
688
437
198
165
691
308
693
149
333
518
724
918
705
779
400
335
20
715
