0803
813
52
282
3
176
273
783
345
980
375
106
101
933
902
98
928
741
527
968
478
471
698
594
634
405
421
951
895
118
746
332
314
289
105
587
831
159
536
437
219
887
578
900
584
185
587
720
850
843
491
996
373
12
593
736
802
442
660
571
719
738
740
686
556
433
446
400
457
389
701
120
286
839
47
769
243
257
152
881
847
782
753
294
791
174
844
883
961
947
704
561
58
231
388
955
324
919
844
418
183
699
326
369
107
554
538
284
382
246
538
86
904
758
502
912
169
131
815
831
401
449
644
553
850
62
530
901
688
618
304
734
649
253
101
874
689
460
49
513
110
847
101
762
145
366
967
353
399
227
91
580
811
328
280
