0804
48
794
719
558
292
324
322
553
946
793
621
666
754
36
950
859
945
835
144
110
758
909
372
756
54
347
955
578
161
529
186
833
111
700
201
860
966
980
400
371
121
813
516
787
754
338
885
468
949
931
561
504
215
992
870
952
410
745
548
158
471
604
636
541
573
209
474
568
914
590
623
596
749
439
248
844
798
417
562
329
273
517
635
801
524
359
534
254
136
791
882
426
701
18
339
89
366
709
241
967
754
578
949
9
396
304
843
377
657
24
814
662
595
896
823
216
51
232
269
241
884
497
739
130
288
383
369
519
66
176
485
300
570
4
971
520
678
191
82
683
403
754
430
459
418
406
741
872
413
864
93
566
334
813
132
344
414
837
586
379
495
292
673
698
324
795
941
257
408
401
830
530
225
734
188
956
419
980
395
94
163
65
366
164
724
182
709
667
403
870
912
708
1000
653
692
698
78
71
