0805
251
349
711
628
137
403
915
730
798
90
130
720
515
906
98
533
523
459
410
316
524
863
155
872
285
399
930
847
499
449
28
173
725
692
264
770
863
405
258
76
612
995
284
624
119
172
822
800
859
814
547
214
154
614
467
715
431
901
606
371
821
493
446
428
328
698
123
861
944
236
732
575
329
145
428
774
231
738
403
445
64
231
105
707
213
541
646
315
907
248
504
900
150
633
370
987
307
652
48
37
411
197
907
62
778
388
222
912
659
518
190
388
501
691
174
882
728
419
854
634
769
460
124
503
252
219
450
967
499
61
276
540
398
