0806
354
164
664
441
736
404
250
370
197
614
983
450
843
391
732
506
104
463
526
384
429
638
630
819
503
754
776
315
379
487
710
418
139
712
394
52
289
160
458
426
162
707
717
196
596
638
589
307
113
940
202
59
684
181
125
504
167
707
766
100
55
979
174
398
985
65
24
191
404
313
966
939
832
662
900
998
242
521
265
632
515
4
964
85
640
506
312
99
175
216
676
8
15
239
724
215
360
980
378
717
748
73
826
139
159
165
62
994
164
269
79
55
536
419
497
244
115
505
269
298
860
823
638
416
26
835
702
179
107
115
125
360
728
716
389
179
141
579
706
595
747
622
663
171
565
104
488
210
126
732
353
705
293
487
388
414
470
596
718
961
891
221
187
404
855
731
817
156
512
168
274
125
604
217
308
80
935
186
438
964
777
971
988
929
768
291
26
781
251
96
295
648
457
405
579
63
87
180
770
116
482
340
339
722
488
388
512
69
292
639
921
877
102
595
743
296
494
199
979
722
963
941
15
751
479
401
169
804
752
651
688
983
176
506
780
912
204
438
873
784
217
29
709
5
885
903
625
759
994
374
338
796
364
625
440
499
970
822
397
290
90
153
286
358
811
468
459
864
747
636
988
871
12
8
574
863
407
217
267
685
576
822
776
34
541
106
567
273
58
594
122
500
143
188
446
875
404
241
774
366
707
648
649
591
533
666
758
714
623
202
520
859
463
264
977
230
281
877
21
56
412
954
718
667
203
704
5
533
278
870
987
117
818
763
195
355
928
424
857
572
279
436
661
279
909
538
226
444
126
255
76
316
815
805
544
790
11
465
357
592
187
450
895
452
686
827
608
98
123
672
349
935
647
490
134
773
699
41
721
521
102
880
69
852
68
581
746
568
678
90
613
187
966
425
892
912
101
