0807
85
287
589
873
20
972
355
307
471
758
321
649
467
247
446
927
39
80
808
920
82
725
418
970
74
311
600
317
652
929
649
45
82
663
436
26
157
82
475
338
687
183
896
651
400
876
923
256
567
130
496
750
479
287
974
109
960
300
728
767
60
419
59
654
908
566
908
710
940
624
392
357
623
391
670
740
353
507
215
908
329
411
462
788
66
35
854
829
880
543
125
763
272
795
262
275
838
383
793
779
354
338
651
850
904
741
422
539
279
756
405
599
70
169
730
986
393
11
310
617
818
487
255
573
751
81
373
143
456
339
935
296
955
779
253
426
834
167
430
297
217
625
956
416
647
252
973
190
494
64
907
442
485
576
713
313
877
286
129
967
908
56
351
67
831
920
988
680
936
242
66
114
299
858
889
677
666
84
206
176
351
143
528
148
836
650
882
902
979
534
868
280
861
93
749
323
666
449
831
392
832
3
124
686
847
461
86
212
502
164
38
168
378
523
312
63
260
211
996
405
741
615
764
847
24
776
796
742
111
709
508
261
840
555
982
10
732
531
