0808
373
579
524
435
763
762
931
209
54
705
187
660
568
293
119
933
458
357
664
374
183
926
396
512
950
909
557
715
56
123
404
460
534
393
778
731
565
200
72
677
697
439
623
397
332
808
140
961
439
522
513
979
809
324
952
899
800
364
203
658
955
325
550
163
285
437
580
396
299
320
114
46
698
56
111
652
752
905
655
755
865
713
667
941
874
479
237
356
494
624
613
397
102
388
92
706
38
229
157
557
609
682
834
444
508
619
614
342
631
583
799
698
761
284
690
457
218
797
150
369
141
496
96
428
687
637
781
729
722
773
952
285
56
652
245
411
302
705
40
259
635
309
835
699
782
974
609
275
191
143
249
405
684
217
89
409
858
853
670
724
467
524
193
271
422
676
775
655
275
250
356
396
475
573
980
285
426
856
857
863
21
219
666
942
788
124
780
800
769
567
629
898
806
354
803
118
216
464
861
337
77
930
564
601
96
408
360
68
263
26
131
99
917
636
570
208
814
152
120
374
365
134
504
939
394
734
120
722
420
152
333
927
851
138
615
788
271
414
374
207
337
519
73
558
973
340
469
649
523
101
88
864
812
885
979
118
920
298
386
392
241
997
470
767
848
921
618
748
410
176
437
110
722
753
77
423
595
646
97
69
985
614
312
732
45
170
182
603
342
668
575
301
6
531
67
283
234
319
855
859
613
999
279
159
171
280
257
739
194
526
307
931
930
83
887
322
331
620
500
586
945
832
41
364
143
892
843
518
438
284
539
686
229
183
276
825
711
970
138
721
372
752
432
984
783
335
126
561
784
903
834
948
257
111
504
930
896
943
326
936
29
386
816
236
457
941
570
510
850
628
891
851
944
760
838
639
229
703
7
492
357
208
62
161
248
959
328
1
69
217
516
875
879
231
544
683
352
472
618
154
886
439
460
927
434
636
625
989
576
582
281
285
90
658
293
845
487
829
278
924
101
527
695
222
893
781
254
275
175
202
711
728
101
251
126
362
141
714
17
590
437
228
1
691
79
832
786
713
623
123
821
549
56
649
387
331
171
727
518
941
910
742
398
150
929
781
38
761
512
451
812
481
873
801
750
352
46
