0809
194
620
266
930
797
670
187
57
29
3
770
890
928
643
564
344
435
534
398
849
298
658
915
216
776
821
692
544
20
127
900
596
773
630
713
516
652
931
192
416
463
101
752
580
484
961
369
657
641
532
374
421
291
792
669
493
636
230
336
580
716
574
235
377
235
747
402
117
472
154
148
131
855
831
633
798
778
800
63
928
225
512
885
402
769
841
78
673
574
282
507
754
238
324
526
809
840
535
413
904
203
472
494
948
220
714
344
100
434
172
223
209
468
407
798
558
635
778
448
672
91
984
98
750
562
416
327
977
772
412
331
558
466
954
866
791
406
539
381
71
231
878
169
548
617
814
977
973
576
967
162
548
664
105
364
596
826
115
131
72
102
