0810
471
545
929
551
152
920
69
191
555
794
115
647
311
386
242
961
675
149
159
491
687
569
426
915
504
975
432
49
442
724
779
149
86
476
826
109
762
156
173
901
310
471
15
289
797
796
452
486
461
127
915
957
742
530
178
801
81
530
174
96
989
688
418
115
581
799
235
705
430
834
890
57
503
539
671
199
745
759
510
428
752
54
923
113
964
206
494
881
625
177
762
74
464
730
214
440
875
308
174
1000
939
984
61
107
566
206
565
363
981
998
997
821
105
907
204
633
403
378
198
368
769
984
781
447
113
490
331
427
729
317
747
973
996
168
354
815
800
569
12
98
338
833
651
52
148
202
986
23
968
714
293
334
776
527
908
663
985
38
225
626
260
193
919
633
486
58
365
66
772
100
43
82
153
486
453
637
500
185
933
207
913
413
148
307
92
684
249
337
610
532
736
771
164
620
650
153
449
929
47
793
129
841
655
636
60
800
157
383
490
238
53
913
888
458
211
151
726
865
640
640
198
910
791
195
900
742
663
558
661
106
911
203
243
88
187
679
339
692
156
288
803
651
385
830
337
414
865
993
642
287
574
939
411
802
944
791
958
268
789
64
254
745
698
4
71
955
331
26
741
595
988
572
769
141
326
220
32
407
990
397
545
643
897
639
617
901
84
24
856
503
346
178
306
460
570
905
650
739
274
813
5
485
90
99
635
270
451
452
769
15
523
568
383
871
628
988
625
968
164
142
492
749
414
42
707
106
38
90
977
259
858
53
124
834
471
276
973
680
866
217
136
389
911
311
421
254
252
784
717
55
379
464
348
990
10
624
474
94
404
167
322
408
478
887
459
798
860
462
369
232
607
693
50
192
339
82
710
313
962
907
468
580
803
207
371
661
685
565
931
748
722
610
910
165
708
275
985
164
479
931
769
743
313
111
202
286
492
209
379
584
402
638
521
529
787
771
379
603
573
920
701
356
421
299
478
82
573
743
681
175
167
995
609
966
631
77
163
13
431
522
71
445
352
895
583
273
245
425
100
205
440
278
745
715
727
149
26
496
36
457
222
286
217
765
537
591
