0811
758
693
90
329
93
408
673
921
500
756
91
23
595
628
412
348
867
218
767
897
386
321
387
27
762
196
128
548
684
80
417
638
823
70
883
13
628
707
421
91
612
354
509
885
561
587
303
154
110
901
575
459
483
86
716
104
160
42
126
308
288
513
846
569
432
946
79
592
422
292
984
347
67
590
350
284
428
766
690
439
812
593
762
495
238
484
786
610
618
12
713
46
5
441
336
888
561
765
173
38
341
877
60
601
104
132
653
218
421
790
297
183
330
608
791
613
387
69
254
876
552
776
132
140
27
643
571
127
751
705
774
684
150
224
219
608
246
57
729
744
60
380
592
475
625
82
539
244
477
994
400
430
361
