0812
682
190
359
471
847
110
458
161
737
349
864
826
658
464
102
925
724
880
101
782
645
739
774
461
952
864
895
316
962
502
474
644
49
569
690
57
491
657
955
223
453
787
98
119
201
819
576
728
475
589
718
143
257
235
984
121
764
936
848
375
835
156
188
779
777
851
799
363
425
407
827
435
954
262
391
693
378
201
870
901
340
777
719
683
963
153
891
40
436
290
46
398
154
553
880
441
459
10
371
298
157
3
196
233
502
826
799
389
26
198
430
892
423
473
680
939
247
727
778
618
330
14
204
577
305
743
549
405
350
500
508
185
678
971
837
577
103
257
10
227
828
21
222
75
528
860
818
477
797
894
223
584
662
111
787
89
139
146
550
692
94
704
719
361
235
663
146
21
