0813
277
459
374
5
502
896
734
1000
601
135
748
303
715
565
586
362
834
6
905
89
29
62
752
855
150
660
962
522
430
887
436
194
5
284
903
817
178
109
126
671
569
317
177
501
458
440
608
551
699
561
110
837
600
654
752
670
567
662
874
954
971
353
90
468
351
968
730
744
787
53
260
259
987
366
385
1000
822
943
885
437
832
653
369
323
793
138
834
375
972
231
695
974
155
797
174
930
893
930
414
551
497
412
540
539
309
936
653
144
900
45
754
837
551
917
109
243
336
942
232
73
541
932
828
279
5
411
53
483
186
109
764
271
433
332
205
227
364
320
413
590
805
754
103
698
322
425
450
810
7
512
448
94
577
187
300
769
925
11
398
87
827
605
452
922
871
30
801
208
882
469
849
776
36
576
207
480
601
371
973
816
843
812
974
591
824
470
818
624
942
969
936
310
21
100
632
795
438
904
945
677
627
785
264
985
110
931
59
