0814
199
133
760
125
946
912
228
584
209
274
826
120
340
341
500
139
797
151
483
326
189
301
490
395
635
178
22
920
828
783
762
70
495
830
495
391
984
485
408
905
647
349
176
721
625
475
209
994
427
570
520
916
765
303
165
567
473
999
475
134
774
477
321
611
90
543
794
918
392
127
929
504
717
130
390
983
742
307
5
64
51
306
556
345
134
596
634
392
720
944
478
965
616
367
284
217
64
338
996
885
62
633
104
526
437
939
559
476
670
594
350
534
660
659
462
765
824
746
301
485
438
456
516
821
217
913
976
638
825
991
747
972
476
537
194
713
971
55
8
762
784
253
124
708
28
180
792
135
271
833
137
605
676
982
669
450
191
210
417
73
66
558
377
28
257
415
919
874
382
427
156
670
999
365
312
390
987
987
700
794
820
551
961
77
204
521
443
383
717
632
160
653
681
988
245
581
189
572
263
509
449
642
567
391
582
910
642
153
444
347
119
728
925
743
747
547
12
180
250
305
793
315
299
468
328
416
330
981
387
232
380
159
45
402
796
359
906
282
368
273
21
814
197
561
287
967
