0815
251
9
289
646
136
396
64
773
646
427
721
223
956
1000
997
855
471
799
859
517
749
76
982
813
279
777
857
521
907
61
831
497
630
6
768
108
602
465
423
571
463
704
230
792
188
149
119
540
673
577
238
963
834
185
257
491
376
387
508
34
931
268
260
454
690
121
46
992
293
677
151
189
325
171
740
674
713
910
392
76
875
77
104
499
596
58
580
335
866
499
728
244
618
500
485
105
446
151
257
32
284
637
922
401
115
908
998
105
578
185
745
187
808
992
793
488
400
178
560
819
665
548
535
165
543
228
604
597
977
496
166
815
510
498
130
244
704
305
264
491
878
971
769
212
888
734
583
958
975
862
647
644
474
831
58
684
432
738
993
98
697
278
719
807
217
350
116
384
593
933
180
678
933
866
72
988
12
326
606
762
731
549
561
584
425
87
790
276
365
426
150
425
395
704
328
943
48
772
92
675
374
351
898
648
137
540
316
827
10
366
811
948
4
605
229
728
30
225
691
616
506
160
649
9
369
655
808
476
465
400
304
143
40
371
58
834
479
785
597
775
583
986
910
878
651
392
348
167
406
364
648
424
506
638
396
469
415
939
214
858
93
854
916
865
554
201
117
275
755
768
32
514
54
575
371
679
111
726
647
744
921
818
113
157
428
356
21
638
523
489
251
70
499
802
358
758
394
263
117
741
669
177
235
460
429
365
720
204
102
700
142
582
764
934
34
429
165
9
454
935
715
520
611
572
685
534
626
464
231
913
165
234
798
61
505
65
555
805
685
425
670
143
901
299
169
537
28
862
330
318
279
99
988
906
209
690
874
216
411
294
780
609
296
277
144
801
67
298
830
28
730
441
171
52
441
287
282
73
963
43
347
305
30
727
318
765
687
312
400
256
813
510
651
764
714
401
365
107
64
737
134
646
691
579
709
819
485
430
183
954
543
633
954
620
918
384
772
591
62
450
30
42
834
444
145
832
68
361
377
62
14
741
98
83
554
126
406
928
928
45
608
155
690
391
763
423
858
620
84
885
879
913
748
98
292
186
907
400
163
632
205
769
43
3
27
485
961
265
980
99
724
39
400
996
801
701
460
924
127
512
460
249
942
235
751
234
759
626
54
438
234
777
346
602
735
948
677
493
201
