0816
183
256
763
488
818
982
626
766
906
597
284
920
793
452
636
9
356
166
484
472
989
421
287
909
845
905
347
576
817
538
555
937
407
527
583
404
925
42
824
313
787
277
609
513
961
73
310
378
636
276
645
249
810
844
680
649
735
80
918
485
625
831
670
656
811
306
844
734
288
511
789
619
523
758
950
118
708
337
390
387
562
955
633
269
34
10
736
57
187
324
700
161
519
542
868
960
644
14
153
326
375
979
28
657
75
918
828
339
554
994
483
395
806
266
927
288
184
522
114
168
602
488
81
632
578
550
286
200
565
655
837
106
659
947
876
626
939
95
386
102
886
173
467
766
210
799
652
269
302
114
139
51
348
56
82
334
648
89
784
496
393
36
388
278
816
223
378
295
95
526
994
509
552
35
406
689
625
336
750
556
26
440
978
515
331
13
470
255
117
309
587
573
601
336
153
864
993
389
51
584
623
874
788
612
740
306
946
435
332
51
144
28
787
786
636
691
601
864
332
478
154
876
385
747
385
968
267
776
807
978
122
96
513
405
944
987
674
956
180
84
499
353
414
212
888
266
692
279
201
