0817
939
519
127
827
329
529
447
745
133
962
509
314
463
275
658
243
554
221
736
383
10
938
562
767
76
770
278
137
432
274
318
92
458
567
491
632
588
965
774
154
608
645
427
361
102
911
649
73
103
28
346
311
830
699
574
262
949
564
65
908
594
897
182
372
463
571
601
214
33
292
173
65
745
898
714
594
453
158
123
740
796
182
341
629
375
393
961
799
449
518
160
20
74
809
856
657
471
399
164
428
996
616
852
290
146
455
749
532
611
214
164
662
957
551
469
680
284
866
57
916
556
619
365
897
569
143
528
836
24
355
887
567
296
421
716
644
387
759
589
181
518
596
879
796
488
515
747
441
897
356
881
684
816
163
555
630
469
751
252
989
379
75
478
779
307
26
930
482
733
661
106
310
829
377
308
64
520
16
742
814
861
416
20
957
640
41
74
17
208
153
612
150
95
809
836
410
400
937
298
367
844
88
799
754
839
776
131
295
836
176
4
904
928
643
248
384
651
599
591
917
27
524
872
137
706
727
91
519
132
843
538
468
763
976
431
946
775
119
508
707
269
689
530
59
134
902
558
715
724
634
705
984
700
735
58
719
468
527
315
962
382
542
380
139
529
197
904
126
525
43
214
332
373
518
958
645
117
131
489
