0818
47
315
579
643
207
979
466
326
532
822
995
271
767
457
471
281
890
200
961
538
903
19
446
12
705
951
774
965
829
165
668
247
371
91
77
479
765
105
23
580
40
830
232
858
475
955
548
248
256
250
580
872
511
338
296
418
800
480
936
517
218
341
834
992
108
32
121
786
83
924
445
906
490
891
870
764
823
138
140
16
224
186
597
231
6
216
561
957
694
990
312
10
355
224
520
671
342
234
818
813
184
241
321
134
883
94
468
544
282
659
359
809
389
204
602
866
879
752
752
396
278
857
643
729
173
201
808
803
606
831
793
203
461
469
278
784
943
787
31
676
353
826
665
377
826
957
202
83
508
229
341
366
875
869
386
500
978
878
337
216
301
387
220
675
281
977
305
945
666
844
224
547
447
54
284
755
710
418
6
529
19
382
612
381
27
773
468
838
652
568
491
35
160
570
735
361
567
26
833
414
180
421
878
478
58
785
197
596
94
145
541
239
553
819
144
208
651
577
533
19
407
817
531
39
951
506
846
334
852
444
890
850
897
790
909
436
912
44
201
899
394
845
27
950
781
987
442
445
243
972
817
111
421
941
202
372
572
188
232
145
883
501
813
267
774
497
43
793
132
335
522
280
729
993
677
107
143
403
650
321
764
40
996
368
99
424
490
710
314
655
984
574
332
278
753
138
765
338
626
262
470
736
328
590
754
934
180
355
254
273
985
990
692
497
961
929
793
66
809
383
387
528
354
432
93
446
563
673
907
11
697
696
429
957
273
274
168
664
618
418
605
522
211
744
274
100
572
130
92
155
168
446
653
938
21
607
192
547
403
466
780
29
68
185
905
523
391
185
24
616
508
495
200
797
365
587
85
163
183
509
404
14
704
43
798
888
877
506
5
578
487
803
19
92
357
172
855
542
186
877
882
912
915
327
943
277
503
278
246
728
355
67
263
624
341
531
471
248
76
82
76
526
724
322
175
809
339
23
731
528
85
688
596
726
502
634
408
773
841
269
237
483
878
86
333
131
94
937
277
169
134
285
11
851
454
688
202
563
706
120
646
524
350
248
57
553
669
931
649
