0819
309
141
288
659
843
649
125
361
685
548
769
614
847
689
800
535
272
67
439
922
479
427
996
253
487
226
903
921
327
616
988
269
260
760
854
78
681
796
177
800
109
749
276
663
459
69
368
273
987
971
652
487
334
761
160
589
505
81
123
562
924
914
551
116
840
474
693
218
204
421
67
834
964
875
953
623
753
171
277
315
695
159
668
877
422
873
612
701
139
738
330
343
431
497
606
547
323
738
413
184
209
559
282
888
933
607
290
730
377
717
846
101
377
209
552
421
583
204
738
592
151
477
584
713
605
119
222
368
845
316
625
243
269
5
115
516
868
258
39
216
992
840
88
965
652
795
698
41
168
1
290
245
625
827
161
501
667
152
450
386
866
543
667
80
22
169
625
607
676
911
273
588
332
558
728
581
884
354
61
449
449
91
376
305
875
639
674
874
668
800
594
14
305
958
646
501
964
119
803
643
759
740
460
825
333
502
570
185
865
111
131
7
364
385
582
677
134
370
149
156
547
909
957
46
646
481
175
13
493
532
708
324
847
644
771
485
439
840
242
218
591
361
933
286
330
326
376
747
391
642
954
283
156
300
755
67
475
