0820
987
153
8
642
423
239
563
700
540
549
465
801
788
141
983
403
225
67
340
619
855
677
527
409
376
690
234
246
731
118
871
525
484
385
832
869
368
241
743
237
735
309
743
187
28
426
758
21
917
739
23
378
39
619
408
284
51
336
29
99
97
187
451
708
402
28
748
965
936
831
14
33
24
653
754
552
79
391
945
316
55
697
383
604
408
58
16
27
679
691
886
861
521
760
52
876
202
450
207
56
558
94
363
870
744
125
36
785
750
300
110
394
905
691
176
138
769
787
418
154
50
323
901
625
14
638
156
629
841
10
187
924
711
735
287
586
973
576
887
852
393
931
687
264
391
54
619
489
454
393
697
870
361
241
12
812
283
69
918
140
248
784
824
370
288
39
614
200
838
506
280
651
39
116
225
354
250
806
411
554
18
856
184
714
454
525
374
822
491
95
963
945
267
452
411
906
283
220
636
808
731
296
368
703
418
15
259
300
50
312
162
750
849
758
740
69
64
491
263
99
973
684
904
422
27
522
488
71
837
58
884
311
888
741
481
342
924
450
661
844
396
499
778
912
653
487
634
863
661
779
482
310
691
800
694
381
79
649
337
131
543
471
340
335
639
736
782
983
277
870
222
903
480
792
993
957
749
455
790
382
466
983
459
40
96
37
7
835
340
413
798
417
417
2
505
590
711
855
111
338
628
144
147
44
231
760
100
508
851
442
474
451
899
540
312
226
131
189
626
847
577
695
462
802
903
446
950
833
233
702
880
477
618
588
832
854
409
931
648
717
63
512
330
609
660
238
746
208
144
774
391
352
910
243
320
573
440
559
422
276
828
403
28
130
180
105
57
618
327
808
837
532
425
91
696
193
651
625
500
31
590
435
128
703
98
212
42
764
54
934
801
996
392
377
188
362
456
266
565
781
687
711
432
782
985
155
885
29
135
629
181
542
120
42
821
446
435
308
869
976
582
82
443
509
380
975
942
295
677
670
273
563
544
505
669
862
662
466
553
541
749
536
700
277
632
882
651
929
817
209
659
623
690
30
122
410
352
399
855
501
27
121
145
885
669
123
996
679
157
630
418
725
61
336
670
870
984
346
624
299
26
256
267
462
863
511
932
643
101
281
890
739
940
382
67
990
496
