0821
431
454
631
348
952
450
64
762
282
843
22
336
401
878
82
764
27
7
833
973
698
850
898
783
663
870
431
541
967
638
242
477
924
255
844
982
721
828
586
390
709
118
697
259
840
46
701
455
559
221
375
515
176
848
706
522
307
638
759
336
959
392
69
122
286
346
258
310
753
146
68
122
504
175
35
821
636
738
941
475
637
874
606
374
901
747
85
33
838
272
102
530
31
725
310
524
227
955
281
778
300
606
493
790
86
847
203
782
160
922
648
587
662
462
166
4
486
619
787
875
898
340
997
306
262
811
155
237
561
697
58
763
71
370
438
269
365
392
730
167
839
790
734
931
275
987
350
416
654
251
180
985
35
219
407
69
942
199
104
353
30
830
696
283
61
63
133
775
650
373
449
695
658
449
762
214
355
467
714
540
19
220
78
583
452
693
166
933
38
508
62
970
31
253
80
4
944
777
932
348
92
302
493
810
698
904
554
484
428
381
971
674
426
789
238
881
155
569
788
436
133
566
501
449
78
995
759
857
152
578
124
705
925
346
591
685
422
289
925
765
782
53
110
115
356
223
168
17
528
216
302
380
199
939
486
769
927
261
477
622
756
405
753
572
212
627
715
579
669
770
427
679
538
330
772
512
330
600
344
185
291
497
383
912
289
916
533
539
912
696
631
507
512
993
746
222
786
687
83
258
48
213
636
115
79
206
292
365
837
394
346
514
358
640
179
920
378
835
749
217
55
311
206
947
21
280
625
99
800
150
394
671
368
562
56
465
919
738
769
606
557
219
241
963
579
356
376
391
415
129
325
286
127
122
568
188
884
225
802
432
92
600
159
353
67
945
420
297
211
255
719
14
86
80
254
185
435
401
938
161
229
239
68
611
127
257
854
382
587
295
73
337
107
482
721
508
1
196
758
