0822
720
816
609
812
965
985
244
612
140
344
103
253
350
897
507
964
722
839
300
839
916
598
963
729
728
374
990
46
178
440
819
266
951
976
175
742
900
483
861
442
666
624
883
133
508
594
735
593
110
212
404
423
177
852
419
75
183
143
183
727
819
493
645
164
783
500
863
162
346
350
929
526
156
176
890
845
890
418
584
574
49
230
179
753
628
220
540
572
774
740
148
776
633
197
886
428
483
977
388
49
955
247
356
935
403
287
488
715
253
291
907
135
668
486
655
121
702
650
152
1000
90
138
440
109
197
921
550
282
47
618
259
603
429
252
806
609
79
218
587
807
855
385
698
862
27
119
496
623
609
223
365
424
475
327
160
967
117
647
968
180
848
765
598
509
766
273
896
45
295
904
979
241
100
348
631
115
557
793
99
43
158
478
277
309
48
672
58
627
399
584
102
964
556
969
492
128
887
253
238
736
255
418
500
532
279
256
737
849
829
667
850
255
687
582
125
404
907
900
854
996
759
758
945
95
668
830
692
915
680
887
55
842
179
89
726
841
53
210
812
638
154
114
914
241
414
641
930
891
130
626
598
754
996
671
926
657
764
907
678
694
686
139
352
819
479
577
949
276
871
300
565
