0823
903
5
933
638
704
679
614
689
135
208
840
963
482
995
255
365
455
338
706
871
365
915
487
48
922
998
304
27
798
496
653
219
835
760
722
911
721
83
291
865
570
962
946
375
295
111
98
595
109
610
369
455
808
159
174
639
358
77
469
436
174
217
668
591
403
353
956
195
560
83
264
364
630
979
625
199
662
429
294
592
942
377
96
201
228
490
866
23
547
336
734
278
117
669
280
538
439
864
987
5
671
667
34
610
175
554
786
511
694
815
650
496
528
358
814
390
330
831
507
278
965
255
195
360
197
334
801
63
33
864
743
181
522
468
231
647
716
228
609
935
705
839
346
136
601
530
763
635
922
203
196
459
927
695
478
477
927
849
525
259
492
708
380
909
728
161
240
218
454
532
561
561
828
381
17
612
841
843
991
302
179
877
16
828
834
445
772
848
186
532
657
419
117
68
246
991
587
26
979
97
596
577
873
609
519
415
601
335
708
188
277
183
982
848
555
283
708
372
942
308
557
85
44
47
522
518
627
994
584
226
730
815
611
72
382
118
347
567
302
42
90
547
587
6
341
605
438
186
629
154
403
762
435
877
704
740
871
95
653
602
748
92
860
677
313
55
296
156
246
807
915
650
619
886
226
588
926
549
500
201
69
759
567
450
808
783
426
442
559
493
376
340
853
882
309
370
852
563
416
892
620
828
491
355
653
126
153
415
262
949
176
412
238
214
481
333
57
66
279
691
377
402
559
554
213
242
726
540
195
834
46
452
536
546
783
20
231
635
713
439
144
163
933
830
790
3
329
880
805
716
826
376
387
849
682
288
130
846
340
789
156
264
383
872
612
739
231
906
839
128
70
771
907
1
655
224
139
257
917
508
439
201
555
596
49
31
240
897
242
604
886
89
931
222
412
844
76
153
239
473
651
562
935
966
367
142
81
777
132
946
312
438
535
248
116
75
783
519
409
949
323
923
36
700
703
758
734
401
471
554
175
957
203
424
189
869
260
613
592
132
43
216
941
113
997
34
383
702
572
462
935
592
575
54
464
855
579
608
545
24
968
161
10
626
917
856
514
618
391
110
155
965
902
680
801
