0824
97
899
358
775
925
985
728
805
812
774
147
518
874
445
50
503
885
850
85
263
206
772
18
87
425
755
915
27
387
812
327
159
80
573
174
195
739
447
742
949
617
88
250
957
448
756
655
623
799
613
664
587
355
687
848
509
75
671
172
718
727
159
978
657
352
270
805
705
253
915
621
4
634
592
393
993
173
880
656
990
325
180
365
820
384
121
2
219
923
321
742
606
921
141
881
479
287
723
874
640
240
72
55
639
118
325
804
666
531
800
183
916
818
221
35
26
307
646
913
741
68
648
444
217
496
790
152
337
70
381
415
881
803
434
481
92
432
946
424
849
919
987
42
371
624
605
555
584
864
218
840
366
286
776
649
470
723
424
295
979
128
985
53
39
365
59
401
134
908
642
999
936
521
875
20
64
443
311
202
480
765
760
251
90
940
362
365
778
583
131
251
772
490
6
31
78
586
154
693
537
776
657
955
948
585
307
30
12
664
626
331
792
660
261
378
579
167
880
739
725
