0825
124
420
990
945
740
259
562
314
824
372
492
946
622
410
153
297
246
64
497
682
465
540
516
547
130
829
696
647
925
451
465
156
820
42
433
395
248
114
414
775
267
780
497
287
278
575
129
595
950
690
265
735
258
130
211
187
252
451
216
777
173
238
259
76
202
146
38
956
636
218
73
3
760
811
993
100
98
533
538
269
855
155
147
782
930
410
252
981
458
530
932
318
240
760
582
737
717
250
580
962
677
352
890
732
964
53
787
42
241
429
723
956
879
582
950
454
766
25
162
732
362
788
995
72
163
107
456
507
918
290
966
714
384
644
564
981
558
251
259
508
330
852
12
609
603
806
45
337
283
725
79
744
196
384
953
110
351
605
657
742
88
938
352
448
539
575
997
847
657
544
403
826
206
812
672
334
806
646
92
672
275
643
960
773
211
94
417
189
407
577
856
10
131
567
514
984
961
679
244
561
199
246
246
25
528
176
