0826
367
557
778
749
280
717
137
365
642
967
478
484
618
332
648
436
450
88
960
142
221
252
573
665
209
557
800
480
668
690
780
106
475
79
116
637
932
930
967
465
714
620
343
150
839
382
68
239
983
802
256
770
613
771
851
549
625
223
222
259
785
833
485
980
53
308
830
503
722
526
875
412
815
837
303
627
868
818
773
996
206
155
408
173
545
371
650
854
70
17
58
379
226
235
276
292
918
877
111
327
142
243
137
319
165
415
390
504
354
414
211
681
413
18
578
3
818
689
532
370
726
309
48
90
84
654
516
493
510
723
212
478
57
475
959
835
937
66
211
74
538
616
961
805
928
629
