0827
220
639
966
266
713
765
397
967
811
782
107
479
268
434
173
839
304
790
537
922
406
649
80
293
138
316
37
88
269
597
340
146
734
844
210
523
349
310
717
463
312
839
237
495
41
760
514
466
805
735
655
464
206
234
26
429
494
19
607
768
262
716
638
683
857
103
595
724
861
444
168
351
574
874
680
329
605
295
934
270
700
559
835
570
612
804
489
984
846
110
208
316
196
960
906
58
541
91
762
610
855
919
247
581
16
436
926
248
110
543
119
308
834
389
349
446
363
655
39
427
131
511
5
850
85
757
905
28
460
226
236
390
125
435
683
538
653
187
523
28
211
121
980
987
277
85
726
142
734
572
893
889
178
348
317
806
980
348
195
950
270
66
315
639
174
184
339
61
157
852
66
662
215
143
432
892
446
920
658
597
496
777
325
707
99
169
497
802
304
982
152
900
578
700
490
124
556
482
805
939
59
987
590
708
160
167
729
906
133
689
963
496
345
785
940
36
465
727
125
680
345
875
527
811
184
880
489
367
795
667
282
479
935
438
703
194
91
38
806
828
706
832
841
377
117
974
685
18
311
66
380
591
108
719
461
783
947
795
669
664
880
818
538
808
275
699
372
814
781
894
532
745
777
515
321
843
631
885
944
263
539
283
661
920
318
199
798
337
474
675
596
336
468
616
859
691
613
33
443
956
690
696
746
104
825
76
874
447
148
282
431
372
180
918
74
462
318
485
602
912
387
893
532
174
639
57
654
13
919
841
832
328
219
969
176
866
585
44
158
925
152
540
662
62
70
42
832
157
642
632
752
125
646
418
394
910
438
56
997
866
323
47
184
647
677
524
339
870
764
1
762
846
339
164
991
420
158
767
763
652
380
494
395
428
608
56
494
382
996
980
695
520
400
567
680
92
440
594
840
541
597
273
143
806
666
839
332
695
608
723
951
798
401
164
562
851
247
468
74
577
997
263
458
21
798
571
928
898
30
847
55
84
947
785
