0828
934
529
155
409
322
56
373
991
671
828
518
877
175
491
939
978
411
300
296
151
423
112
246
650
950
681
878
672
234
157
354
684
705
353
335
928
196
935
551
977
406
690
873
385
295
784
782
698
551
36
946
854
376
828
583
704
11
380
251
727
607
90
517
554
247
74
773
616
640
575
448
31
376
689
287
367
73
46
42
396
878
221
779
931
786
396
358
149
96
911
684
681
701
712
895
835
247
840
279
715
493
642
311
933
130
598
381
237
582
560
330
887
194
501
440
848
63
459
107
734
915
919
504
147
333
819
110
91
215
259
935
64
48
13
462
782
143
490
31
544
581
905
628
82
631
474
946
102
165
471
284
896
477
65
201
93
239
455
440
914
303
311
971
66
451
661
989
285
481
989
739
241
820
56
612
61
365
479
256
578
320
31
889
638
863
425
230
34
941
225
275
467
451
617
934
203
838
654
518
761
707
401
421
870
946
713
594
517
249
682
389
475
118
91
810
830
78
628
24
672
551
325
107
920
297
728
466
876
325
607
169
78
295
193
824
523
468
857
470
888
754
366
289
931
29
297
403
80
654
998
194
100
991
