0829
985
224
494
908
263
68
803
433
940
315
823
348
484
427
710
300
715
358
227
883
469
711
707
983
443
421
929
969
88
169
8
276
679
506
248
92
142
114
111
667
147
259
376
63
300
445
663
193
959
637
831
526
448
444
129
356
958
219
225
234
595
431
509
724
128
975
170
155
112
686
995
176
800
281
539
447
703
533
257
386
271
65
562
226
41
131
460
231
364
165
494
14
797
932
1
51
711
709
122
404
802
494
308
788
178
366
84
939
585
866
106
497
582
113
711
599
782
980
680
288
914
574
723
216
976
557
106
6
539
473
81
897
514
409
112
941
144
187
364
205
536
235
462
873
310
853
713
973
761
321
367
907
798
511
333
375
697
331
646
544
18
212
598
196
409
818
159
379
733
348
765
425
170
161
586
845
942
290
601
4
151
908
702
267
14
225
140
248
985
835
842
803
192
452
248
477
981
784
680
786
625
862
772
174
602
607
775
793
337
366
791
778
61
717
386
123
18
180
756
554
259
169
323
225
878
689
304
163
700
801
700
586
596
802
826
905
472
550
73
721
518
134
82
125
108
877
204
999
228
594
289
506
131
807
582
437
55
553
836
930
274
461
50
112
915
34
165
635
23
650
642
160
682
39
919
373
352
258
778
872
9
295
740
418
311
111
808
241
948
95
745
147
515
