0830
287
485
490
859
17
402
22
971
998
294
804
754
152
531
351
789
164
307
561
907
695
981
356
964
642
503
713
10
376
703
212
596
997
182
209
433
78
379
945
869
137
942
133
732
28
630
540
609
265
187
312
40
56
534
853
909
516
928
947
580
487
816
852
771
232
584
561
409
180
798
188
214
555
820
493
399
583
977
21
854
300
552
815
78
736
109
136
583
605
151
951
779
789
780
80
207
164
752
588
155
105
926
668
817
868
730
229
119
156
924
441
692
673
433
166
85
948
844
363
253
489
689
455
911
386
847
903
185
391
366
681
768
166
101
805
649
776
332
122
905
831
964
231
516
266
229
891
136
999
453
448
73
677
903
830
942
77
989
759
733
175
1000
665
961
482
443
728
354
307
971
896
973
918
522
985
959
337
372
355
363
250
230
415
81
674
168
972
764
27
481
720
23
806
520
470
884
281
888
640
101
170
541
380
485
316
139
466
487
659
579
941
39
660
360
246
107
385
52
878
246
299
437
933
98
986
500
632
577
883
184
224
15
78
498
9
208
121
114
775
638
757
895
948
995
378
9
738
72
674
288
957
295
132
224
341
259
117
671
152
409
807
484
448
655
321
864
907
308
265
328
854
107
758
961
835
268
729
492
364
361
428
865
262
515
808
33
46
743
813
6
363
240
788
646
417
567
75
816
382
621
699
735
169
989
267
823
882
615
387
869
892
120
203
245
300
140
218
263
716
945
739
799
632
975
404
248
449
861
168
698
212
948
294
675
666
92
631
297
682
449
622
530
78
309
702
245
513
33
154
615
915
287
707
509
993
222
563
940
158
346
544
177
843
541
997
424
595
521
211
954
354
213
212
155
37
881
888
705
657
30
480
483
535
622
359
274
505
256
866
261
750
980
93
460
670
27
843
51
729
70
459
189
29
726
341
639
295
915
901
498
121
253
704
672
356
468
907
116
