0831
375
22
495
194
724
866
767
158
495
586
452
142
375
261
38
367
438
222
253
316
71
825
632
510
331
829
544
652
324
203
412
453
252
134
322
616
249
434
269
890
554
480
811
183
42
376
115
548
728
180
131
260
328
387
811
547
44
205
162
853
170
588
63
509
464
703
708
13
229
55
380
152
101
205
944
486
94
136
454
345
693
903
885
585
80
205
10
215
570
16
767
391
37
388
752
887
128
665
117
486
706
285
928
759
95
38
314
22
990
585
603
630
573
180
908
183
353
84
594
949
515
892
569
203
531
411
683
561
97
121
191
791
993
619
269
289
600
396
569
623
766
666
510
116
544
820
224
907
649
95
492
501
309
865
384
760
644
237
635
297
