0832
815
961
658
326
639
77
684
847
556
654
189
118
15
937
453
562
291
798
817
307
146
211
440
369
823
31
850
476
221
744
566
315
760
408
532
91
694
804
515
424
441
869
433
916
203
56
468
603
457
114
834
968
782
444
94
699
213
811
839
191
655
320
22
949
817
486
951
906
643
318
685
424
51
795
235
39
967
241
714
139
610
353
444
536
227
985
820
167
392
579
555
70
350
880
80
50
616
496
491
390
112
722
129
726
942
341
602
951
473
670
105
16
557
182
891
765
321
879
756
63
892
692
940
449
711
560
666
560
744
12
433
245
863
405
72
843
15
12
220
346
288
577
509
564
686
746
851
747
862
853
288
641
462
447
416
999
632
626
537
646
589
862
549
780
278
483
342
404
793
270
462
420
762
91
939
999
770
93
526
876
72
807
991
912
126
262
736
731
549
502
164
