0833
506
401
54
211
993
894
716
527
572
138
898
240
700
527
573
205
894
536
387
52
886
556
111
459
176
275
783
950
529
436
280
468
895
528
664
267
576
978
634
402
913
608
425
147
748
666
64
270
55
160
515
115
364
971
542
709
659
594
468
295
219
946
65
826
822
468
355
906
352
249
28
162
73
244
822
674
412
677
593
46
686
220
874
788
471
355
722
899
337
900
909
698
11
546
432
202
88
234
461
297
992
421
827
451
221
691
834
604
762
312
271
105
749
735
623
433
679
323
42
755
708
588
228
421
615
375
991
542
195
489
868
22
681
684
896
898
88
123
103
620
363
4
223
332
288
574
834
485
779
957
959
49
804
234
41
873
93
468
396
579
666
113
738
216
971
890
174
960
682
287
983
442
853
77
908
727
980
28
90
605
