0834
494
960
974
541
90
561
448
115
774
814
720
72
178
19
264
967
827
970
475
203
677
25
957
956
423
822
818
935
441
263
777
421
933
107
265
596
323
587
163
439
681
976
688
143
59
177
119
611
615
356
987
567
26
104
709
404
648
181
534
920
738
762
320
276
676
73
32
14
282
832
450
277
172
885
951
843
910
604
851
60
125
501
605
675
94
116
258
709
346
508
834
454
481
225
508
654
373
216
757
41
875
125
324
833
454
937
245
695
116
534
822
584
251
865
30
333
335
67
46
508
236
988
383
312
665
988
57
891
269
642
301
554
237
263
848
448
760
579
386
895
762
705
949
881
774
767
40
565
140
673
402
521
93
273
902
326
232
137
219
472
349
526
520
147
606
127
165
838
414
937
175
991
508
6
931
247
786
752
280
564
572
536
240
579
456
654
305
291
487
936
531
388
824
681
8
251
636
89
560
180
345
252
807
868
338
257
129
628
391
441
575
551
43
705
336
831
972
218
652
61
542
1
577
495
147
102
570
834
485
176
639
447
507
886
129
962
646
659
155
212
67
172
688
997
628
974
365
811
348
333
508
923
383
896
76
211
92
551
727
935
958
760
317
604
484
730
533
570
553
189
368
793
662
277
515
896
855
733
158
797
310
165
563
950
153
964
399
961
355
644
911
171
274
446
50
165
303
346
749
722
484
989
103
618
508
867
552
868
89
75
321
474
944
750
336
215
55
130
986
335
688
336
792
677
859
684
404
52
349
694
97
756
777
92
824
324
484
466
384
959
246
709
25
399
686
856
450
907
35
89
53
609
224
824
669
567
900
831
609
529
623
534
153
672
644
846
370
711
390
822
628
284
764
769
239
771
56
342
76
332
7
497
521
320
547
860
28
240
350
989
888
118
436
451
229
558
800
858
614
547
208
7
887
260
376
764
256
626
124
300
375
325
495
519
132
318
911
154
932
158
357
435
