0835
944
206
231
574
347
882
624
372
907
235
773
455
572
518
3
883
483
773
238
667
417
392
367
622
32
49
139
586
313
814
185
436
191
314
15
742
891
929
751
308
862
850
386
917
425
446
93
871
590
487
326
172
737
684
528
260
181
217
476
29
715
993
149
913
136
58
794
991
50
367
158
404
303
536
904
841
889
671
328
137
788
790
686
785
468
788
375
863
627
263
588
15
652
426
104
16
61
663
337
934
218
163
26
745
983
451
548
324
585
116
629
481
242
227
170
339
309
408
971
313
848
839
145
533
615
555
273
689
354
931
255
51
189
302
790
13
539
740
714
956
721
794
815
747
497
184
178
403
479
479
149
128
181
413
805
439
439
756
108
825
952
249
229
991
772
258
120
406
773
924
715
900
445
314
732
160
982
106
558
303
149
457
727
95
817
733
355
852
219
566
259
506
851
424
844
395
276
891
838
350
172
521
137
205
942
731
500
189
740
579
946
887
789
971
379
667
737
552
436
422
125
477
404
227
912
130
122
751
20
555
459
695
391
545
289
612
862
572
911
35
961
59
188
988
121
552
358
3
138
790
144
840
211
469
828
817
641
187
560
963
842
232
694
326
222
272
933
866
96
43
523
155
589
974
278
321
530
141
30
10
946
223
831
359
455
930
538
61
786
416
648
157
140
239
694
512
569
438
81
247
987
3
270
493
614
89
787
607
760
816
537
550
104
680
135
305
192
496
961
466
133
137
55
51
148
618
249
505
150
567
807
422
680
349
561
287
11
94
790
323
60
485
637
731
647
508
542
709
725
480
664
428
680
634
179
559
426
480
158
438
868
398
409
957
315
898
110
668
282
688
921
292
375
124
159
487
705
11
595
54
344
792
82
229
533
558
989
682
844
729
897
591
688
366
492
391
870
496
265
705
451
176
53
784
27
521
182
662
344
779
574
568
485
272
479
724
45
660
378
138
507
723
314
344
687
492
205
864
343
592
950
143
243
867
542
522
680
33
775
416
14
381
186
981
236
358
64
586
3
940
730
922
454
753
299
450
324
572
153
492
132
551
38
916
229
873
904
484
657
588
454
154
536
109
69
95
177
837
497
600
568
953
821
202
968
769
342
224
741
225
578
74
712
140
617
123
924
15
684
173
