0836
692
668
958
696
487
844
545
636
336
356
888
156
240
323
321
389
928
10
521
578
789
586
740
425
68
780
248
234
298
785
790
757
271
274
53
299
113
217
378
396
254
726
133
146
680
308
285
695
412
597
506
401
746
100
798
1
675
169
982
465
983
517
17
36
579
316
425
921
61
983
824
35
38
763
657
509
496
785
581
773
486
846
21
232
905
973
518
440
203
899
614
972
342
827
658
650
106
862
946
417
304
432
967
213
693
421
381
803
159
166
844
723
210
93
144
633
78
572
258
393
903
913
597
927
633
631
174
436
956
184
637
628
628
93
108
35
478
304
998
462
703
989
455
286
40
807
316
38
613
463
194
763
995
303
588
313
899
623
374
894
773
993
964
321
623
651
274
740
441
334
689
607
402
833
214
925
180
522
377
680
440
698
50
140
359
872
986
441
158
517
128
888
111
37
543
694
235
144
749
498
618
45
203
518
565
275
175
344
946
632
463
928
345
449
942
323
534
859
567
278
268
873
434
50
493
247
675
910
7
51
276
271
70
102
160
401
472
380
973
750
993
502
544
565
192
927
333
224
924
444
163
230
412
654
827
465
722
397
519
75
481
543
552
831
40
90
172
262
638
444
844
66
698
859
245
853
448
948
866
480
415
562
192
150
427
902
385
501
515
597
671
918
905
378
1000
73
589
465
69
187
237
654
168
294
785
648
991
708
128
483
860
337
87
651
221
188
616
407
10
354
332
197
256
556
75
125
773
139
245
831
31
333
143
580
635
