0837
716
375
552
619
516
267
757
437
783
236
424
991
550
318
69
420
145
144
660
826
304
879
756
32
673
405
214
653
273
246
856
169
894
313
617
364
267
169
367
880
326
724
460
649
628
508
222
757
807
62
284
572
758
703
3
337
117
367
323
165
781
947
63
605
651
780
991
921
144
19
270
474
967
688
645
585
834
621
484
739
240
183
778
484
755
220
343
692
953
461
631
376
978
112
866
7
707
475
661
42
73
753
760
523
238
963
545
418
78
25
159
84
40
923
426
461
909
60
910
442
758
963
158
525
168
775
949
309
538
937
118
313
999
530
794
464
474
729
706
552
669
964
40
319
117
774
990
181
556
464
261
562
309
297
792
935
801
994
105
642
974
138
983
892
695
519
809
48
181
726
376
204
377
206
257
473
281
840
3
695
635
776
340
744
523
3
638
261
305
724
556
49
42
204
534
458
377
728
831
715
72
451
64
392
70
930
648
270
351
713
539
191
390
24
961
963
703
150
454
308
214
136
508
460
89
493
120
43
731
611
700
452
996
179
213
656
440
127
456
19
491
119
266
442
536
281
354
