0838
1
467
715
114
995
793
694
704
261
824
429
610
85
659
963
711
113
367
955
763
287
970
717
964
765
177
529
185
608
781
892
631
964
374
443
890
60
358
771
473
879
397
305
991
242
812
173
702
365
868
230
53
923
365
705
107
511
986
302
319
900
824
553
507
312
561
557
722
848
373
571
414
117
565
846
55
9
942
392
700
267
296
22
559
744
371
942
34
965
83
530
953
501
839
310
808
898
675
368
557
293
843
836
838
458
317
328
359
753
174
53
524
176
262
541
304
144
607
922
266
43
458
151
40
754
744
624
377
609
607
184
109
783
984
138
733
880
692
527
306
151
47
741
32
874
716
121
834
387
668
699
506
36
266
805
85
596
414
804
484
852
461
235
479
801
229
798
612
310
818
49
387
771
632
87
484
928
938
727
141
672
1000
591
543
249
178
938
447
114
70
913
819
662
93
676
692
146
446
92
605
986
675
871
789
348
492
434
221
64
42
