0839
352
32
449
997
122
119
454
841
43
256
948
77
861
527
885
857
235
199
424
110
792
699
673
959
171
223
788
938
723
393
699
823
65
594
205
283
255
641
312
910
71
266
754
911
966
108
355
623
34
704
540
555
832
182
97
639
249
444
509
177
878
868
182
599
8
453
512
568
30
918
523
673
848
909
278
542
718
580
56
883
573
997
280
963
352
848
351
491
229
754
166
581
931
348
127
980
623
370
263
804
53
793
81
981
418
661
570
790
730
49
407
47
807
705
944
609
457
472
464
542
480
818
828
275
852
941
850
206
87
738
948
9
925
280
813
504
215
318
133
421
807
442
432
207
71
768
915
914
952
991
898
585
990
715
433
65
461
962
840
558
841
789
347
728
939
669
229
867
12
173
625
517
835
780
688
701
422
522
670
409
901
628
28
570
420
214
500
580
757
410
997
398
856
183
85
6
230
358
508
240
588
72
804
926
940
540
847
972
183
996
125
895
620
15
704
416
525
373
180
792
754
34
906
882
941
129
413
82
721
466
437
245
879
351
702
319
690
761
345
375
288
609
19
480
147
950
39
943
796
894
272
728
538
769
361
246
558
741
432
6
892
517
340
549
658
147
884
336
285
123
47
38
530
33
180
898
922
912
623
171
196
459
66
164
558
636
711
98
49
541
491
165
338
475
111
404
273
847
667
409
346
76
612
148
439
407
459
244
720
103
786
944
591
424
254
692
556
225
191
559
562
639
231
823
524
449
295
653
278
479
279
285
979
635
120
402
199
910
11
240
855
814
762
671
393
741
660
744
245
90
710
509
122
87
851
729
550
215
377
387
562
181
445
865
469
295
766
229
962
364
211
89
475
984
234
320
160
504
959
85
201
381
582
406
559
654
485
565
97
298
203
892
782
140
348
144
122
863
804
775
663
380
621
289
398
518
16
665
93
286
401
748
48
9
235
790
776
694
583
