0840
165
841
160
837
177
398
919
61
342
25
850
223
29
171
980
535
529
714
980
750
683
528
916
122
230
637
35
709
523
281
119
216
381
295
176
875
435
948
536
262
237
46
213
416
948
198
776
884
232
793
516
770
84
778
839
712
399
154
252
668
767
428
82
447
291
576
794
173
296
952
822
514
512
62
795
753
818
177
705
639
905
863
180
88
343
340
640
295
661
896
339
625
367
523
382
417
981
639
101
712
697
4
654
741
604
466
904
62
756
691
653
370
181
346
268
179
363
421
632
88
246
941
212
770
966
328
941
540
25
717
295
1000
13
909
70
656
597
974
949
731
619
863
656
331
832
169
929
510
275
172
897
930
378
375
799
183
489
403
62
263
809
