0841
419
232
881
194
181
156
59
210
300
469
227
271
869
177
938
502
358
36
596
723
866
183
351
609
457
749
462
442
734
600
146
450
392
146
283
751
965
384
886
756
105
734
683
266
596
382
236
384
863
931
732
266
660
295
716
839
729
395
297
668
337
808
905
874
572
347
530
179
682
741
550
457
624
26
878
529
364
959
57
763
984
682
212
602
985
969
50
146
594
343
768
361
771
943
947
292
871
91
944
483
894
105
248
920
36
947
618
913
594
972
856
706
631
339
199
896
963
546
681
324
391
710
92
779
14
234
309
647
514
770
299
352
561
115
18
82
103
886
932
724
613
209
198
606
999
707
798
742
731
652
885
600
11
824
334
895
515
895
376
506
216
938
919
520
659
213
13
2
444
699
730
36
13
875
160
637
195
897
440
673
477
682
196
869
313
170
350
479
885
315
14
730
343
653
777
335
935
806
348
250
1
387
439
940
624
335
591
210
395
414
593
82
97
501
985
376
838
861
38
232
859
333
861
909
93
385
414
912
235
3
807
38
63
61
937
595
886
147
939
921
101
32
109
79
309
340
679
434
321
14
533
696
682
829
312
1
316
98
738
835
545
476
222
466
437
531
484
596
987
513
216
751
616
404
939
925
586
551
113
204
620
90
841
650
576
640
328
156
603
170
817
30
805
301
171
608
210
160
922
643
168
737
218
433
146
218
488
632
271
910
525
822
505
654
756
880
792
870
995
490
630
220
985
41
711
674
67
644
191
268
838
917
690
348
181
815
117
719
190
215
876
737
741
37
361
471
470
995
835
268
41
882
537
134
605
182
158
659
240
908
567
704
691
987
115
700
164
667
945
33
70
197
294
302
793
165
448
647
255
769
869
100
296
446
749
128
593
239
281
833
29
792
431
557
606
919
188
705
763
990
793
416
994
462
553
830
587
894
368
874
554
340
589
441
907
575
521
349
67
888
346
138
978
299
668
31
585
606
95
982
145
646
396
471
579
147
234
927
446
776
489
430
124
376
278
439
639
586
273
374
996
247
966
224
240
957
659
622
204
230
30
208
422
996
765
50
47
488
728
461
814
705
637
976
78
62
475
603
235
686
518
312
596
309
231
934
281
65
558
773
509
321
934
414
448
881
40
975
