0842
684
470
9
572
101
115
403
173
695
142
81
922
739
72
402
441
648
643
66
345
556
874
982
804
151
19
957
844
673
186
682
739
541
9
266
821
717
636
768
321
777
178
782
754
544
876
780
750
953
550
601
714
692
75
47
227
751
123
963
260
541
587
650
445
817
236
822
949
572
490
376
287
622
43
322
726
681
283
790
90
983
840
512
994
222
716
458
96
714
415
729
751
17
17
948
475
991
223
618
262
836
608
751
988
349
874
857
75
61
668
414
73
609
159
888
453
512
27
449
519
219
103
261
20
522
371
22
781
340
315
610
897
718
375
483
61
399
818
696
296
438
140
310
360
522
345
717
727
502
970
548
570
464
675
301
986
22
416
