0843
599
638
391
197
210
237
449
706
854
377
43
897
662
903
406
883
821
999
294
551
990
691
192
977
84
346
199
325
589
254
698
525
98
363
541
680
625
422
308
801
646
699
162
26
496
184
813
503
227
413
815
220
296
425
423
809
11
796
555
594
583
311
736
621
241
822
376
537
566
732
162
809
60
831
781
288
723
551
198
257
935
203
856
587
292
306
412
297
33
869
123
141
42
394
438
774
201
254
634
727
858
122
285
85
553
47
588
662
681
895
918
105
599
679
853
583
748
87
389
595
161
667
515
704
169
963
865
448
853
943
775
124
72
978
609
741
826
541
952
506
53
746
868
513
363
266
136
