0844
531
817
25
479
274
507
368
597
665
580
99
499
684
480
892
306
90
754
967
962
307
413
243
869
229
948
437
340
809
921
499
745
714
201
16
427
934
982
554
538
89
714
588
63
97
32
372
134
442
74
649
409
515
281
723
999
981
684
34
861
338
878
873
51
329
866
113
815
958
19
295
290
845
225
973
157
978
38
183
252
824
594
470
383
516
893
845
535
717
353
657
466
698
688
53
522
66
526
563
644
474
839
549
397
478
545
288
132
361
94
183
580
804
308
863
112
730
700
975
813
440
141
741
962
263
636
496
628
313
860
215
845
603
540
904
331
802
593
450
67
626
13
494
490
270
138
378
188
462
460
674
875
74
144
980
783
40
967
670
200
33
869
583
605
656
726
786
943
518
942
674
856
761
719
1
25
102
500
12
308
551
241
12
91
785
968
253
938
240
364
71
348
98
319
742
121
935
567
939
875
454
427
878
615
617
116
132
743
374
646
846
819
995
607
690
744
426
29
654
738
261
5
653
810
491
613
33
156
989
338
152
900
303
795
525
276
438
429
678
486
416
948
845
852
360
547
58
801
37
130
770
847
80
233
72
473
686
333
480
772
783
375
512
275
381
156
803
56
810
386
302
518
946
634
353
921
849
810
313
626
935
925
233
302
102
137
757
843
601
803
637
983
705
261
168
108
288
188
461
767
300
73
137
636
81
953
619
946
209
329
57
716
966
389
70
995
402
858
507
962
100
189
153
835
244
159
611
847
858
85
90
709
783
161
692
912
790
49
54
881
67
855
675
736
12
314
791
775
867
798
899
902
434
447
981
918
972
942
318
22
604
487
343
36
138
70
469
574
210
522
347
592
845
303
439
384
890
116
844
909
622
539
381
785
559
56
644
19
525
159
164
940
935
3
781
127
236
967
647
903
904
542
482
718
269
904
777
297
432
744
755
85
449
107
303
679
359
638
665
633
296
262
453
992
643
310
527
353
582
73
8
617
897
