0845
157
218
636
53
607
690
149
539
604
926
566
766
714
208
791
760
584
695
158
118
116
827
879
723
345
523
860
398
607
593
226
356
825
620
40
780
752
659
551
556
518
826
446
255
484
427
108
242
278
529
748
447
278
214
62
859
83
536
899
112
852
651
605
867
827
332
429
979
558
284
371
349
37
768
706
37
886
835
515
907
562
484
801
828
145
734
261
786
737
450
881
21
32
745
878
208
317
698
403
937
701
535
211
391
662
86
815
145
377
496
929
232
165
579
881
823
893
676
979
887
709
697
273
769
790
578
128
428
430
344
269
105
641
874
294
629
952
581
381
451
