0846
963
366
826
783
162
788
558
858
407
858
56
999
547
435
646
966
312
804
578
580
149
793
717
12
251
716
31
684
632
632
143
591
813
168
127
531
609
840
249
698
430
182
730
786
989
424
534
679
906
467
194
400
356
504
93
623
556
174
272
754
898
769
502
187
820
499
582
74
131
331
665
483
812
55
382
134
386
513
514
587
766
85
93
371
128
31
251
773
804
21
676
112
55
532
919
647
751
995
366
273
998
265
639
20
726
628
845
722
141
134
350
747
2
800
386
584
990
931
990
554
862
591
887
655
74
275
314
579
859
564
99
511
491
334
288
326
531
470
476
956
856
517
904
300
327
25
783
342
213
195
323
98
438
440
180
632
338
905
102
294
142
195
522
710
503
798
150
369
49
666
509
457
671
143
976
798
499
458
536
355
22
579
921
404
292
762
266
840
609
886
603
41
461
309
456
692
164
150
522
430
891
283
3
41
557
57
224
506
912
155
617
218
573
650
540
960
344
535
163
220
261
739
423
186
748
96
567
734
236
536
50
586
286
863
761
492
283
107
879
52
461
11
494
863
734
3
725
311
598
803
381
765
787
311
24
586
589
158
832
340
260
571
188
468
180
928
76
581
903
504
113
267
380
294
813
825
811
769
354
604
984
414
757
363
639
862
776
575
635
604
968
1000
690
949
707
333
485
439
188
162
927
607
599
35
113
765
239
763
464
328
955
708
608
197
81
722
99
205
213
723
535
495
457
289
845
737
99
639
639
340
119
85
350
976
199
596
751
677
680
760
445
650
192
749
1
245
77
241
8
634
142
830
109
79
930
459
176
231
797
42
217
784
226
516
335
747
305
960
11
793
586
313
51
297
641
781
726
630
372
503
389
119
720
288
283
548
100
565
66
121
234
96
874
333
547
961
632
233
351
172
405
676
552
854
486
697
256
679
326
531
681
877
841
352
812
827
315
439
384
998
10
181
610
220
286
135
198
447
315
33
599
127
932
874
366
106
188
297
76
122
161
276
678
937
124
653
82
87
700
652
968
358
850
121
212
553
214
