0847
401
523
865
315
559
837
219
160
54
464
343
655
250
137
377
733
437
600
360
321
64
414
316
916
430
247
429
153
717
915
193
429
966
174
235
552
750
812
99
223
980
537
537
175
726
349
407
581
328
410
60
699
65
640
692
875
696
43
503
250
854
57
196
303
483
168
436
285
196
652
437
175
629
116
501
41
641
567
127
554
686
23
294
53
668
96
469
476
243
832
749
690
470
224
272
367
81
569
874
832
775
152
908
566
638
514
966
298
842
80
763
469
123
799
792
698
684
734
83
144
494
61
314
590
245
550
1
206
611
889
112
309
433
507
413
694
934
820
645
244
619
188
794
374
367
507
169
598
961
793
392
603
260
246
30
164
294
821
290
863
898
345
150
532
201
442
782
497
899
233
216
278
932
955
750
137
730
618
497
119
802
103
525
472
681
46
203
84
408
525
174
203
348
813
445
559
781
765
882
169
896
435
580
173
850
414
