0848
131
383
825
40
443
567
666
651
722
253
817
207
366
504
830
468
609
787
691
170
742
935
27
951
555
280
155
250
233
980
644
320
466
288
683
468
722
553
656
226
358
47
237
308
460
797
356
838
787
361
240
282
159
24
324
568
383
11
117
583
485
295
833
88
18
888
29
750
229
649
546
223
933
4
979
183
404
618
303
749
124
769
375
597
386
898
384
823
610
648
151
67
453
187
308
580
693
276
688
42
145
889
189
302
264
149
485
721
483
722
279
956
489
264
465
698
190
474
658
738
498
560
992
670
721
961
801
560
350
111
592
930
407
146
964
295
628
224
26
215
9
56
46
554
271
100
435
31
32
470
633
403
300
767
265
995
964
799
769
999
823
324
385
227
950
239
497
264
971
800
7
565
974
974
472
20
425
621
788
211
812
416
812
8
763
477
226
246
247
209
260
590
168
953
543
443
421
231
913
753
373
868
27
649
920
404
829
919
848
872
921
679
538
580
55
586
81
289
813
146
844
444
575
234
243
527
945
623
851
177
427
949
649
361
882
497
119
863
93
550
509
478
361
448
101
766
908
832
939
170
112
648
400
631
749
247
723
785
684
904
199
950
333
747
524
819
136
197
789
820
703
127
760
475
566
155
38
179
448
873
866
804
407
993
985
753
403
362
220
249
432
660
990
729
988
409
496
983
549
805
447
280
14
72
681
230
975
182
291
758
989
322
837
285
190
407
206
112
987
680
110
181
901
380
902
195
730
344
138
740
226
633
373
680
714
746
457
678
988
42
483
338
183
593
438
68
957
433
891
227
141
482
235
310
18
211
650
923
864
289
536
333
272
905
482
961
386
443
866
120
893
323
890
25
749
951
607
869
207
967
241
228
669
159
425
190
470
663
563
758
510
443
753
637
487
743
454
635
331
493
457
905
750
99
91
993
363
541
832
788
451
843
229
907
481
767
783
379
505
992
899
130
540
277
520
191
524
463
950
641
773
741
373
677
224
