0849
890
240
934
522
137
262
916
538
125
808
974
426
681
288
373
211
58
545
938
676
497
9
596
716
465
954
607
833
484
259
426
598
39
753
371
28
246
398
321
726
577
632
492
123
842
534
384
557
709
213
780
698
147
93
30
571
96
998
417
941
121
369
17
292
157
646
505
541
559
448
991
953
596
361
820
410
336
959
191
591
121
18
457
85
755
216
681
473
177
175
493
157
58
858
407
467
869
907
820
153
238
813
475
381
221
683
958
941
107
458
992
745
849
970
767
229
42
26
80
868
37
713
796
909
663
876
126
462
775
212
839
854
611
224
338
68
919
872
526
981
114
