0850
81
64
464
763
986
753
676
419
990
195
265
197
732
656
696
339
598
184
793
640
254
469
991
96
903
420
257
650
409
626
596
532
581
150
520
222
233
977
112
353
10
835
137
890
704
982
919
922
885
748
732
37
755
960
328
35
249
293
556
51
501
743
699
142
492
391
832
629
747
846
598
423
403
85
44
782
485
423
654
698
573
50
24
949
302
528
328
130
827
970
208
278
658
379
710
856
355
465
855
191
684
657
35
307
936
524
985
112
778
989
758
245
781
672
754
834
157
315
138
600
892
615
364
219
8
342
631
102
370
69
363
869
50
19
494
330
144
341
259
271
202
664
12
868
212
88
697
137
594
814
239
781
640
9
194
48
707
855
299
446
41
434
583
764
190
467
334
889
627
967
971
669
42
137
413
719
184
618
838
590
410
15
649
459
452
845
765
339
381
832
933
341
739
552
458
103
239
208
388
334
54
122
406
979
573
951
517
340
61
80
657
964
205
515
46
521
427
987
167
390
424
676
717
744
485
199
688
49
597
265
407
727
375
83
905
856
806
227
514
875
18
670
631
10
344
326
517
342
548
556
369
542
661
666
145
449
978
81
672
359
785
730
887
107
189
588
918
503
271
243
249
421
106
953
392
660
49
726
730
894
243
497
330
136
790
294
880
544
587
432
16
49
230
71
277
616
319
415
853
749
746
823
482
149
113
30
578
932
47
949
988
635
600
298
374
822
236
505
885
347
840
490
712
605
637
872
557
348
1000
956
833
918
890
159
103
323
846
205
619
745
841
57
575
954
232
37
752
600
473
61
267
564
241
699
901
934
113
156
380
668
522
788
987
790
767
401
588
183
461
879
534
238
373
525
875
255
706
665
583
976
822
811
806
317
262
854
651
337
431
950
313
938
101
936
714
193
791
104
808
390
499
