0851
51
711
88
649
170
280
910
166
167
297
625
13
943
328
815
732
311
195
309
554
186
99
886
165
539
155
326
634
293
815
891
122
77
909
758
402
966
470
254
850
36
578
305
333
529
987
959
957
998
654
785
520
226
172
652
733
366
937
256
665
136
842
789
241
127
287
388
212
66
290
313
546
836
464
532
264
63
214
750
195
595
494
733
322
981
301
460
24
922
82
652
379
625
395
121
858
795
852
78
330
583
167
849
612
119
797
699
810
492
682
540
73
715
588
644
615
83
574
254
277
37
440
517
889
689
860
102
230
683
511
901
811
523
481
305
271
395
542
355
397
76
274
47
398
481
966
62
660
169
747
532
680
310
924
616
6
877
144
531
317
883
832
512
234
183
282
756
571
947
535
951
139
804
308
57
844
65
419
415
673
56
752
346
286
457
111
371
289
531
652
898
908
574
205
824
721
404
565
174
582
800
97
583
801
61
423
153
504
558
882
914
905
767
176
698
94
976
759
360
932
440
579
776
140
16
198
406
412
604
179
193
117
169
446
642
464
903
924
363
706
346
839
470
903
90
634
153
668
289
310
176
315
25
591
305
656
363
293
498
291
975
619
812
106
920
153
232
699
267
689
705
214
978
243
853
264
906
566
779
623
919
146
391
601
207
545
400
426
693
433
315
85
58
943
615
901
29
618
946
514
828
914
306
582
941
628
31
568
88
908
827
497
94
367
1000
947
954
551
154
340
1000
230
834
640
825
120
627
994
438
801
434
848
903
46
358
710
644
943
29
991
212
200
722
927
26
320
189
514
226
663
494
479
620
701
463
696
654
373
534
395
896
840
344
309
752
602
405
700
169
986
481
441
117
688
911
609
191
834
724
545
467
971
169
43
496
137
919
210
685
373
842
229
603
