0852
576
825
308
63
830
663
527
827
314
104
661
387
649
249
779
330
181
584
961
405
103
326
613
300
516
429
605
239
832
277
321
499
253
616
139
924
262
64
994
692
681
6
627
831
946
6
423
60
147
658
479
595
466
178
507
363
211
465
167
559
53
94
306
542
483
247
642
313
486
200
917
804
910
90
201
673
764
508
681
484
515
768
615
478
682
790
246
418
303
34
53
39
173
197
716
351
622
656
326
412
672
379
41
462
143
185
602
389
662
264
317
44
428
247
902
454
249
22
276
650
894
612
721
871
415
880
735
871
97
341
839
102
909
423
326
862
499
821
608
964
885
718
344
579
455
556
242
456
978
80
42
406
309
186
280
761
245
17
764
510
939
108
679
568
707
318
977
578
455
676
161
902
866
642
194
333
462
465
268
537
624
812
661
587
33
733
84
827
124
34
565
775
381
196
874
570
678
388
274
410
139
