0853
23
228
931
877
452
856
90
893
57
444
787
984
854
223
997
823
981
302
303
538
616
949
749
165
79
976
552
473
583
217
559
111
384
218
233
826
958
422
709
687
33
842
753
510
108
207
563
784
793
731
534
125
924
555
322
493
442
308
171
883
419
2
320
349
719
569
932
625
859
58
987
245
382
36
257
886
127
543
171
296
166
606
290
893
255
845
966
783
604
189
396
197
125
189
188
32
139
424
741
837
358
115
688
301
982
199
55
330
199
317
351
969
528
636
880
680
193
515
24
923
536
847
297
382
67
204
219
478
560
881
296
927
712
120
139
440
728
564
168
334
291
146
975
418
269
869
978
415
763
754
964
502
208
417
150
494
889
464
736
115
891
306
521
956
350
441
1000
185
86
257
807
480
700
977
714
124
509
8
23
30
382
479
344
600
618
714
327
663
682
695
428
775
697
136
809
111
893
127
987
286
102
882
816
629
76
854
536
492
713
3
437
858
207
82
264
91
278
30
623
78
516
364
503
931
846
405
639
914
916
979
478
733
594
902
221
672
903
970
681
99
933
15
825
118
321
315
132
138
742
756
25
912
339
416
19
811
465
856
106
318
824
737
221
551
517
16
262
635
842
32
745
444
791
835
865
651
652
412
995
702
388
53
701
525
756
373
224
692
39
686
543
220
2
869
301
969
445
510
313
908
970
461
467
405
127
492
919
608
907
330
801
855
320
773
848
591
795
258
292
504
234
929
164
937
295
435
706
935
572
558
504
683
504
661
681
161
783
644
17
793
462
298
864
480
544
492
91
758
568
900
672
540
212
993
913
4
325
755
607
718
958
863
494
856
68
265
823
646
165
799
126
550
457
561
516
502
906
637
543
187
49
55
1
709
933
306
215
40
316
174
149
349
819
862
700
734
868
524
977
71
28
920
68
997
88
227
791
711
275
368
549
321
345
189
2
501
225
537
165
540
11
275
853
352
978
614
326
850
87
667
684
734
988
516
739
408
168
254
970
463
445
392
684
31
309
942
278
111
470
499
243
732
438
866
642
288
419
421
57
