0854
448
518
465
171
416
9
752
800
150
622
393
765
921
506
642
648
551
258
775
348
908
37
636
142
602
877
181
219
608
881
547
381
638
485
813
970
217
719
718
331
50
50
293
315
452
448
662
47
284
665
451
542
669
261
620
776
250
913
486
617
448
569
281
437
479
989
507
369
517
637
869
471
1
595
125
830
124
135
170
167
444
180
307
833
877
123
399
370
607
766
119
487
171
800
909
719
94
819
326
185
468
649
921
774
386
419
996
487
11
604
863
342
38
217
290
525
747
307
343
293
862
204
69
144
536
302
133
994
334
56
401
831
750
435
645
715
272
156
381
387
752
11
280
660
444
652
380
765
172
697
335
225
902
981
472
841
306
449
460
975
337
782
454
439
943
833
245
949
524
730
150
496
878
614
247
956
988
54
306
960
739
767
752
453
935
889
909
93
204
817
923
56
297
405
269
33
3
690
386
355
294
411
228
13
250
330
170
1000
24
339
140
293
21
564
328
821
201
272
922
351
194
142
299
943
609
857
637
733
754
561
798
357
95
866
421
548
745
199
75
977
476
63
271
175
608
682
80
266
722
147
159
82
69
363
324
229
186
380
612
769
798
97
604
767
17
142
636
586
716
366
961
928
55
314
911
701
87
883
