0855
513
137
385
681
62
416
741
344
265
255
195
374
294
722
542
890
176
573
189
495
961
922
875
637
78
474
599
992
857
428
622
82
322
235
225
758
137
227
661
399
484
464
975
893
335
144
365
367
597
382
291
624
371
124
854
596
81
519
148
590
345
657
328
988
134
808
93
542
839
851
223
213
332
15
237
107
911
132
19
265
22
461
722
125
334
314
470
464
340
654
734
363
293
294
323
532
105
39
893
184
396
924
372
559
54
984
93
898
661
380
931
539
247
830
567
756
600
791
65
687
927
284
487
916
713
803
152
92
378
238
544
911
413
132
189
513
709
119
845
352
849
797
981
963
446
35
214
417
599
889
774
78
914
106
364
738
152
197
834
534
385
439
673
633
659
269
955
888
229
587
321
27
869
975
113
694
457
660
133
666
879
345
811
278
533
767
749
103
803
603
701
803
982
171
799
266
14
438
641
72
599
687
170
34
364
560
320
172
404
985
324
164
493
796
867
202
946
291
661
288
489
324
395
640
494
910
58
485
314
356
689
806
746
474
267
235
380
430
185
201
618
563
550
642
444
316
515
926
61
990
253
47
680
907
433
467
255
360
514
911
399
269
653
541
407
702
466
409
296
396
850
379
106
906
703
617
429
520
738
835
261
302
561
981
979
125
186
844
203
659
684
757
781
966
260
795
81
249
265
562
197
169
608
766
544
994
133
971
688
470
782
844
351
679
145
118
872
328
682
338
290
993
669
196
675
493
147
603
714
41
834
365
820
985
499
171
627
569
868
859
699
54
103
945
25
95
582
940
284
566
425
221
346
109
639
903
663
316
142
841
54
184
753
566
30
554
569
326
966
948
853
11
890
319
735
391
254
122
52
277
245
214
515
202
75
671
662
142
965
609
107
254
103
941
745
140
972
230
656
600
207
304
160
494
725
814
245
510
370
390
370
501
241
2
651
228
987
284
293
326
815
396
690
310
413
402
601
900
269
121
998
201
396
974
46
23
813
112
710
473
758
706
161
698
905
616
594
369
910
982
579
39
483
165
475
13
985
305
563
153
970
776
632
456
286
994
280
898
573
55
410
581
412
862
164
481
40
841
687
922
252
148
957
703
833
197
729
555
853
650
645
536
424
159
785
201
62
358
679
176
