0856
833
719
788
206
417
889
446
775
80
242
837
674
409
442
487
891
345
999
907
373
144
101
759
183
229
8
952
25
870
425
672
664
234
339
371
113
886
389
254
114
337
634
429
583
582
777
765
704
881
580
541
27
222
33
269
195
420
445
562
879
800
843
338
411
528
227
50
921
896
265
6
392
83
884
966
635
966
796
68
466
130
832
656
881
497
223
264
532
854
548
894
498
176
279
245
668
552
49
936
862
866
959
64
471
670
349
978
806
557
757
705
406
530
713
400
504
649
64
755
486
728
943
759
612
311
566
912
267
54
548
112
412
142
146
281
18
543
862
774
269
535
261
5
868
317
551
406
595
93
519
355
394
390
