0857
731
23
434
143
524
95
259
812
974
393
305
139
755
76
483
3
613
237
636
644
265
404
329
733
448
622
445
6
482
35
950
787
649
412
447
338
408
752
131
624
876
93
992
719
125
41
74
369
896
909
662
106
534
216
1000
852
729
517
394
465
131
840
866
743
863
153
2
965
684
423
790
871
229
144
56
677
430
291
366
245
221
212
262
444
995
986
592
54
115
93
975
851
13
12
98
28
461
250
835
461
183
715
783
212
868
649
144
50
503
355
93
800
293
357
554
666
350
347
881
988
841
179
72
7
88
399
121
194
203
36
848
981
989
124
429
189
438
224
258
676
350
59
464
757
458
655
432
33
62
249
692
481
496
431
442
945
663
473
167
405
552
221
533
963
390
877
743
20
189
72
558
505
353
505
457
956
163
556
145
559
13
95
44
952
804
497
977
810
127
647
354
678
153
249
386
103
219
227
914
568
714
710
801
75
656
638
573
221
160
110
749
184
495
475
407
729
950
724
799
282
665
383
509
741
726
255
955
530
50
824
991
542
103
962
520
319
175
1
240
509
82
642
590
224
224
378
567
956
522
362
496
675
431
289
147
718
700
25
368
505
501
962
750
432
800
376
792
797
44
843
923
969
418
686
300
388
192
366
908
972
472
355
665
69
83
851
686
171
795
817
83
678
634
349
561
402
236
852
9
6
627
640
324
945
65
839
701
575
203
68
290
320
160
778
67
460
469
644
2
423
374
157
693
112
761
290
784
618
628
160
91
236
517
480
720
530
661
243
987
427
141
681
224
25
555
824
760
114
204
836
306
820
200
177
421
283
124
616
281
817
115
210
535
574
240
126
13
948
684
672
231
271
820
164
703
3
174
82
330
213
692
534
250
866
481
301
226
366
159
342
708
624
169
159
768
538
814
66
946
889
655
561
943
924
425
122
373
267
801
616
530
894
160
392
145
931
88
831
554
335
100
370
371
772
889
69
259
970
146
897
471
300
534
168
388
60
992
417
888
332
949
672
475
631
85
149
642
62
84
56
116
821
602
728
74
504
597
863
852
796
899
970
968
500
586
934
581
105
695
