0858
64
132
456
560
647
165
841
274
459
668
636
534
133
756
794
386
550
92
556
294
894
510
847
235
190
962
243
81
302
780
605
733
710
849
403
948
725
996
185
946
828
480
349
972
899
30
970
265
602
978
433
318
753
723
500
942
163
179
308
226
922
23
156
372
664
561
148
899
998
648
624
743
960
428
274
820
6
593
892
228
38
154
568
366
530
190
7
584
239
588
148
961
573
809
978
572
654
159
860
897
904
570
586
302
632
406
706
549
693
562
684
37
31
362
237
60
95
356
142
36
587
244
25
154
257
780
123
321
144
425
464
724
203
668
468
145
313
902
539
343
94
199
29
61
731
878
507
108
558
241
680
297
564
328
807
59
79
408
492
833
872
882
656
75
100
395
198
283
300
253
198
994
76
117
871
470
936
491
656
276
891
249
100
268
608
76
1
685
514
979
405
946
971
20
116
262
558
972
2
972
547
265
592
873
597
835
636
478
963
499
543
137
493
670
838
475
776
776
229
391
111
43
351
103
570
662
599
399
391
803
127
382
809
1
267
139
539
883
422
157
287
929
207
75
905
278
332
360
121
19
320
979
60
143
271
850
94
35
177
688
433
859
391
226
547
303
363
494
429
909
292
559
520
366
474
889
228
699
964
951
149
144
84
534
837
562
616
901
171
202
258
61
160
233
877
29
36
822
704
550
549
860
932
276
776
578
190
237
981
706
12
18
697
256
907
248
759
965
954
683
159
929
208
300
362
724
356
946
931
835
123
309
231
990
343
842
566
978
472
709
424
262
344
43
657
651
79
506
990
501
630
172
232
694
466
836
582
726
664
221
313
710
226
651
980
952
828
649
360
257
359
