0859
951
421
160
430
868
419
723
214
381
315
905
629
180
394
767
318
497
693
663
668
715
176
350
688
487
792
854
7
764
764
827
547
446
59
14
956
663
404
319
95
366
81
848
504
900
685
775
222
427
955
368
293
232
406
545
723
89
230
341
253
665
979
50
698
753
282
359
980
499
603
370
873
329
766
432
567
440
882
223
471
660
696
883
945
503
652
296
987
301
365
793
32
909
221
996
366
577
728
517
638
932
301
579
828
68
637
140
101
722
433
605
582
941
38
302
575
948
387
660
580
269
313
255
465
944
54
303
726
112
836
576
398
237
406
247
399
541
310
388
173
421
640
188
548
144
558
200
99
141
507
811
205
838
727
520
351
279
229
386
206
763
468
659
598
675
337
764
129
934
363
479
369
532
735
669
552
389
508
769
406
605
35
352
544
589
36
855
212
918
998
425
510
498
756
678
370
866
854
323
725
103
661
952
420
368
149
478
40
45
