0860
388
713
218
923
501
265
74
465
847
131
484
86
2
666
404
373
883
884
861
190
67
841
877
530
333
580
518
656
785
271
267
388
467
14
605
434
574
693
512
448
718
295
751
942
65
905
62
367
923
451
967
998
287
43
331
931
241
776
444
204
652
63
613
48
5
561
6
169
728
464
225
13
430
374
201
266
407
682
345
357
209
127
657
704
550
221
558
852
56
570
137
596
819
228
626
530
666
317
652
228
252
716
808
501
414
251
29
776
809
262
856
612
455
163
703
205
561
114
260
493
369
158
994
188
746
930
611
510
766
426
462
838
710
644
214
168
855
923
756
921
347
857
793
715
635
469
938
356
270
943
646
95
631
627
225
282
707
650
776
671
126
773
769
34
517
172
450
606
410
788
913
949
37
211
663
57
346
153
240
265
433
573
754
26
177
823
328
90
440
962
661
88
339
632
771
671
787
791
882
135
632
956
606
909
51
385
548
652
712
80
831
207
577
685
564
108
369
228
690
542
663
39
