0861
142
705
472
410
839
792
316
524
209
774
172
747
107
148
68
577
571
583
979
692
357
40
668
238
957
226
713
730
234
915
236
773
463
464
948
895
512
926
425
664
239
117
656
407
712
295
418
709
132
297
186
249
903
973
275
785
300
900
953
283
435
412
35
650
155
495
462
546
146
692
472
403
174
443
227
697
9
435
734
302
438
617
726
899
711
124
328
407
174
377
363
657
124
617
853
818
810
328
831
24
373
36
36
638
50
424
599
170
719
960
504
306
563
425
604
763
700
325
514
977
227
500
861
762
18
30
988
947
802
468
917
772
827
104
445
842
704
254
349
955
656
611
248
435
342
713
121
600
470
295
169
96
240
400
261
835
898
521
156
334
257
486
164
771
757
756
751
278
927
534
224
554
559
297
789
82
868
591
399
740
556
51
811
836
636
374
262
769
537
662
385
477
682
198
742
173
842
177
304
338
72
158
650
379
90
32
57
845
941
669
548
215
968
945
404
63
217
524
785
428
982
366
43
916
216
945
494
116
197
604
499
647
662
132
225
313
916
805
221
249
27
303
672
999
552
654
995
47
182
343
194
864
594
363
649
89
60
79
194
207
233
923
561
232
407
882
797
764
280
541
537
436
898
752
341
366
651
240
825
831
452
668
831
909
501
648
158
113
928
777
836
802
425
49
227
836
96
416
143
489
843
346
476
436
420
360
958
948
728
256
935
389
481
393
957
6
272
746
341
272
307
751
263
138
559
450
670
692
805
669
544
918
701
585
900
115
542
674
148
707
534
280
