0862
518
895
659
975
611
195
85
723
470
879
804
478
438
351
341
639
368
75
262
536
909
142
597
605
237
799
924
541
847
576
283
79
699
790
912
212
153
520
204
107
4
630
797
941
963
958
120
979
662
128
797
587
274
175
197
129
670
473
29
307
961
517
852
216
750
714
541
607
707
725
255
243
182
976
143
753
114
450
470
555
345
10
999
364
458
792
616
179
150
276
980
2
794
631
333
945
500
798
964
467
362
954
516
555
207
577
471
482
840
357
222
349
818
562
350
696
395
566
875
473
789
468
269
682
259
639
412
375
919
96
915
953
985
554
736
470
