0863
63
388
25
10
817
693
636
219
614
261
345
187
625
464
336
515
723
607
528
466
929
391
506
798
84
865
865
958
664
703
631
890
703
772
458
833
241
856
964
719
732
7
560
626
67
474
393
998
305
650
722
911
317
818
585
350
806
221
852
167
323
829
641
283
534
321
640
403
364
276
671
10
564
691
852
620
851
100
753
451
246
104
396
647
499
884
368
129
993
788
211
581
877
356
752
27
106
230
345
929
926
284
318
553
580
661
518
504
415
834
252
460
871
464
395
366
197
779
686
611
356
416
356
555
941
884
998
270
943
754
243
879
541
349
5
757
930
696
104
444
658
568
373
278
224
661
734
212
288
702
135
885
1
973
533
685
572
362
970
923
303
634
329
910
367
901
698
994
785
442
381
748
391
601
605
648
111
168
819
700
513
172
711
515
84
