0864
384
400
264
643
409
25
450
815
535
978
751
13
677
466
568
623
387
958
38
85
195
119
475
541
870
918
596
318
672
884
32
505
52
163
29
398
507
708
896
321
101
864
476
751
98
99
92
641
588
433
512
382
374
750
406
326
802
130
882
647
615
732
880
198
457
958
782
662
803
71
650
727
431
807
912
757
906
476
808
559
793
86
606
759
739
715
854
746
640
859
568
205
215
697
126
878
556
279
882
529
338
295
989
239
262
766
437
342
662
150
379
526
89
688
720
363
156
832
674
410
191
114
771
660
172
692
14
286
473
888
510
601
260
892
378
418
208
513
899
210
304
55
449
982
343
646
783
660
858
845
835
941
394
44
93
118
44
749
506
155
478
136
310
208
71
660
760
804
33
555
625
473
881
419
963
569
987
760
214
517
475
522
442
568
905
138
490
582
840
577
280
795
690
775
440
470
431
789
656
972
156
218
757
111
74
47
862
819
324
339
192
556
640
507
408
383
608
324
792
48
1
133
446
366
533
76
595
17
118
187
634
858
625
666
373
24
692
908
414
470
421
493
340
692
104
607
410
22
330
946
597
253
896
844
754
949
91
552
292
291
77
506
736
572
107
575
676
509
406
10
396
844
374
547
985
841
905
874
101
721
670
575
245
517
850
302
292
902
256
380
19
112
739
923
595
634
451
625
696
102
35
635
848
864
955
874
925
105
321
817
659
138
246
508
309
129
828
853
14
510
23
707
189
233
747
302
758
433
118
859
109
591
324
639
309
949
982
169
8
796
736
515
642
89
768
221
839
634
965
893
139
989
438
945
384
249
392
132
746
687
132
708
137
840
906
70
794
164
755
726
403
247
905
593
315
380
80
49
102
883
960
256
760
309
616
810
959
861
243
12
674
187
325
790
357
234
511
844
101
204
197
662
912
142
501
664
537
350
660
490
967
858
518
784
821
703
168
294
598
317
8
833
564
445
398
453
522
649
771
162
734
478
477
428
817
400
172
403
723
685
671
292
197
634
771
14
440
994
876
182
448
956
450
747
351
439
608
241
411
214
553
457
71
54
859
88
884
444
567
740
557
384
68
855
182
342
821
427
739
325
94
412
87
818
533
992
309
620
989
519
529
52
927
842
821
462
