0865
374
99
548
152
852
270
956
290
78
834
771
261
342
851
262
985
759
106
182
714
912
518
117
350
257
338
11
58
684
740
416
379
545
866
793
505
946
52
737
526
932
487
482
731
530
466
499
819
496
57
320
886
725
817
751
958
960
601
825
517
290
56
324
188
945
362
533
410
271
956
851
358
833
425
909
67
618
199
767
353
387
844
977
506
281
931
329
747
688
611
710
342
500
167
466
765
76
948
186
784
502
715
854
152
225
837
710
742
829
822
113
731
156
515
607
577
774
387
982
641
616
467
257
349
292
686
345
234
96
976
811
496
825
276
224
223
780
478
78
840
783
427
521
799
117
576
201
504
594
392
848
325
280
313
524
405
509
642
871
109
462
239
211
640
961
425
509
801
904
883
106
340
571
666
274
353
30
20
643
146
158
342
914
933
446
561
615
779
623
26
577
135
396
936
725
553
477
525
693
813
292
86
517
538
554
749
46
336
690
690
131
909
337
547
900
483
138
277
378
23
458
623
805
403
185
446
39
33
98
891
726
742
150
381
508
523
809
102
891
759
711
335
317
105
181
244
77
876
762
954
673
721
410
123
38
511
668
963
989
781
890
636
383
808
64
100
176
801
778
138
159
712
175
270
640
290
708
215
208
532
701
181
647
5
659
567
871
213
37
339
620
515
365
125
809
966
466
560
267
605
880
375
277
514
333
375
239
571
591
365
387
416
785
323
565
946
403
659
622
945
593
366
137
650
528
264
615
333
46
785
803
944
118
904
437
928
506
502
973
407
690
149
97
798
492
925
226
712
918
218
992
258
334
233
433
369
348
931
755
803
159
774
738
843
190
914
62
18
209
564
18
415
199
353
651
925
526
458
907
846
361
671
786
707
318
877
187
682
535
645
379
392
423
33
500
850
659
759
605
58
73
87
750
9
596
97
742
513
78
388
495
346
276
218
842
357
188
335
302
993
466
