0866
564
603
224
506
800
376
31
906
775
982
108
441
508
657
627
412
618
671
322
331
273
820
456
879
39
388
238
173
453
6
749
800
63
270
278
148
650
356
775
150
598
435
82
711
590
211
426
863
431
71
720
347
306
367
39
740
889
51
474
907
667
91
122
630
579
582
949
743
787
572
673
414
527
637
427
99
731
837
937
318
679
589
826
460
490
872
767
718
244
367
684
552
198
604
650
234
71
248
619
445
452
917
27
202
957
75
445
203
377
370
63
878
531
669
628
545
978
25
607
81
938
798
665
100
992
807
135
826
282
72
601
507
282
869
760
477
28
710
873
162
285
37
829
159
364
89
241
452
427
256
775
454
789
354
175
663
155
394
20
169
493
111
827
820
530
886
293
6
969
140
824
223
358
395
813
906
493
949
446
930
600
149
494
694
416
826
689
254
5
238
225
634
972
383
152
207
833
439
166
43
328
913
839
894
226
505
281
263
657
936
483
98
593
598
189
76
1
343
875
483
283
557
306
568
569
164
611
585
395
627
354
841
258
3
954
202
393
893
612
210
667
917
960
832
639
698
141
404
535
287
177
838
46
13
353
643
922
18
749
690
277
247
201
580
7
721
64
796
529
121
316
231
811
262
704
289
370
6
639
11
589
878
567
260
159
118
294
361
363
560
689
991
483
114
368
141
818
167
947
404
233
137
180
859
223
48
442
16
486
293
917
592
302
523
691
399
241
692
514
748
34
502
885
894
826
446
585
632
208
131
894
660
904
138
99
768
620
691
180
632
279
61
626
163
775
26
92
65
320
372
432
990
446
623
727
792
172
983
368
971
609
9
568
580
926
28
181
191
803
803
127
66
421
311
704
510
402
50
763
813
810
822
593
834
652
842
613
495
374
92
61
715
790
633
367
495
525
776
731
319
259
530
639
180
133
49
998
830
245
153
671
647
905
986
629
73
705
438
548
778
186
681
391
1000
42
246
22
368
305
771
130
124
415
147
647
481
855
937
325
12
600
842
982
853
53
140
588
362
293
944
636
459
438
744
870
404
704
582
804
75
593
741
7
701
699
848
540
720
511
334
454
796
434
122
688
857
74
671
577
243
513
624
863
15
51
266
595
971
719
486
676
737
