0867
689
815
604
419
753
257
962
55
27
414
799
444
891
7
730
766
704
794
572
406
484
200
441
589
793
870
399
121
696
166
977
206
72
952
485
759
968
903
701
290
807
698
774
321
567
471
810
392
536
362
137
249
102
300
132
862
561
992
988
575
847
588
219
696
299
719
858
133
731
316
36
254
269
674
709
317
244
623
751
628
490
495
91
195
386
675
598
988
159
912
238
45
485
280
548
826
304
521
649
816
117
721
557
462
546
359
360
899
2
503
411
235
344
565
513
998
171
540
229
823
270
337
920
207
835
479
810
820
495
141
800
388
37
642
843
720
767
118
417
55
118
990
321
214
154
265
592
314
533
558
435
437
765
833
392
187
103
191
226
141
719
306
739
525
679
426
328
493
616
659
110
495
447
346
154
552
633
141
816
580
465
904
334
97
527
41
589
619
526
76
136
489
47
37
442
361
575
297
160
85
339
686
801
717
1000
205
182
480
580
839
972
931
327
119
184
279
917
501
821
572
326
985
447
553
646
953
542
198
863
538
677
43
77
371
507
595
753
917
31
154
392
269
29
751
233
749
804
681
392
400
612
334
323
70
815
461
44
550
351
666
596
806
80
504
72
537
91
76
199
168
461
474
141
587
850
821
382
749
826
930
181
307
161
615
809
478
625
70
493
852
127
35
280
86
922
951
889
579
284
541
853
383
263
365
18
393
26
519
541
59
191
961
429
704
215
857
606
593
960
394
230
235
255
749
617
492
905
496
733
135
456
449
609
93
757
4
354
670
688
52
197
452
317
588
65
654
103
800
890
793
836
274
174
433
360
265
553
348
128
527
120
208
964
359
422
534
168
405
193
667
164
971
633
201
603
609
742
994
386
405
106
278
899
555
61
494
728
491
367
728
649
896
708
368
441
929
870
94
875
