0868
910
214
113
722
354
234
713
256
611
873
675
425
370
200
329
247
50
859
356
78
234
70
554
269
759
514
567
294
142
681
58
491
962
923
173
138
896
104
82
680
111
682
822
77
546
647
9
921
538
618
203
396
886
701
643
609
240
39
288
869
279
890
801
796
813
218
328
768
731
640
308
492
246
683
3
452
562
87
709
297
513
942
587
124
678
680
366
855
118
126
558
669
927
835
757
804
286
556
317
234
160
675
462
163
70
602
812
813
155
440
608
669
99
936
122
201
64
714
314
9
274
687
561
251
766
776
339
340
613
509
625
601
338
26
105
232
157
966
370
432
914
192
711
337
211
912
728
702
344
877
59
267
331
180
677
46
647
623
139
191
920
92
330
723
670
286
943
451
762
965
208
117
999
156
552
961
485
914
42
414
756
530
380
8
700
274
776
967
388
209
743
172
424
873
730
786
458
879
682
798
622
105
619
710
742
272
110
16
843
725
865
577
612
676
586
