0869
477
50
658
6
317
789
528
165
485
546
199
819
464
817
622
923
766
750
13
163
934
50
354
257
184
995
682
684
54
776
889
592
320
47
285
947
789
422
289
822
13
4
289
231
811
517
460
3
944
303
713
200
95
218
233
525
374
949
142
875
726
71
391
929
576
105
711
678
960
863
380
846
968
240
555
288
865
573
340
970
706
721
932
467
930
946
806
760
26
750
700
955
965
165
416
225
510
575
51
934
665
80
912
404
563
834
569
147
619
773
165
90
382
888
21
601
19
756
262
633
745
529
127
724
535
216
757
435
384
872
17
367
607
242
860
535
282
341
597
487
882
427
832
436
263
170
415
45
857
534
544
908
843
9
900
569
690
440
510
730
205
216
736
964
916
82
683
315
76
734
522
309
159
226
548
49
337
462
442
913
137
982
201
927
442
640
312
354
427
260
897
673
772
922
971
845
525
271
947
989
346
820
888
821
76
894
250
683
437
652
988
177
153
715
722
360
344
611
902
144
258
620
17
532
231
691
997
984
133
866
829
81
304
130
899
784
73
526
475
86
69
143
635
197
352
336
297
378
414
563
602
140
723
993
258
767
13
985
621
616
219
266
979
430
865
584
699
753
767
594
397
346
985
803
151
496
500
386
278
147
399
452
365
675
882
493
246
183
163
496
681
374
33
348
66
558
203
147
552
78
971
306
993
765
193
45
345
245
95
172
670
159
173
254
767
284
924
260
763
796
508
315
676
919
714
938
179
573
695
266
604
112
808
308
365
81
572
191
358
158
785
727
562
49
128
344
163
352
344
816
29
653
847
837
878
350
555
788
712
619
439
226
416
153
339
891
681
524
266
899
293
824
123
209
870
678
818
