0870
640
938
914
973
705
585
650
310
98
312
819
483
840
894
581
28
544
250
592
723
536
886
100
498
823
489
490
155
93
115
957
559
844
941
367
615
447
149
381
342
62
695
328
547
702
636
672
194
712
261
80
231
467
534
86
221
422
484
547
272
4
523
910
471
877
428
185
597
944
586
300
38
485
579
409
40
884
490
69
474
115
173
851
34
341
503
709
187
276
27
562
166
338
920
338
157
786
332
168
166
203
591
283
800
358
593
885
521
74
915
970
51
306
981
123
294
606
260
416
139
869
201
14
694
716
337
505
10
118
896
172
74
218
229
408
891
210
817
177
243
77
156
419
25
177
227
217
711
596
287
472
216
784
487
805
674
41
381
51
527
761
616
164
505
373
587
595
25
575
709
143
829
41
860
206
596
415
320
300
368
915
805
601
37
754
577
497
324
510
577
606
621
407
206
7
895
311
976
180
137
854
74
476
944
430
935
794
751
195
428
740
879
618
13
148
237
171
541
691
432
272
364
37
317
502
498
81
892
639
785
277
318
578
104
860
889
760
85
421
967
640
258
221
726
395
637
68
207
545
656
84
559
949
54
722
184
791
229
515
869
721
332
638
299
835
650
889
915
988
333
397
782
476
807
213
372
541
803
158
741
607
841
313
