0871
917
482
371
816
125
758
941
713
165
880
689
505
983
798
77
325
808
862
665
502
349
308
439
648
309
670
587
232
392
607
64
166
143
919
262
598
10
643
190
85
14
277
816
453
18
160
458
385
549
112
145
53
241
144
426
971
690
286
435
559
488
10
955
25
410
116
714
265
638
447
217
190
983
816
632
347
212
708
850
724
122
331
917
889
897
515
931
880
723
543
23
747
158
463
938
252
604
547
676
402
234
87
496
850
259
476
163
656
397
656
688
687
986
463
342
214
352
272
781
975
93
247
392
708
230
341
952
891
645
441
795
856
686
104
994
559
798
146
397
740
720
170
586
354
98
550
710
810
574
185
214
790
954
676
645
282
858
25
986
215
817
274
848
255
968
96
113
418
989
702
728
95
714
204
817
789
160
936
302
573
585
713
810
807
562
857
802
82
788
965
694
847
979
157
537
225
579
551
391
724
650
52
874
309
905
9
990
410
336
642
620
800
715
729
537
717
452
909
972
615
996
103
735
435
300
678
739
275
438
731
25
568
500
343
446
485
183
997
958
486
234
540
356
402
828
739
978
134
848
836
203
107
202
411
91
224
157
1000
456
440
468
196
677
348
674
331
86
22
23
992
28
130
48
154
439
697
848
71
222
109
237
347
624
181
804
691
803
328
883
988
522
526
435
196
954
706
490
275
311
244
674
168
198
56
97
146
938
138
550
910
68
709
416
97
437
610
