0872
103
912
894
297
240
888
980
790
769
74
309
413
242
33
516
466
233
812
191
757
355
360
117
80
744
114
393
37
922
408
820
438
229
611
894
172
930
872
212
998
528
698
796
427
761
741
517
164
719
977
942
929
921
907
142
87
79
361
689
417
869
979
894
818
764
152
607
947
368
634
252
813
417
822
416
890
426
114
753
38
584
295
781
53
960
709
167
780
229
715
173
500
429
130
716
3
756
312
684
102
112
630
644
540
38
672
696
13
338
969
810
547
145
194
425
161
444
539
216
873
91
207
548
176
331
531
637
958
99
265
591
928
848
805
547
205
880
472
212
282
561
511
746
234
649
597
383
471
623
512
636
16
180
479
480
615
716
39
785
240
598
287
532
923
687
437
579
536
607
949
698
173
762
215
888
635
550
54
498
886
342
587
447
912
998
46
201
33
166
967
458
482
487
771
923
160
5
113
622
132
103
914
486
286
555
166
251
107
428
809
240
561
981
115
517
879
376
5
733
630
489
58
50
520
696
731
167
416
679
871
618
834
687
208
40
686
61
788
739
89
768
842
102
832
821
916
208
508
394
617
38
33
900
187
189
824
962
942
477
760
794
857
815
683
852
568
913
487
87
960
3
217
183
384
712
235
921
364
404
306
149
485
766
541
381
17
915
640
492
690
776
213
74
686
171
675
239
665
682
989
141
15
996
361
356
469
935
827
237
757
849
676
166
108
764
34
557
188
326
952
5
556
354
692
761
76
224
862
960
320
169
295
93
664
104
923
534
931
747
516
453
491
568
375
607
110
419
992
770
635
8
65
534
46
598
319
615
97
832
120
597
297
924
642
502
168
379
745
311
100
198
248
89
116
20
354
22
182
977
290
873
634
326
984
542
143
919
875
660
802
179
580
111
335
216
637
885
5
229
361
702
41
705
309
606
780
490
879
373
147
358
776
596
772
826
729
824
671
28
49
333
871
829
267
58
967
567
792
525
162
419
515
152
323
338
630
44
474
699
591
363
321
693
81
165
670
593
701
743
440
545
461
327
898
560
84
561
240
824
633
688
152
724
616
144
527
214
858
272
690
9
832
684
