0873
650
199
897
299
986
185
145
219
606
231
424
177
760
860
822
197
562
133
176
958
508
487
418
274
308
429
19
374
80
906
824
982
2
156
363
108
44
702
240
808
366
735
416
502
476
149
398
925
888
186
599
963
542
878
754
781
874
756
361
16
991
330
128
26
324
510
853
202
389
109
913
867
674
266
113
836
505
433
961
912
140
647
342
914
569
141
720
112
46
94
297
901
550
260
954
752
818
674
953
385
321
677
14
39
3
29
830
81
861
341
113
646
564
86
475
436
619
590
233
180
577
552
774
322
819
688
641
153
681
821
604
387
943
684
903
465
292
385
195
264
710
87
539
648
857
836
311
464
421
844
380
54
911
744
681
14
145
11
451
14
865
554
789
832
680
315
550
659
29
247
29
318
403
65
509
762
802
577
408
431
804
468
610
183
756
969
445
299
580
858
462
374
233
626
610
458
263
110
978
31
852
504
103
84
582
230
927
992
290
47
838
190
618
84
200
26
981
228
557
908
15
64
325
162
730
102
302
499
114
725
426
482
948
820
332
964
142
837
528
268
17
533
862
337
466
813
817
630
280
236
984
193
689
989
230
136
621
821
327
114
757
367
271
382
670
318
281
691
658
57
487
767
412
340
346
582
452
810
869
562
897
432
678
692
779
569
549
771
410
606
479
709
51
585
836
937
916
950
142
456
154
619
620
202
409
451
887
464
572
409
455
403
263
41
716
743
146
208
395
629
374
363
203
978
9
709
283
229
628
502
119
865
836
229
844
282
888
611
217
749
856
531
962
619
767
649
976
87
909
687
526
957
198
37
513
256
856
96
5
808
992
126
99
761
247
72
904
349
141
246
336
294
52
215
25
155
280
216
317
175
889
850
149
256
744
504
519
483
226
305
129
207
801
189
239
921
254
768
256
834
482
212
47
381
813
213
463
365
35
301
575
669
728
21
711
191
979
466
565
572
164
781
409
985
960
627
708
66
727
847
393
973
282
79
332
260
177
101
982
105
151
294
760
646
976
826
153
738
66
964
207
965
172
755
723
60
12
256
29
535
599
342
165
328
