0874
464
785
514
873
165
243
76
634
470
382
736
780
256
324
494
188
356
270
303
119
319
83
827
155
669
265
792
691
456
248
875
758
430
89
988
936
320
44
723
603
896
407
625
183
121
64
1
262
126
785
166
82
305
841
196
870
230
952
301
130
807
350
100
693
16
475
970
177
698
945
326
575
325
360
147
764
183
621
395
68
436
219
451
536
787
956
675
444
700
697
270
958
391
891
966
185
100
181
89
630
333
917
149
289
812
786
97
664
947
726
307
39
975
722
114
222
514
501
543
275
661
519
134
25
867
100
286
815
695
606
627
380
56
669
586
338
255
317
493
968
160
707
216
124
120
656
768
858
886
943
688
920
247
602
38
188
775
534
978
771
399
340
594
747
979
800
273
411
87
303
720
925
894
722
760
484
137
953
626
567
511
489
953
903
211
233
578
93
771
79
816
289
445
291
237
561
734
213
53
505
958
719
397
599
540
646
365
38
395
537
779
677
467
871
498
812
796
41
