0875
714
222
600
900
61
894
334
852
742
152
998
664
228
325
427
811
476
404
677
228
483
859
572
424
772
254
633
601
783
503
957
117
917
502
359
146
885
659
637
350
564
849
298
295
441
809
540
429
728
558
773
46
153
977
552
30
818
558
360
918
931
751
305
636
883
707
407
209
835
864
189
37
910
539
853
374
313
552
903
698
292
529
695
462
424
986
529
964
349
658
719
301
849
409
618
952
308
294
556
412
761
198
410
111
192
569
548
649
346
801
330
681
534
679
852
634
273
673
996
298
378
110
574
602
834
971
286
292
222
910
575
413
287
