0876
812
755
431
939
450
86
752
646
612
997
285
272
68
284
100
942
924
8
221
706
394
357
623
37
800
72
881
245
325
835
138
771
748
320
713
894
72
795
886
497
52
67
159
210
452
395
702
956
783
323
795
61
644
550
419
579
389
6
179
805
633
852
998
784
669
858
438
804
262
135
570
228
704
397
891
249
667
450
600
370
89
532
281
82
687
712
358
548
64
292
943
453
456
622
998
943
715
970
818
91
543
501
931
479
175
603
800
322
856
799
926
529
855
232
532
636
246
596
372
403
739
291
475
170
389
594
629
192
88
920
784
666
688
598
822
410
123
253
424
729
497
51
396
302
374
830
348
815
362
604
60
680
95
609
623
80
538
499
332
239
561
579
835
554
587
258
229
78
674
286
810
767
571
281
438
910
705
782
637
836
907
981
888
370
534
382
674
928
736
252
100
453
521
964
997
774
648
328
939
449
893
301
634
260
498
787
980
151
637
813
298
533
882
738
483
823
221
751
58
95
71
250
223
143
245
653
779
373
294
794
270
606
141
253
821
650
40
741
671
379
311
725
926
647
60
62
982
282
951
162
317
584
741
423
80
908
137
920
872
304
963
656
651
491
59
26
991
311
990
722
777
331
242
267
88
92
674
579
156
428
331
888
477
282
851
334
739
822
907
920
567
318
699
406
616
820
207
79
325
849
276
180
32
649
70
210
528
903
766
364
165
912
441
588
511
73
69
157
163
551
267
420
90
444
19
275
265
233
152
791
851
872
114
