0877
891
815
986
573
380
752
122
90
484
198
788
550
145
554
810
497
68
512
850
548
941
775
168
777
349
111
455
123
729
4
312
849
801
958
544
810
48
336
111
641
946
545
889
685
292
741
439
944
823
129
530
371
726
779
977
105
635
406
893
976
740
982
315
459
973
144
957
221
542
752
571
615
138
84
474
439
403
194
843
442
458
599
619
527
511
664
816
482
919
436
81
270
583
340
162
133
345
858
133
828
267
83
283
92
210
674
802
608
612
789
274
234
66
926
738
743
59
996
19
955
954
184
908
987
827
755
618
670
911
17
116
511
161
898
597
49
365
990
824
537
795
2
294
912
75
873
936
671
835
948
435
683
749
203
308
757
504
677
667
831
48
61
182
658
188
208
303
292
783
388
686
130
310
221
234
701
757
905
756
909
714
613
516
724
603
933
293
556
464
761
304
556
706
139
156
845
754
743
88
353
573
726
852
83
444
803
587
995
947
610
120
24
796
235
494
200
772
599
552
265
928
633
503
392
348
953
160
388
447
153
124
348
326
782
200
161
280
378
295
545
650
795
901
840
505
18
723
553
467
273
380
74
103
173
36
848
374
349
160
141
575
57
22
676
374
414
342
351
411
350
499
946
588
444
66
247
370
848
493
527
493
641
969
615
829
531
123
370
659
433
268
543
307
18
68
408
807
777
383
