0879
297
754
170
347
484
615
673
553
964
677
484
752
16
289
768
342
792
414
133
434
487
180
761
120
708
148
56
858
547
88
486
554
345
141
966
857
377
379
78
761
72
653
998
68
8
716
494
118
26
59
719
54
662
824
535
236
179
475
985
939
473
19
284
452
148
84
739
318
207
306
110
515
569
538
424
233
112
489
581
75
457
329
190
179
731
465
311
442
262
225
366
197
261
318
36
422
642
531
273
43
651
754
839
767
844
57
458
678
412
567
469
829
24
845
508
32
530
420
525
62
853
348
938
650
587
869
770
935
718
208
60
514
483
645
220
894
523
678
396
856
436
509
614
534
162
841
342
943
687
731
354
959
985
486
318
474
491
550
835
24
338
975
817
922
859
146
801
784
751
490
87
680
353
605
277
859
788
221
499
793
524
670
649
416
604
386
594
520
895
155
688
815
869
385
387
195
909
866
402
839
754
8
309
254
42
732
853
326
173
118
840
928
79
696
575
705
565
508
313
777
378
786
436
614
789
620
875
856
495
769
213
532
71
474
995
518
92
183
112
362
498
232
659
483
98
521
132
92
507
876
617
13
338
618
203
542
964
474
438
157
326
825
305
155
