0880
572
439
257
397
199
589
497
553
326
21
606
784
809
226
834
747
719
809
967
789
549
683
80
438
360
446
333
121
307
118
592
391
298
571
763
934
798
401
366
363
625
194
866
248
322
376
464
573
15
966
906
271
67
978
602
600
125
636
380
300
670
273
513
467
217
748
513
192
91
841
423
148
515
772
141
840
999
352
579
839
207
462
583
733
730
182
95
161
704
349
978
248
439
847
598
254
662
512
898
48
496
349
336
933
370
752
47
319
850
638
934
662
464
636
162
677
458
197
171
937
317
13
761
766
176
452
41
241
162
350
355
232
476
318
522
741
543
153
532
337
540
304
795
558
551
136
482
647
102
79
781
720
7
324
40
815
610
845
914
152
707
6
272
223
233
78
758
616
514
277
818
414
969
390
118
772
599
485
897
139
498
168
737
455
309
205
36
574
662
52
638
731
841
857
734
358
947
998
910
130
909
519
697
415
249
792
750
740
292
714
173
782
608
281
207
71
426
620
688
550
714
946
560
596
97
737
692
718
867
20
859
966
437
313
5
516
872
911
531
268
77
761
311
473
341
871
362
640
218
432
340
955
622
708
408
147
775
563
140
151
879
944
511
686
628
686
516
174
649
496
722
354
795
72
964
115
186
27
327
605
457
519
454
735
357
987
264
236
446
940
594
75
751
526
104
811
425
209
298
658
270
420
104
601
439
559
534
550
45
334
564
472
973
420
636
672
604
487
382
353
394
943
29
110
351
510
899
873
472
539
816
844
959
119
376
860
285
656
452
920
761
374
890
981
405
888
436
311
28
243
574
488
307
437
228
811
741
812
528
906
724
46
465
271
620
929
460
761
55
683
649
212
123
581
297
839
430
562
578
668
838
439
989
822
750
662
975
791
459
686
45
66
980
763
509
791
489
947
167
533
258
248
182
318
678
632
493
408
289
922
834
237
712
640
782
584
195
818
888
396
308
332
257
918
187
724
707
130
535
926
522
229
917
708
365
386
975
622
287
237
908
776
208
806
147
554
982
951
489
940
509
767
782
591
813
449
646
639
536
27
195
505
896
569
271
841
493
937
431
338
351
348
426
616
761
42
737
742
135
401
52
546
168
935
128
737
908
291
725
