0881
600
796
160
923
784
455
990
825
700
941
907
168
660
604
972
25
907
201
507
839
406
391
614
275
400
586
837
706
404
898
787
64
710
204
254
930
568
323
236
51
152
87
649
920
887
940
380
920
125
647
532
667
693
918
383
933
273
91
612
614
349
420
708
823
292
196
726
844
999
567
49
747
45
821
559
492
812
587
466
586
22
404
191
632
593
360
308
16
236
958
589
196
563
441
936
776
256
785
454
900
157
310
747
210
405
178
325
679
926
76
128
335
495
982
685
884
128
202
860
679
714
762
326
194
829
26
439
950
786
152
573
428
725
691
245
863
128
427
477
828
354
230
814
689
713
59
513
177
250
401
278
318
925
856
229
167
991
861
144
901
698
997
673
552
968
613
903
78
494
787
369
207
524
630
867
968
137
340
287
132
