0883
735
76
832
250
14
741
909
559
512
58
458
98
165
271
877
424
418
633
903
223
220
737
989
151
648
690
120
526
535
742
38
935
310
630
780
887
8
232
55
582
273
780
910
727
957
574
73
699
859
287
729
231
325
833
45
733
937
571
225
527
91
527
178
364
235
911
108
970
904
149
360
541
642
40
565
594
117
828
451
195
112
225
900
903
889
297
664
997
608
464
5
636
884
858
749
654
47
316
338
412
719
486
889
920
66
320
687
696
682
375
875
528
929
534
283
585
589
562
673
634
81
14
339
16
406
614
251
725
341
151
693
171
60
800
237
725
70
286
558
46
437
931
566
480
408
669
181
384
768
662
618
21
174
262
803
625
889
663
668
614
77
152
250
790
712
775
552
440
971
297
246
84
915
339
694
57
290
644
224
495
312
944
608
443
568
908
874
158
205
804
306
571
512
429
640
583
630
52
383
3
802
333
659
724
420
139
471
151
306
40
748
76
168
103
430
864
704
825
778
597
849
882
150
792
997
47
485
713
309
939
990
215
741
550
432
472
252
90
877
120
313
744
565
390
728
63
652
970
197
174
823
870
151
916
367
664
65
680
316
480
747
396
852
200
314
799
566
710
475
857
835
391
11
685
711
769
22
84
396
20
723
649
352
692
585
262
522
74
154
475
939
462
352
337
569
37
754
964
456
329
807
801
938
739
174
648
41
93
644
181
984
305
917
213
340
47
537
943
331
673
961
631
177
362
315
369
276
804
657
306
617
249
756
936
978
305
685
295
298
197
173
3
275
905
527
550
727
572
864
817
308
999
991
515
14
932
833
503
284
209
290
143
263
968
485
302
878
808
916
372
473
638
837
891
826
964
598
608
16
274
497
779
719
252
525
956
492
374
836
885
610
880
575
495
144
5
366
268
881
983
913
583
136
365
234
942
576
329
128
844
259
734
747
755
427
675
33
812
923
767
214
1
177
255
335
769
240
708
350
125
630
342
482
55
599
212
662
843
830
807
795
166
229
901
899
662
795
828
273
821
334
822
512
79
120
243
244
827
656
952
696
235
971
221
817
208
194
711
609
144
