0884
828
466
954
669
225
974
48
696
690
770
115
455
91
674
156
640
412
899
709
964
495
160
621
954
334
129
544
922
25
695
235
410
764
351
877
223
864
184
451
524
332
931
714
720
920
228
107
241
146
7
316
463
665
162
234
851
236
834
296
963
754
53
438
541
117
271
609
270
672
348
366
909
71
925
684
391
4
861
284
312
291
169
334
508
105
175
520
745
819
891
330
179
985
351
85
629
187
758
367
985
738
247
620
489
763
575
189
168
823
999
405
1000
136
151
245
533
868
915
927
584
430
280
468
260
553
142
367
448
585
577
528
731
661
31
18
15
507
893
34
847
155
761
291
916
720
56
402
566
897
438
536
117
662
97
303
631
899
970
244
939
482
978
669
243
126
559
455
276
725
297
799
510
447
798
132
479
688
669
169
244
765
419
372
393
747
500
989
738
689
186
666
87
574
198
186
689
398
317
179
207
872
738
22
336
149
662
