0885
76
327
180
628
86
936
490
925
805
120
725
820
976
650
570
796
450
322
784
39
890
375
5
798
116
384
630
518
833
781
160
327
233
716
721
212
824
409
994
186
489
107
602
505
148
744
29
919
639
732
924
81
682
691
443
622
303
882
676
676
204
343
223
545
949
560
18
630
718
508
294
349
920
188
763
381
115
560
681
293
65
540
2
75
964
31
293
13
261
121
36
102
205
851
689
699
577
462
442
39
811
391
862
614
183
69
524
791
434
743
54
910
299
871
478
998
16
9
135
476
517
241
333
852
983
454
488
374
747
95
162
381
947
186
43
629
516
853
104
791
217
132
806
616
147
730
58
719
245
829
910
469
97
204
850
538
767
675
140
132
611
15
13
836
632
244
714
571
768
908
130
735
754
698
260
347
387
536
103
497
20
575
451
594
833
47
312
570
692
672
901
720
165
813
104
154
706
281
945
73
93
989
555
444
322
339
266
974
207
90
976
337
423
585
766
14
842
236
934
43
615
296
725
670
998
24
164
58
252
451
720
376
390
817
461
549
385
445
841
597
153
507
56
641
823
289
986
729
699
586
419
580
695
755
132
321
936
569
737
358
456
46
610
976
920
953
39
287
496
993
403
109
949
966
962
45
97
976
539
344
434
217
41
884
671
79
534
461
499
76
