0886
950
512
160
993
293
972
865
661
290
189
168
191
942
934
379
140
836
92
229
593
195
703
440
458
717
871
658
868
358
878
465
959
604
860
208
23
117
350
785
759
595
264
588
396
125
526
571
300
536
65
96
589
735
544
270
219
339
49
536
781
893
139
156
940
455
26
757
282
557
483
337
591
941
601
545
312
993
794
305
730
525
955
532
72
227
156
654
674
860
292
232
102
251
2
359
129
131
851
110
945
360
290
497
287
345
117
786
934
692
481
193
589
135
80
935
980
756
281
214
634
953
144
761
921
709
44
128
618
897
16
455
908
258
164
441
397
98
886
529
228
142
670
969
26
397
856
267
200
787
775
74
309
752
806
205
509
364
54
603
404
394
245
70
109
135
392
7
690
437
862
718
708
433
776
819
812
691
458
169
262
310
508
328
144
317
191
650
859
628
251
168
695
535
347
23
898
389
380
102
813
745
647
965
712
254
122
679
609
296
408
13
272
349
10
348
423
608
381
229
45
901
927
407
940
281
572
514
746
72
809
114
921
672
