0887
627
985
433
956
898
344
34
626
81
443
740
463
853
52
955
483
385
309
334
454
206
485
964
838
603
14
742
723
380
455
141
945
101
105
316
642
532
27
350
367
360
123
661
639
284
846
16
488
201
390
588
334
742
146
701
732
891
373
795
888
187
853
65
903
752
384
265
909
590
524
516
56
416
881
695
742
762
339
518
211
623
651
910
240
130
142
370
826
530
968
467
656
717
2
229
746
522
81
652
29
539
157
361
197
697
749
758
671
992
797
975
400
890
19
253
506
521
521
130
574
834
149
354
464
583
637
537
411
183
19
856
939
529
170
49
212
557
119
848
541
553
798
309
197
572
295
366
128
330
694
812
487
27
721
627
303
249
841
219
886
531
592
137
865
885
690
181
70
74
199
75
115
273
528
747
778
131
672
167
629
227
664
705
86
817
200
916
359
749
38
94
524
279
571
306
160
944
562
628
532
716
546
680
658
998
833
907
573
594
486
878
721
907
786
389
931
404
744
667
721
402
84
247
300
544
188
117
924
416
644
107
796
783
274
983
717
518
110
455
822
629
217
226
151
752
997
635
84
917
950
473
474
594
41
75
629
686
830
174
253
585
507
288
82
894
608
708
621
744
762
741
837
855
840
397
722
940
218
564
215
381
923
114
476
256
907
688
356
756
736
226
701
342
148
604
494
49
601
288
594
882
