0888
147
894
570
7
288
183
494
943
591
753
640
71
750
720
40
473
84
927
696
832
277
616
456
28
415
13
464
866
527
963
143
49
892
321
975
802
466
993
406
332
728
881
606
286
955
524
578
124
588
452
45
188
450
355
791
556
309
138
327
43
921
390
810
158
233
384
54
72
999
797
945
563
287
624
504
762
367
574
920
66
862
163
619
398
279
264
974
320
358
481
635
539
865
637
310
53
808
225
938
512
565
59
39
27
444
664
13
894
974
677
852
600
282
505
503
940
227
9
645
518
42
32
773
438
108
383
557
102
521
520
510
406
224
455
611
379
303
115
95
36
209
730
514
296
847
302
607
995
119
632
282
957
846
485
220
132
54
749
992
953
790
133
842
399
939
954
50
26
826
460
566
714
843
596
982
717
56
972
174
999
82
792
464
441
82
96
675
495
283
157
444
896
924
891
212
515
664
819
918
123
481
933
180
829
95
154
646
485
781
706
908
635
658
480
549
678
260
352
72
559
509
893
552
475
334
324
148
718
321
309
642
302
379
853
983
9
945
930
624
32
267
868
491
95
41
382
878
994
112
158
