0889
507
75
900
856
131
978
288
562
918
402
119
506
290
146
199
953
445
685
961
613
616
338
319
247
789
409
606
320
79
6
838
699
166
273
614
240
229
947
634
435
133
132
446
354
748
578
979
639
245
175
762
794
569
154
52
21
832
906
904
961
639
646
357
699
189
405
342
818
221
469
949
588
130
353
9
759
314
592
798
166
352
853
413
743
497
581
772
81
694
297
401
704
395
964
315
743
563
421
309
299
911
312
756
839
149
554
344
512
261
74
89
688
253
533
576
727
331
595
224
576
625
661
104
996
924
783
202
634
321
553
608
797
867
456
799
606
126
566
747
554
812
887
249
529
278
785
416
968
480
895
32
520
347
729
327
585
166
106
904
411
940
705
966
233
539
794
302
429
26
823
389
309
834
885
537
881
71
267
999
658
823
485
582
431
431
39
3
150
51
606
451
652
558
166
555
137
951
724
336
79
54
23
673
768
169
997
490
122
167
2
28
306
188
119
695
292
128
647
131
69
417
661
75
43
797
882
513
258
789
906
327
891
636
891
930
962
837
690
515
721
266
