0890
841
155
865
270
262
391
631
526
522
142
235
318
455
788
945
986
548
466
582
766
69
471
620
756
858
267
875
218
427
808
787
336
683
227
812
219
998
149
225
41
969
692
218
264
147
819
310
901
98
113
291
634
930
40
792
870
411
846
798
584
7
673
112
681
683
981
89
997
572
727
206
908
145
838
753
443
320
216
474
576
779
2
764
148
600
182
243
462
271
189
63
95
254
268
125
127
884
265
961
897
716
770
646
342
834
133
759
232
554
891
411
8
91
600
876
1000
381
281
684
836
844
422
359
906
52
357
598
678
893
841
928
379
579
921
135
321
27
440
804
