0891
219
90
327
652
342
255
841
669
123
813
177
448
769
512
993
919
228
54
950
388
875
839
731
297
795
623
671
647
630
143
216
499
932
77
769
887
244
639
691
272
316
943
34
932
408
96
302
773
173
618
155
726
630
337
765
198
859
116
607
530
312
155
83
423
24
197
837
953
430
188
390
235
158
746
742
570
37
42
860
793
410
568
69
191
82
653
210
374
513
624
13
239
387
795
898
225
745
340
710
971
996
85
368
175
392
463
35
827
235
761
82
555
344
138
888
422
70
858
648
328
784
715
234
908
234
653
118
432
837
500
566
126
142
143
125
327
772
853
705
736
768
888
38
762
712
465
94
476
946
282
179
203
300
368
6
805
686
364
328
548
617
583
175
76
874
583
972
501
789
972
594
290
341
590
927
288
772
225
675
998
433
622
347
272
266
78
282
951
191
56
973
257
712
873
82
54
476
924
258
754
744
218
887
215
341
69
203
917
702
961
104
964
858
369
886
687
583
593
281
87
234
909
471
423
758
868
132
300
795
860
145
787
358
749
39
778
27
825
468
947
908
24
911
565
969
784
140
386
962
158
966
894
181
636
196
374
610
621
424
538
835
881
79
574
13
479
397
371
485
156
928
257
296
175
17
561
502
256
278
239
254
202
636
92
820
274
324
178
443
7
581
11
388
846
277
689
571
964
885
672
722
920
598
736
251
336
761
325
712
764
925
360
673
130
918
509
410
875
755
855
870
469
479
239
929
677
46
184
382
171
858
199
463
515
363
953
893
957
112
317
303
997
253
655
159
247
871
593
347
153
831
695
917
166
216
64
930
835
113
257
795
651
872
37
630
358
40
458
114
809
271
821
280
625
411
742
290
450
811
907
882
721
431
972
22
64
438
299
481
64
650
916
291
872
893
407
598
123
764
360
111
873
624
622
597
344
116
649
940
895
102
407
630
840
395
197
934
325
901
180
924
635
8
570
510
717
65
940
719
459
818
333
973
267
