0892
696
40
607
796
16
886
320
55
498
719
726
643
585
930
500
799
170
563
651
588
732
673
673
756
254
917
806
307
869
421
453
416
406
468
405
947
843
549
101
294
527
502
156
111
684
603
790
61
227
10
547
375
111
368
918
217
961
21
84
493
598
809
123
311
761
798
684
995
807
560
421
177
768
722
995
343
604
515
530
266
715
600
647
118
118
441
770
528
773
908
494
613
244
202
786
883
37
295
530
73
637
716
331
811
872
32
176
129
76
730
116
699
980
227
952
239
795
304
819
655
69
238
99
320
899
707
78
929
965
579
351
691
470
501
7
855
830
367
96
508
548
374
932
417
562
806
849
454
11
211
421
229
768
305
408
12
669
871
375
558
197
793
405
981
82
834
85
890
467
466
436
840
77
935
955
337
26
431
583
883
397
866
631
980
140
903
326
451
451
794
706
943
786
850
216
684
782
567
513
760
181
739
890
772
284
660
352
516
131
323
26
127
409
302
874
408
627
429
332
513
416
653
553
643
965
301
221
971
235
287
690
911
2
666
614
364
204
538
862
47
882
57
815
928
495
713
402
172
455
905
956
802
791
822
182
612
759
236
372
375
879
936
574
690
12
14
263
266
259
921
763
102
696
477
231
273
364
823
940
248
764
794
503
761
989
18
289
554
667
294
362
423
16
484
706
339
201
786
844
378
955
422
741
343
943
145
649
312
383
398
483
312
755
47
395
405
971
497
503
590
693
485
845
724
663
200
888
139
884
50
841
419
720
330
623
671
325
550
836
992
537
930
963
482
483
220
649
139
938
441
940
359
72
72
80
562
307
260
471
25
405
85
434
333
876
556
606
901
422
296
513
496
839
168
232
218
99
34
348
820
830
723
245
544
705
183
569
368
708
875
637
43
116
404
237
746
825
491
505
582
748
304
713
134
560
118
426
64
197
78
231
354
309
178
568
881
102
518
608
