0893
256
672
302
911
350
80
943
335
976
871
638
575
136
156
642
724
134
452
816
960
307
50
355
772
287
924
267
641
100
346
99
348
138
130
670
589
407
165
387
211
247
205
292
584
605
155
864
688
746
315
745
530
815
959
458
134
975
881
579
3
299
874
320
513
584
707
479
762
659
155
323
614
697
375
130
706
845
78
307
671
965
804
857
43
198
643
670
543
438
878
526
718
674
881
488
81
377
440
340
70
155
261
666
264
367
366
72
150
243
494
550
35
38
581
303
445
51
952
666
95
754
179
758
465
314
420
307
856
211
735
81
577
870
444
433
455
642
370
622
845
158
186
755
918
713
138
300
32
743
358
672
200
47
662
764
926
248
913
278
101
350
151
241
40
658
546
37
798
24
192
950
735
803
719
631
439
488
815
48
778
666
627
466
156
303
802
10
372
368
389
469
97
27
239
602
505
921
659
481
178
215
936
582
407
