0894
81
34
240
779
637
606
975
893
443
33
320
716
992
383
506
600
574
649
242
66
808
697
900
694
128
982
175
809
595
686
309
339
469
548
118
801
679
77
912
220
328
99
522
890
332
397
812
960
591
502
789
63
33
616
699
534
65
740
597
91
339
405
881
60
594
32
990
794
844
681
953
942
169
339
121
436
679
59
179
331
114
202
162
299
413
994
307
783
138
467
89
316
198
818
214
470
649
232
348
899
879
218
982
321
445
275
115
162
289
184
227
538
390
612
607
358
963
68
660
695
697
433
742
841
861
111
882
545
442
621
519
273
435
218
268
934
803
471
374
4
243
948
423
28
337
848
85
425
703
525
695
419
590
244
106
497
356
9
958
858
485
825
951
818
680
647
620
959
34
587
132
158
438
493
120
349
146
163
495
469
503
888
336
797
751
450
377
835
131
691
285
85
721
681
894
355
180
882
31
31
191
717
230
967
469
410
502
199
410
338
305
374
565
450
94
19
785
846
431
191
320
433
738
138
789
280
233
404
774
462
479
842
733
834
747
882
101
81
172
206
880
321
319
353
695
691
692
386
545
461
183
640
75
668
328
799
378
665
145
358
532
25
98
490
718
140
289
262
771
461
895
333
930
623
281
823
355
975
136
121
606
525
9
644
359
78
93
555
412
494
74
54
565
390
238
926
380
560
886
767
194
656
720
746
424
900
518
807
589
954
978
335
78
184
704
954
174
496
771
969
518
30
195
711
980
691
653
418
70
56
961
568
958
198
785
635
171
359
957
914
807
81
307
72
771
747
472
84
453
303
364
75
896
843
174
510
174
88
868
734
598
987
779
351
19
383
975
230
298
210
380
457
6
821
763
106
739
940
834
840
217
207
448
573
594
981
960
659
833
27
894
360
217
706
791
194
628
255
681
429
684
308
333
323
426
977
201
972
232
182
942
68
218
486
915
18
526
123
568
402
637
216
14
968
344
432
803
851
51
734
114
808
698
411
990
699
328
60
564
289
232
550
609
937
650
912
161
468
210
775
723
995
45
117
721
62
377
908
243
849
829
19
460
148
527
80
436
144
995
674
960
735
631
679
5
136
730
350
633
978
259
