0895
101
453
182
405
810
654
96
413
228
329
60
204
764
343
879
1
434
385
668
101
431
501
165
558
393
353
277
531
470
582
490
685
244
262
338
781
613
513
565
243
529
938
277
600
72
381
353
25
631
635
85
306
964
358
687
410
575
934
729
533
412
505
314
53
942
950
231
680
934
717
802
194
369
422
808
467
871
963
292
773
665
346
96
774
469
431
218
389
360
27
905
115
273
694
209
378
559
283
181
727
353
797
631
540
132
530
445
963
787
402
918
380
410
530
246
106
96
765
916
474
728
384
408
834
343
570
933
834
812
505
881
706
101
322
544
460
880
34
362
669
826
725
948
574
447
168
124
764
234
320
871
532
19
222
834
757
599
541
605
890
66
280
364
955
741
268
612
732
728
974
288
532
133
560
975
406
401
768
675
997
896
562
999
795
170
616
9
178
992
999
695
581
495
171
635
755
511
934
506
415
40
808
942
497
435
755
33
4
993
18
985
704
109
482
872
253
781
394
