0896
324
57
652
760
895
581
282
34
605
11
933
413
519
622
337
405
989
142
343
471
653
75
461
345
762
844
309
485
636
516
763
465
939
758
348
66
211
162
743
878
437
809
117
867
489
806
497
666
829
620
848
571
719
508
643
866
553
569
467
342
639
47
973
948
408
162
323
283
297
629
664
991
239
302
744
477
287
151
790
918
664
876
363
255
642
794
113
137
276
865
83
958
362
275
883
73
376
190
610
323
562
268
495
175
484
407
816
240
615
719
878
876
118
590
720
786
181
33
772
461
807
454
886
413
404
275
254
159
85
471
2
270
428
684
890
835
663
467
120
383
203
857
467
531
248
242
387
739
153
897
476
398
907
522
132
317
376
718
132
511
221
54
210
489
290
954
855
193
198
225
947
401
980
431
688
245
614
872
433
549
280
44
407
577
953
149
274
672
577
266
741
565
549
303
954
401
497
751
146
815
519
26
758
515
3
554
678
520
253
5
577
163
647
820
50
761
29
189
921
319
639
772
401
407
228
667
209
15
261
168
338
39
576
314
141
476
798
843
457
452
242
81
64
86
196
311
707
803
111
471
827
711
826
66
627
437
426
627
794
597
699
983
181
398
211
396
675
666
806
967
988
306
487
949
134
556
165
870
617
826
855
489
704
520
483
159
348
57
936
603
586
959
369
579
392
747
400
454
915
14
31
604
332
359
394
883
231
457
253
7
571
826
310
437
766
156
70
707
413
951
486
702
911
244
34
890
435
57
552
657
448
705
160
650
320
442
199
231
165
431
112
395
324
179
445
924
130
448
126
203
895
656
452
251
935
596
318
513
490
791
571
259
702
501
478
522
750
110
475
240
588
258
342
759
699
539
40
428
336
587
125
64
731
137
420
6
656
202
158
866
249
393
70
708
634
417
179
566
40
170
307
389
366
156
155
515
221
436
529
929
73
293
430
398
951
829
846
772
149
434
394
503
945
563
940
577
856
143
486
406
842
132
361
77
916
943
715
898
564
954
780
812
406
143
491
143
146
682
836
48
428
23
355
866
32
59
193
748
61
926
39
872
34
919
164
600
835
465
846
485
829
238
192
872
934
34
514
670
322
485
813
525
456
338
895
648
907
652
623
