0897
245
862
987
517
185
331
850
983
398
941
364
658
652
298
360
122
947
13
982
999
142
413
699
883
105
591
768
189
33
424
473
697
602
67
836
88
30
95
169
374
799
35
84
982
216
334
802
886
45
604
829
917
819
999
905
982
391
968
430
738
579
811
260
250
375
799
29
331
254
868
820
847
878
629
966
50
353
193
498
313
771
243
292
649
634
359
155
515
578
642
446
890
557
545
191
779
912
500
533
976
145
746
698
496
574
425
820
744
786
475
782
419
74
896
365
144
180
257
675
1000
672
615
500
686
586
465
150
35
410
835
421
326
301
822
593
296
249
468
