0898
967
899
261
60
901
165
887
831
481
983
986
599
372
740
414
862
166
244
920
335
548
758
216
966
755
386
234
657
291
345
970
655
105
30
775
960
93
23
630
110
164
117
508
982
25
789
677
648
529
213
535
610
58
654
163
679
940
736
333
652
547
445
339
126
816
622
68
175
486
883
875
262
217
113
826
514
935
55
916
966
976
792
325
558
901
866
160
487
161
329
65
412
165
568
568
889
67
903
77
365
601
467
656
500
688
905
335
350
343
331
555
179
963
393
713
968
199
772
94
330
590
951
802
560
644
829
398
428
285
229
786
367
503
626
939
568
107
254
689
511
828
721
860
21
459
237
986
838
92
843
768
276
72
483
364
210
994
148
74
799
528
644
24
459
425
132
288
716
302
762
163
275
940
92
539
836
186
599
326
427
460
217
790
332
753
768
233
983
173
751
723
792
514
85
911
263
549
606
525
261
803
22
745
344
388
990
468
947
632
125
888
803
72
370
400
459
791
75
962
348
291
272
612
151
207
263
96
168
218
323
500
300
747
255
430
103
526
6
961
110
522
993
860
569
999
555
607
169
485
825
758
355
295
513
466
452
781
187
183
771
954
515
720
627
747
780
69
22
948
841
348
64
289
556
482
490
659
165
492
607
613
441
685
391
627
797
406
195
554
35
66
319
804
107
547
830
933
371
733
708
733
308
578
579
359
688
464
390
147
790
861
147
53
870
604
665
948
871
211
998
725
689
259
533
381
266
814
219
31
607
817
146
42
206
996
110
866
881
311
165
406
674
482
1000
732
557
763
970
857
249
605
941
366
114
986
46
357
293
825
201
385
195
302
851
661
92
573
53
773
793
110
629
843
527
806
683
40
767
351
793
767
654
326
96
183
81
962
346
