0899
304
194
814
237
31
942
239
489
938
88
696
410
983
34
281
292
977
437
239
986
787
612
34
649
888
887
43
243
404
235
663
563
178
206
971
273
68
710
533
445
30
25
305
999
830
693
75
945
883
791
519
951
492
779
482
276
838
962
757
159
975
588
365
206
317
436
582
983
342
35
63
500
152
243
13
881
849
335
971
32
234
489
149
609
493
789
169
504
621
367
7
454
254
576
889
699
583
111
690
809
357
439
254
174
80
176
279
524
96
315
741
906
810
504
491
975
300
141
511
402
213
811
645
391
432
888
476
154
648
747
665
