0900
247
452
438
41
366
91
121
707
340
244
735
553
80
302
34
136
888
319
123
81
24
344
572
924
956
562
601
86
629
165
971
283
166
591
368
569
547
305
334
73
197
677
830
812
737
363
998
367
402
538
838
871
942
268
413
40
363
457
689
995
453
643
58
540
550
521
839
837
404
75
463
623
403
733
781
653
622
669
180
643
483
536
527
971
882
280
28
494
262
1000
435
874
386
44
808
718
287
264
180
932
39
762
626
55
706
472
46
664
544
260
791
374
292
622
118
804
589
988
439
607
550
184
772
338
877
259
971
191
12
231
326
133
916
533
93
366
889
407
91
187
686
14
163
432
752
388
752
371
500
23
80
73
749
953
363
825
597
347
408
724
734
842
127
663
270
578
665
289
972
212
164
957
275
543
744
666
849
791
296
996
803
420
527
419
796
136
244
482
323
172
691
113
795
512
969
970
863
952
134
507
434
906
630
523
140
900
166
891
283
357
208
605
302
491
728
504
955
172
336
451
283
26
410
454
280
270
70
227
538
821
367
779
228
353
955
208
924
735
470
440
946
87
902
99
306
783
530
981
217
245
185
602
487
164
453
564
33
964
243
121
370
487
77
337
118
239
386
106
998
44
450
723
337
862
70
794
803
32
999
966
917
803
835
648
705
649
334
290
122
324
638
7
214
841
569
114
838
112
829
438
952
414
973
175
308
299
241
324
194
828
689
430
97
144
365
357
490
997
81
539
316
659
464
32
922
713
398
827
316
770
72
136
843
990
407
661
41
714
340
402
972
488
292
898
86
634
826
4
102
300
656
807
245
204
865
839
910
650
574
933
680
96
831
26
950
77
859
