0901
667
770
318
743
673
70
106
185
817
475
272
330
731
313
354
717
719
396
571
368
173
953
372
236
32
951
71
118
761
336
278
83
957
678
12
202
161
175
121
252
28
313
680
649
410
521
217
401
373
492
174
24
624
609
100
124
686
477
424
317
929
206
840
716
294
574
726
743
501
357
643
465
309
314
722
587
12
128
275
624
638
74
925
179
809
974
449
512
390
819
252
742
910
436
932
237
414
154
906
674
656
684
541
4
403
722
424
576
462
408
972
110
292
640
567
567
730
519
613
587
228
957
113
784
952
922
217
400
337
950
184
722
269
850
161
993
945
873
164
617
425
691
518
205
389
368
507
387
451
223
824
656
363
192
34
690
980
993
437
965
395
915
356
945
840
740
712
876
689
260
883
225
253
281
321
984
53
574
575
42
754
987
749
713
465
95
504
754
737
888
79
758
488
725
627
568
736
597
701
47
469
504
284
664
498
261
865
744
721
547
824
710
622
317
775
661
861
574
589
171
602
741
760
465
751
773
52
932
311
131
826
597
974
733
42
325
89
822
358
668
625
330
59
80
344
767
396
244
275
988
840
662
660
944
439
961
579
315
181
363
722
689
847
484
181
381
827
969
570
978
52
63
301
624
785
580
905
940
988
66
511
698
24
828
199
879
823
698
311
846
491
86
375
222
690
521
439
671
451
297
607
457
487
647
397
392
465
725
330
325
887
979
815
316
215
529
295
802
114
120
926
783
754
56
413
145
418
23
593
366
403
618
843
962
161
902
176
972
828
710
909
24
336
660
125
226
897
734
876
207
95
586
811
857
361
62
879
607
100
406
178
91
749
734
616
476
974
723
93
810
465
961
776
267
713
118
464
431
249
999
709
76
719
719
420
139
15
228
853
595
352
109
342
852
296
620
276
124
295
924
99
701
624
896
51
98
688
337
975
30
768
551
970
705
114
607
98
298
633
271
536
207
602
61
16
669
897
77
8
927
113
380
613
618
910
431
421
222
336
703
717
348
186
778
609
614
459
232
862
801
141
193
413
405
616
948
319
101
423
198
975
188
882
611
16
869
777
854
437
697
62
336
701
831
904
503
925
355
114
960
355
138
27
329
191
637
326
125
319
447
596
210
58
675
317
