0902
223
342
650
203
309
997
592
909
835
419
654
289
417
160
82
593
112
923
154
659
95
289
371
421
810
420
925
240
417
536
458
925
709
946
963
473
398
350
113
882
244
316
481
603
280
406
231
47
188
110
491
391
960
428
673
466
140
349
731
892
716
878
682
971
348
942
386
935
622
866
347
840
966
374
330
72
886
603
317
238
213
393
253
659
290
699
726
97
721
669
15
482
156
177
157
447
872
784
221
153
192
972
915
328
128
290
217
444
407
482
616
40
651
780
920
923
267
33
725
415
887
652
425
189
158
87
661
508
456
124
528
959
615
664
153
973
976
729
981
762
558
278
111
634
30
321
186
517
943
13
842
59
778
813
295
296
219
596
690
430
310
51
138
824
841
156
461
367
939
466
27
855
508
518
626
831
795
18
560
666
272
867
750
431
660
957
627
948
274
632
450
95
434
895
18
597
172
649
905
280
633
219
994
861
786
697
708
263
575
2
324
823
676
968
631
242
891
217
836
59
829
851
765
872
405
464
97
163
299
140
978
819
179
198
994
596
621
308
236
810
926
490
717
32
179
983
796
253
573
402
822
445
137
149
996
254
745
17
527
497
771
933
733
812
722
785
6
482
936
514
194
707
943
239
74
675
672
283
23
698
400
100
154
434
673
558
122
671
176
476
164
544
446
739
990
466
836
762
878
837
754
500
381
411
978
655
103
948
333
996
350
953
216
891
946
712
99
56
165
152
440
749
537
706
287
518
785
361
507
806
675
898
435
503
68
404
293
518
316
174
660
864
412
98
554
523
401
609
582
621
292
238
27
855
125
692
561
660
106
491
396
535
47
861
877
888
285
925
912
877
956
784
869
179
667
405
195
44
259
211
560
401
319
421
685
876
158
79
546
242
281
632
52
933
889
78
312
667
7
655
63
878
663
57
562
768
1
547
396
385
468
315
224
446
922
266
90
443
424
710
429
926
192
976
40
779
869
584
912
914
846
563
877
419
655
712
739
69
796
692
4
510
57
925
612
790
995
330
850
583
794
412
860
555
732
618
420
957
515
924
54
333
855
404
845
257
564
812
662
731
740
384
912
16
741
294
84
449
62
507
706
909
654
682
792
115
758
85
289
585
