0903
254
896
7
986
837
400
26
26
945
980
273
287
89
990
669
380
986
12
441
523
72
63
386
400
584
284
880
91
414
813
795
705
302
892
950
408
613
867
342
102
720
612
128
825
845
623
619
516
797
846
56
552
827
661
390
980
340
885
835
294
80
883
172
881
675
842
244
827
548
892
751
858
105
70
775
9
750
348
284
739
419
800
492
957
688
375
812
98
659
770
939
335
246
467
357
699
816
464
823
117
102
331
730
792
858
238
350
851
951
759
123
328
928
317
603
730
371
352
444
3
833
445
56
152
726
124
340
859
429
173
326
966
371
238
913
134
146
148
662
150
728
517
430
865
598
118
586
786
487
772
644
613
758
198
533
832
444
759
841
748
944
648
997
152
633
128
456
556
964
174
332
55
385
839
772
681
267
630
933
611
314
816
211
689
775
696
924
524
500
625
617
679
302
291
758
471
637
613
197
819
932
294
151
869
730
514
775
716
506
131
868
423
675
959
972
861
95
64
47
643
700
229
379
492
61
275
554
852
999
660
938
124
479
647
209
205
416
567
994
748
108
239
213
780
67
191
749
172
421
709
85
417
791
613
688
82
674
134
456
732
506
897
817
124
274
886
451
515
323
788
735
90
74
549
468
206
731
417
340
328
49
85
372
35
483
168
3
958
495
762
358
608
585
610
521
959
445
661
624
336
380
491
922
38
556
482
599
540
288
234
890
861
34
510
50
167
550
62
348
448
723
490
752
362
780
490
661
171
83
499
493
695
161
194
231
34
311
297
342
299
659
374
812
395
630
601
484
793
835
820
844
493
395
978
930
429
624
905
170
932
521
932
156
181
760
745
202
587
617
685
285
23
882
657
228
503
329
13
