0904
810
240
290
383
495
632
814
399
437
368
726
768
135
53
414
62
581
626
687
199
99
975
716
237
899
814
501
289
362
897
823
338
865
830
197
24
367
220
787
231
205
276
268
950
944
949
134
341
551
985
207
377
672
411
604
614
939
479
304
130
423
814
471
35
768
813
976
381
229
536
302
548
657
195
107
204
320
545
346
875
48
697
811
732
553
133
22
765
418
843
879
346
526
106
329
740
642
180
251
645
282
824
615
674
609
543
649
266
720
355
145
752
981
512
967
333
407
752
845
609
981
496
861
865
362
646
796
426
46
317
852
546
68
70
541
933
875
316
52
535
891
68
37
282
28
654
67
654
125
310
787
184
286
165
376
822
770
436
598
498
789
84
803
92
160
166
293
59
813
935
49
648
892
752
460
753
927
873
494
578
173
562
822
920
244
804
888
625
518
90
88
446
229
459
839
437
386
423
218
884
578
562
379
295
483
810
655
601
278
922
161
110
139
102
189
969
498
585
351
15
270
635
706
929
176
666
62
111
802
22
529
913
722
634
243
498
841
778
664
351
181
584
181
467
39
370
745
