0905
938
477
478
467
906
202
401
839
461
709
713
543
143
595
443
541
623
935
744
204
349
103
270
361
251
975
970
982
359
596
342
941
585
358
362
83
893
657
642
718
741
508
680
461
539
204
986
349
957
917
195
409
208
913
306
776
77
296
965
478
701
412
504
660
39
786
655
380
735
263
373
973
343
410
559
328
256
997
911
149
545
275
384
253
624
902
218
367
863
178
16
974
633
887
497
423
821
18
522
472
587
371
798
646
429
548
607
130
167
836
264
449
168
709
213
129
162
672
67
629
964
910
439
342
363
140
126
126
430
759
638
467
489
459
647
320
637
452
333
31
449
502
720
891
292
804
121
860
709
655
974
560
355
49
816
99
596
987
841
233
529
881
416
394
338
584
700
559
535
321
634
377
391
673
677
6
101
123
755
309
814
868
826
372
262
252
490
257
719
280
370
540
235
381
607
434
753
796
284
313
225
561
477
418
788
493
676
725
375
24
503
359
481
462
38
301
855
751
676
951
801
40
198
187
699
429
28
665
239
41
217
725
261
798
955
900
850
125
282
99
102
271
53
313
657
763
54
945
255
793
408
467
830
71
968
181
761
654
249
586
626
569
457
970
145
256
958
235
160
822
356
487
205
269
963
743
682
382
757
954
798
905
438
464
605
523
254
765
62
148
196
109
582
12
733
508
966
243
241
166
506
30
753
794
968
102
854
886
887
540
367
750
661
788
635
885
263
641
38
949
743
853
7
66
923
596
553
363
97
223
471
281
194
369
925
593
129
734
923
512
806
695
842
231
164
530
787
420
474
927
737
259
549
219
579
879
930
222
619
615
552
650
595
385
497
397
600
317
297
779
150
499
403
432
428
245
732
223
603
672
840
474
645
880
742
658
870
897
438
974
699
782
401
254
314
796
984
763
368
918
789
644
224
948
263
554
699
277
615
434
313
398
422
715
362
549
317
973
995
343
295
692
729
681
223
184
796
705
396
219
403
847
86
867
734
433
