0906
149
3
89
846
365
223
610
799
708
296
760
233
197
273
927
254
795
540
671
953
829
640
825
770
573
185
799
292
321
921
819
838
194
690
341
593
635
61
71
363
838
533
448
63
590
927
824
460
53
249
55
89
378
430
95
179
996
847
359
925
360
62
775
970
268
581
254
46
755
255
172
925
11
770
470
885
926
16
413
286
323
808
759
304
853
357
661
801
564
126
297
981
346
522
472
617
712
804
595
690
93
612
602
892
41
707
667
904
755
304
277
220
691
970
905
156
622
196
355
120
885
272
190
66
665
988
395
643
992
423
444
889
114
890
713
525
852
199
329
404
662
767
990
691
5
956
686
418
727
822
491
712
614
559
951
486
585
966
507
997
481
99
514
828
276
750
914
252
870
587
253
16
903
510
722
814
10
766
99
200
673
786
968
533
104
60
363
254
778
548
215
971
1000
303
115
296
992
395
504
912
558
9
177
719
563
827
11
43
218
642
429
457
264
800
721
316
297
32
533
949
21
846
445
225
505
531
476
123
430
457
938
444
959
593
964
564
929
174
679
594
875
763
121
678
109
442
686
520
985
949
358
851
949
731
949
782
39
580
513
589
819
428
767
891
388
906
35
773
134
328
112
896
845
682
1
957
264
453
734
662
799
641
742
137
647
805
791
155
201
639
172
64
894
189
745
836
708
566
220
868
751
825
540
459
561
385
861
354
614
610
441
748
398
675
179
484
545
283
921
712
730
197
241
619
956
201
936
886
24
104
636
796
651
892
910
156
356
294
823
317
803
496
230
179
990
307
197
535
962
827
224
701
294
433
272
65
176
573
135
77
442
727
809
138
706
279
62
80
743
940
252
140
184
431
836
16
170
899
520
704
970
512
905
92
382
81
784
301
75
99
397
643
100
423
798
283
733
261
732
693
105
544
760
723
846
819
960
329
994
115
314
917
249
929
505
743
925
968
834
932
321
930
