0907
16
597
851
454
126
333
225
431
364
852
161
657
747
123
854
410
775
476
856
258
359
192
32
320
536
600
986
470
654
482
704
62
854
815
44
625
661
745
723
505
987
24
803
408
128
223
572
682
646
428
205
33
823
174
436
626
959
599
169
927
37
916
339
33
969
553
474
983
861
544
575
862
624
18
206
30
710
319
813
981
750
589
526
945
409
970
783
611
105
680
966
761
470
789
891
92
866
207
626
562
463
257
572
514
397
965
629
410
534
312
668
73
1
339
609
249
769
744
217
824
135
929
609
846
468
804
143
784
269
461
56
923
65
887
611
849
254
851
564
928
15
367
636
512
172
636
616
180
246
582
590
270
448
860
14
339
648
506
304
816
884
97
41
765
446
825
726
869
268
767
684
623
309
259
437
137
350
71
61
599
525
157
525
122
537
376
239
480
181
394
229
383
94
659
794
725
764
685
79
745
685
700
259
197
217
100
126
275
365
87
981
789
517
733
35
860
142
887
100
727
544
562
203
277
792
480
419
671
84
639
370
857
189
264
346
462
5
194
91
868
518
756
711
334
604
435
308
21
467
868
485
247
413
75
576
587
492
708
30
215
100
254
945
43
386
685
208
552
450
880
277
725
200
138
900
351
89
861
816
672
225
393
825
449
975
233
669
5
394
768
598
808
325
47
554
374
275
974
126
63
347
119
711
893
764
300
792
649
449
340
188
66
123
192
799
272
804
683
231
