0908
159
713
107
741
794
357
473
71
922
18
408
734
26
162
875
521
539
567
729
986
269
296
981
414
870
145
786
318
268
998
490
659
672
521
536
757
176
746
454
240
443
930
6
999
446
730
279
178
988
901
207
243
778
335
315
859
604
741
264
23
88
521
159
75
92
851
553
174
975
686
668
257
885
270
506
352
361
537
376
233
682
480
191
192
884
861
867
675
945
639
262
878
8
41
830
333
319
185
962
810
285
71
262
527
46
170
25
570
197
581
501
953
519
734
994
236
254
226
988
721
188
24
643
870
84
135
112
489
546
358
744
621
118
238
314
168
102
512
744
668
419
137
266
435
123
519
726
664
525
971
597
847
516
460
418
55
312
106
635
37
882
