0909
624
863
807
391
263
205
577
825
358
645
918
150
983
847
856
660
332
737
145
307
260
125
545
541
865
137
248
356
618
475
627
479
602
23
29
225
938
113
810
40
341
783
323
619
27
800
525
412
146
239
940
491
476
788
780
685
389
183
899
605
917
643
901
917
624
70
27
914
535
904
848
60
361
305
578
754
21
39
456
161
174
525
903
190
41
634
614
415
401
436
278
58
358
202
946
377
675
515
628
579
269
302
109
621
890
351
685
741
804
621
145
378
842
771
227
991
59
155
537
136
359
394
438
555
164
268
49
197
62
499
430
63
231
718
801
363
220
360
815
147
680
111
150
468
345
532
601
868
630
