0910
962
624
858
237
335
686
775
673
617
919
124
838
779
959
368
270
624
945
290
645
744
295
737
500
589
672
396
888
587
253
299
871
106
509
437
580
107
133
264
384
821
927
587
870
175
146
393
498
25
55
774
701
800
523
258
31
773
117
177
708
387
406
850
927
213
154
614
267
701
897
601
640
529
820
698
109
175
465
426
385
774
454
777
483
460
469
836
47
72
802
703
374
617
658
614
979
174
245
139
173
883
440
554
547
561
491
723
810
21
472
152
739
131
788
479
364
560
400
637
533
211
886
237
142
63
354
384
172
705
766
685
274
341
372
756
751
625
273
573
7
523
35
312
471
654
506
458
864
284
165
947
367
860
125
522
463
634
216
180
103
827
886
646
813
409
435
750
531
250
60
471
725
697
975
936
249
216
121
871
303
150
61
330
365
643
876
196
715
112
53
341
888
745
892
873
132
251
146
154
893
598
450
422
117
520
775
616
900
374
150
263
274
7
293
917
408
991
252
599
673
241
630
617
908
305
924
32
51
702
941
391
600
550
1000
116
253
433
201
141
520
506
162
188
913
834
480
766
883
245
942
99
756
409
30
456
556
753
543
951
447
104
251
226
497
91
742
423
433
431
846
635
844
404
651
968
782
318
693
929
304
917
110
16
306
117
923
978
20
618
679
331
127
707
579
20
854
444
912
688
955
419
807
486
552
151
906
359
512
223
763
702
183
189
484
559
639
952
180
280
481
806
286
906
779
500
356
937
218
689
799
235
588
530
870
897
750
901
925
626
656
397
106
586
561
609
539
626
875
493
459
936
618
360
1
867
525
298
374
953
356
949
769
333
301
644
625
447
845
449
827
125
324
400
193
739
186
161
271
851
73
638
945
471
844
800
882
104
654
845
438
965
21
116
482
731
62
765
540
834
795
136
