0911
149
56
963
731
533
579
6
868
251
402
309
824
189
958
820
750
819
774
655
219
120
380
727
181
447
879
859
804
759
819
978
580
13
946
793
527
76
601
419
446
922
566
620
213
178
836
402
504
543
374
277
214
588
310
305
628
747
437
929
889
815
364
819
664
36
484
710
346
624
608
977
136
41
588
119
409
159
245
259
969
373
503
888
457
1000
568
658
732
239
92
692
78
893
402
70
990
634
525
545
15
630
491
77
604
761
378
141
365
733
646
419
717
82
877
606
388
942
595
535
441
484
731
790
415
415
1000
761
111
963
254
290
48
460
223
713
92
623
313
504
106
875
747
200
222
505
713
12
395
952
148
53
31
360
282
854
625
964
277
880
891
924
380
941
578
486
767
97
410
536
884
561
665
466
129
590
515
946
707
693
729
421
696
304
634
358
76
328
938
658
788
226
111
479
911
429
551
36
586
168
383
235
137
206
610
891
511
885
718
848
470
56
143
480
921
690
252
185
931
347
145
217
890
754
118
887
125
302
22
68
874
301
221
859
917
523
278
690
744
277
331
90
228
827
472
569
408
846
842
789
173
514
827
837
296
565
48
464
843
281
812
178
328
538
355
324
166
917
522
75
870
949
451
1
2
704
500
286
368
701
259
815
214
896
969
138
323
485
623
851
373
506
527
430
551
890
170
243
426
263
473
936
936
711
646
248
38
448
56
93
340
786
957
400
494
253
372
945
193
272
756
388
970
290
989
251
351
182
572
473
511
377
686
601
513
700
363
706
690
252
770
725
730
83
560
827
899
965
327
524
132
236
713
560
160
909
526
935
444
767
649
539
543
717
329
420
702
785
633
864
346
100
910
75
789
666
46
207
927
338
683
434
227
368
597
352
706
437
924
608
535
489
