0912
758
937
65
417
596
314
254
537
61
130
477
700
176
735
336
80
876
916
570
65
316
752
457
831
247
192
44
119
937
987
492
46
588
277
225
106
655
834
678
172
985
445
637
848
952
902
769
751
452
407
139
866
684
634
621
693
730
301
548
625
502
277
239
44
71
462
144
427
329
478
657
254
776
46
595
593
755
433
557
518
48
267
759
660
348
964
232
762
772
227
281
807
675
736
252
174
948
679
521
372
43
332
465
56
24
168
917
899
896
642
518
870
354
514
410
421
998
196
324
630
75
615
875
279
544
97
57
720
791
547
129
560
194
959
385
416
237
419
465
121
968
386
420
307
628
695
200
667
991
320
329
8
271
831
240
581
589
266
50
908
20
621
814
891
29
595
203
39
193
616
231
499
391
272
747
666
984
554
24
426
892
212
853
507
495
711
618
982
959
300
17
83
39
521
311
353
347
897
445
667
809
366
289
60
481
170
976
493
401
66
501
287
669
110
443
991
332
438
54
797
361
371
636
973
703
88
531
634
189
266
62
344
356
88
121
365
386
953
783
73
274
43
308
425
535
167
891
321
865
802
761
642
330
534
296
308
498
858
453
430
521
554
476
770
415
699
323
54
131
164
450
28
702
879
725
963
246
434
189
765
640
150
158
653
623
703
880
113
873
72
333
683
404
43
922
579
441
402
71
3
137
753
414
343
962
904
307
338
261
470
417
63
91
209
886
907
123
619
237
213
619
321
766
849
472
933
993
271
511
187
182
654
959
293
868
30
702
690
284
811
978
910
63
511
695
870
628
920
844
347
50
476
390
587
187
529
270
89
258
232
753
154
432
4
53
673
726
840
171
972
661
355
44
472
291
146
355
752
565
365
283
708
195
385
330
702
932
887
20
824
973
