0913
850
396
925
960
261
61
472
114
99
834
402
574
210
468
258
411
183
95
404
205
985
275
453
356
13
745
9
204
965
802
227
286
85
106
109
634
848
962
381
452
308
438
559
83
633
400
940
452
315
371
841
52
1
484
539
926
43
469
883
556
749
430
113
592
911
572
588
219
21
876
143
883
383
849
462
801
344
857
835
99
148
712
363
414
96
496
256
787
643
861
809
255
119
216
959
869
527
794
856
957
382
705
445
397
751
380
258
225
974
362
332
660
561
850
842
855
619
795
564
575
539
410
720
250
647
242
851
278
721
185
98
334
851
726
840
242
249
786
702
203
971
257
363
576
415
167
801
450
976
432
880
74
409
