0914
672
936
708
294
447
781
868
804
277
322
518
356
930
487
95
293
240
414
731
441
206
623
844
610
906
407
401
779
717
130
928
20
20
681
488
727
608
29
849
538
613
944
512
209
651
574
733
513
979
756
597
921
644
675
818
859
920
631
687
457
66
804
554
536
351
5
821
469
385
555
807
677
544
100
734
280
308
171
265
264
289
97
549
503
22
798
677
854
6
559
220
817
64
423
155
653
901
494
646
913
158
515
126
202
834
72
880
333
857
789
256
955
184
795
687
132
419
549
105
969
445
968
451
655
903
439
689
198
92
169
894
923
300
450
113
710
559
534
874
713
230
701
903
87
833
874
702
990
611
661
337
629
25
91
932
184
642
527
678
878
845
262
748
275
4
249
327
622
966
760
946
626
487
554
370
109
985
478
749
619
937
170
199
350
652
850
717
866
901
980
329
951
878
35
194
507
434
354
504
34
42
423
97
797
587
313
345
248
555
733
119
556
808
8
343
989
621
262
447
947
695
98
485
470
847
118
210
134
842
614
493
178
826
698
53
870
981
894
113
249
366
263
861
688
548
307
352
32
278
14
671
653
113
494
436
128
388
982
53
985
157
330
465
949
249
745
323
389
884
249
388
814
71
141
447
367
515
790
782
254
379
866
876
32
618
441
508
158
411
106
702
683
239
561
509
34
934
764
141
567
374
274
647
379
83
536
5
899
456
838
171
763
140
180
279
321
573
73
692
254
221
463
14
534
892
625
147
951
31
538
71
519
649
280
357
94
135
648
282
978
527
467
288
168
670
143
287
929
691
