0915
967
836
264
213
122
800
808
651
427
352
846
331
385
92
210
987
549
791
145
598
239
697
884
576
776
61
263
947
726
483
527
80
566
108
940
688
947
467
561
190
467
811
117
609
313
574
850
436
797
950
838
508
766
721
891
694
978
405
312
53
621
4
715
50
119
645
250
667
117
672
425
645
346
903
218
502
702
114
338
636
105
600
353
29
271
543
499
925
192
235
758
4
828
358
753
59
799
735
321
115
452
930
845
970
36
479
169
905
685
150
73
91
623
362
454
144
648
363
202
701
920
819
510
35
372
725
898
692
920
406
550
156
626
336
193
245
847
793
844
953
457
713
574
997
296
257
958
897
919
42
261
502
922
763
781
722
705
437
556
667
682
862
107
787
976
951
407
566
970
269
875
963
210
264
30
997
809
426
296
330
938
726
760
738
594
846
698
444
541
22
307
467
668
81
382
516
342
286
88
37
777
496
741
630
646
953
417
819
635
977
772
22
247
776
429
28
986
512
905
46
32
567
832
725
43
191
858
702
859
952
606
999
36
887
631
638
807
383
164
885
594
484
361
681
495
794
921
137
539
129
325
701
787
941
85
263
564
580
187
953
340
914
60
666
743
529
136
510
14
754
47
663
470
311
665
376
220
471
63
778
527
546
943
197
778
671
886
515
385
17
805
8
296
658
202
625
184
351
504
677
982
677
656
288
760
604
490
370
977
624
157
475
716
579
182
535
924
214
429
492
194
941
945
976
223
211
747
646
52
227
791
140
285
678
17
51
204
598
804
760
680
305
264
48
970
988
572
262
591
689
338
322
267
206
765
415
133
681
592
353
757
189
131
255
453
746
273
528
128
5
313
408
975
518
708
875
717
52
202
456
385
660
22
281
123
795
133
363
265
599
471
475
75
165
88
141
308
762
155
358
767
95
834
577
495
415
622
754
308
349
270
366
389
615
698
765
943
448
814
439
789
879
40
976
154
469
352
122
835
841
103
149
472
313
795
893
551
542
669
325
74
284
646
874
142
