0916
622
105
198
965
937
631
11
947
719
855
531
538
148
532
446
486
557
166
466
735
672
472
542
219
336
16
10
106
296
5
330
277
703
786
194
547
704
136
208
111
510
143
977
891
697
329
993
740
140
369
406
756
844
552
982
134
276
444
452
333
327
171
711
477
255
250
215
558
244
571
586
689
702
780
949
828
741
597
78
899
589
395
796
684
708
140
133
955
142
775
668
125
56
269
625
114
131
968
392
257
123
600
51
9
556
817
429
764
420
136
999
35
741
172
161
830
399
52
628
806
455
258
673
902
159
793
839
856
91
917
671
117
320
609
309
714
628
803
891
49
514
984
506
328
848
549
970
978
377
975
24
745
885
874
42
792
284
969
99
918
798
950
325
987
263
109
788
377
830
611
499
503
766
995
481
663
966
265
800
195
298
886
818
989
114
446
615
206
136
789
150
840
187
113
297
811
782
420
968
509
767
440
679
783
906
826
416
938
673
484
659
971
34
737
142
644
591
545
884
952
108
952
337
445
987
183
576
456
498
197
917
894
655
170
518
505
479
56
732
318
844
53
922
989
584
803
221
74
770
561
430
510
28
618
760
71
272
384
58
380
418
2
442
593
903
803
734
860
825
513
254
566
252
525
769
760
312
708
685
932
292
570
702
450
798
299
433
639
360
254
304
247
200
103
451
580
872
189
41
755
12
205
888
378
