0917
308
331
130
907
874
769
494
650
381
909
48
152
986
991
578
960
575
57
174
163
328
80
135
422
229
424
842
953
353
531
418
754
161
868
805
889
788
294
69
424
107
323
26
408
804
66
758
923
913
497
945
423
669
362
248
382
835
405
77
137
170
682
911
742
530
729
568
37
359
179
828
987
491
430
18
970
594
451
220
377
314
131
271
870
642
459
740
338
211
496
830
252
795
152
585
723
846
607
539
887
792
428
980
737
407
56
375
443
758
702
270
356
467
313
702
224
223
302
97
845
284
80
976
747
882
916
774
910
733
36
409
149
169
90
789
89
76
708
249
8
438
498
528
68
218
97
394
292
882
486
489
981
389
337
575
43
702
217
496
779
1
192
171
888
652
372
204
724
315
594
927
991
495
42
439
691
128
995
559
26
40
574
658
675
948
185
504
538
301
904
483
887
598
901
593
886
121
580
719
701
737
829
402
455
79
538
594
429
704
637
576
5
404
973
796
630
341
17
405
414
817
814
319
991
479
662
757
812
330
787
648
308
230
229
576
60
802
913
639
551
951
260
128
422
452
450
987
888
741
136
56
270
445
842
941
638
826
105
933
641
690
144
442
947
239
299
212
374
927
148
441
314
533
114
183
977
248
187
789
423
121
734
562
846
335
42
355
700
336
891
998
240
428
357
719
530
168
899
191
674
25
929
316
722
969
965
516
879
971
689
723
619
142
127
382
736
814
361
892
535
149
889
298
218
114
114
876
663
427
583
869
735
533
544
966
952
968
399
568
126
