0918
90
33
781
977
161
536
487
213
465
154
955
232
393
985
542
656
706
981
631
356
746
35
839
844
449
149
88
100
655
196
488
623
623
619
159
500
483
144
444
878
487
123
939
549
717
536
546
666
343
386
343
191
93
157
851
143
881
631
156
616
668
92
790
389
565
510
679
320
266
701
22
113
333
341
308
610
872
847
938
611
518
900
201
912
299
917
717
754
367
319
902
922
801
164
569
673
333
175
146
739
22
588
296
818
397
176
556
278
834
66
509
904
183
578
950
588
984
21
342
456
769
533
344
90
984
256
189
409
628
914
312
686
693
773
239
772
234
399
