0919
955
437
452
28
407
472
684
437
639
165
979
519
680
979
725
406
618
229
168
973
178
683
388
100
200
48
65
818
385
482
297
136
502
984
127
762
250
60
160
245
302
101
879
758
591
225
217
309
223
99
66
782
375
914
968
911
281
226
700
990
735
670
22
195
730
281
16
459
499
186
425
395
57
275
130
615
212
684
215
147
286
325
536
563
576
341
33
948
217
928
139
369
757
594
666
143
483
40
913
978
287
855
273
161
543
489
665
874
726
775
736
217
939
672
76
622
465
769
427
657
663
818
770
268
739
64
845
582
142
371
827
615
284
58
339
547
52
205
543
67
999
285
462
858
994
123
86
964
400
201
188
553
876
363
726
647
593
668
119
335
464
501
630
164
116
214
887
240
379
658
242
151
577
320
739
810
358
440
703
796
245
296
78
721
886
350
161
785
155
584
61
268
355
249
290
830
924
168
813
814
82
45
147
98
750
69
410
72
466
697
766
861
701
996
8
744
670
525
152
691
620
705
717
926
170
830
354
462
129
142
390
748
428
125
375
943
389
823
341
346
603
75
265
753
348
921
975
999
986
6
794
392
903
903
671
885
580
900
101
803
724
638
145
386
939
857
576
562
894
337
169
232
359
915
681
304
987
728
318
351
768
230
23
340
481
271
313
576
422
481
283
439
242
383
194
738
363
543
240
521
290
38
959
723
62
136
327
682
699
184
619
21
594
941
114
302
918
564
560
111
389
969
966
137
888
158
165
511
109
365
7
805
557
337
26
409
951
551
