0920
408
293
380
232
752
549
173
217
436
782
882
817
237
808
148
827
373
59
922
50
484
927
811
39
176
568
884
654
648
877
714
969
528
831
287
211
315
282
510
648
473
707
419
325
952
755
867
798
222
595
49
172
564
19
793
966
424
766
689
645
489
449
786
776
140
637
666
455
521
368
938
367
839
980
189
464
625
707
460
564
548
824
883
188
582
656
221
746
888
619
930
217
929
419
14
172
169
698
857
298
635
995
320
500
427
571
633
231
198
697
634
75
968
97
913
268
437
189
870
714
775
853
273
593
522
507
814
817
132
523
782
63
798
112
149
581
400
551
323
29
508
268
33
742
677
703
721
471
697
65
707
664
988
604
550
857
846
799
251
700
637
106
366
876
427
953
221
863
314
609
870
26
607
672
706
214
517
278
421
832
69
310
174
979
768
699
177
384
453
43
208
596
831
