0921
505
309
191
102
354
497
768
352
659
712
514
392
650
234
378
346
442
781
182
191
538
867
203
671
632
568
811
736
145
613
958
1000
340
302
839
889
882
778
125
57
326
116
793
697
361
183
447
220
216
813
204
568
983
802
983
772
828
465
411
237
684
196
408
591
882
81
664
400
106
658
480
44
492
422
579
465
148
879
999
203
328
42
105
350
32
801
703
848
493
908
934
715
90
962
844
151
477
245
153
157
16
378
40
442
285
500
219
196
863
766
273
986
505
801
40
824
387
705
746
926
987
273
740
23
455
572
452
649
57
609
25
863
205
136
205
137
247
480
381
146
921
627
615
102
269
151
950
770
732
231
296
544
205
797
84
996
584
388
338
880
126
373
155
922
984
833
228
241
779
778
78
225
738
627
223
235
788
993
853
119
220
430
977
249
70
647
762
589
522
173
285
214
24
138
159
664
537
25
892
932
489
881
460
322
184
192
640
929
602
504
817
819
134
404
654
800
955
344
178
168
597
754
209
45
398
837
19
437
333
149
321
629
369
446
600
815
258
486
714
310
190
926
190
974
1000
797
926
181
768
499
687
203
909
493
906
635
307
596
435
768
405
409
979
832
814
280
819
735
871
772
8
824
481
671
372
974
680
156
21
363
515
66
464
224
6
613
559
647
852
395
480
155
747
51
683
999
985
831
880
119
906
853
848
63
334
764
940
587
790
210
747
123
540
495
970
554
58
724
124
163
110
228
458
856
80
955
845
80
417
79
622
56
110
379
755
473
546
562
611
493
713
630
502
488
325
122
289
973
788
366
768
233
168
707
102
979
96
496
42
489
995
54
332
296
559
235
385
362
44
970
856
477
542
743
347
557
119
544
262
758
428
165
194
223
596
276
450
697
72
322
958
574
998
612
880
800
360
671
71
882
48
473
562
849
661
785
881
202
94
717
660
190
684
408
740
274
463
62
657
323
670
975
11
895
35
763
570
415
414
31
547
54
729
552
