0922
306
374
617
142
360
29
883
241
402
79
445
480
361
705
890
385
831
458
205
26
422
525
912
881
979
863
699
263
593
531
706
131
794
805
525
954
360
801
217
301
746
104
4
291
241
308
288
556
754
822
441
895
508
112
777
894
152
775
425
83
557
790
808
235
883
421
574
903
378
138
301
170
783
868
27
543
76
358
482
822
400
985
342
629
104
658
728
949
825
773
17
802
590
183
116
490
922
754
461
137
509
846
931
693
15
823
162
511
9
572
85
129
405
215
621
520
814
314
926
231
894
253
555
997
432
830
808
89
