0923
426
772
114
649
567
903
77
607
195
394
768
294
360
103
417
974
232
215
314
789
497
42
434
524
921
40
897
712
782
669
420
994
319
659
174
768
342
350
824
923
87
980
322
701
453
534
809
21
759
761
107
887
683
483
595
182
475
800
764
546
420
243
444
88
171
385
583
725
771
379
274
262
647
872
266
985
972
152
242
453
59
848
331
27
43
251
43
949
373
994
54
944
155
348
784
33
95
367
800
59
237
371
408
715
47
810
372
468
622
675
262
917
907
40
523
642
789
985
607
318
890
265
546
570
969
523
23
991
586
9
365
418
382
889
952
636
127
565
874
583
878
533
8
22
361
487
79
220
356
440
538
992
571
441
126
538
458
43
211
570
538
909
115
140
826
62
461
467
434
267
438
386
770
611
885
430
260
799
981
527
442
657
942
633
160
821
166
75
576
137
866
907
798
850
276
152
132
43
860
810
146
702
542
657
346
281
294
321
739
286
444
281
54
333
207
361
793
345
165
218
87
671
595
820
145
875
352
447
53
587
901
342
623
113
279
177
460
772
538
675
563
934
554
117
148
190
337
549
98
919
983
694
490
366
768
210
973
99
864
310
280
752
164
421
478
30
663
777
454
218
45
456
48
375
64
509
723
525
967
161
334
884
818
802
658
591
5
288
29
280
111
378
815
510
828
625
585
498
892
165
740
367
345
279
314
890
135
465
833
304
467
837
637
852
789
726
224
220
747
946
134
198
14
853
760
429
590
49
144
93
293
411
362
960
473
193
73
492
181
310
9
760
163
970
323
996
506
674
223
638
386
168
943
338
885
97
110
598
199
833
95
763
884
170
379
259
910
325
511
307
93
116
711
738
321
391
877
177
547
503
906
802
128
946
862
471
788
460
146
77
499
215
360
888
170
291
816
102
449
39
71
272
799
625
632
385
389
21
430
67
50
278
424
159
727
264
101
288
313
513
29
503
421
778
579
67
46
98
646
335
427
959
278
489
28
245
259
588
891
557
637
202
959
820
601
978
157
331
468
379
686
329
927
344
665
429
47
948
590
522
356
394
866
563
281
793
90
250
29
384
855
7
492
664
