0924
578
607
106
41
101
588
203
618
536
966
468
275
454
131
767
650
899
786
945
896
810
222
732
267
341
126
705
850
96
852
36
245
444
817
712
562
115
721
817
179
698
118
549
831
396
742
270
635
865
128
423
893
224
591
597
622
537
28
619
384
114
466
56
257
238
194
628
661
321
405
318
418
554
780
656
110
119
483
340
552
150
644
505
385
941
44
740
601
883
250
617
438
646
170
117
607
852
940
513
39
219
921
132
529
327
433
730
198
782
400
613
285
36
497
644
120
38
285
122
706
127
494
714
322
983
801
587
304
68
266
105
436
811
324
25
961
798
603
15
670
391
602
444
597
976
643
360
809
160
282
712
559
620
929
742
652
649
952
243
853
239
329
782
335
332
741
643
575
60
239
831
159
297
111
496
302
970
306
930
857
952
323
301
612
870
685
513
124
757
370
632
189
585
668
465
123
331
351
619
143
731
694
931
16
139
24
680
936
874
833
672
379
307
506
502
824
664
434
162
342
578
243
33
612
442
135
979
140
182
314
137
834
326
394
582
199
858
996
326
638
554
850
711
118
450
475
411
991
610
141
784
524
894
532
108
601
208
281
