0925
962
149
429
112
426
537
970
744
939
905
66
560
835
174
893
118
659
665
815
553
751
349
552
901
385
895
492
93
289
987
324
787
457
438
646
649
122
200
909
408
579
394
905
80
196
559
960
589
238
675
561
168
852
262
356
38
709
977
209
863
745
490
111
152
685
145
213
940
176
236
907
395
805
483
151
886
227
340
692
431
444
959
820
235
976
153
525
878
115
889
888
762
538
480
310
505
640
394
706
165
82
552
395
85
534
340
503
638
535
729
878
429
610
638
15
569
64
856
844
913
701
776
71
867
608
765
501
575
553
279
188
364
514
618
942
657
504
773
