0926
549
608
534
217
200
331
453
954
618
471
312
80
338
295
665
544
174
703
404
560
25
526
589
265
800
511
586
805
765
226
696
582
304
292
141
289
889
929
746
428
359
860
21
923
5
143
286
198
450
122
72
97
382
712
343
743
153
667
70
741
379
722
868
141
897
29
5
985
904
282
714
229
470
661
693
619
886
540
703
651
117
221
534
569
506
303
370
26
16
579
548
929
899
768
670
623
50
825
476
478
1
167
127
503
124
880
29
170
438
4
702
389
358
23
325
530
919
308
413
312
986
298
753
803
240
399
972
60
14
535
316
592
277
798
625
523
562
368
695
612
277
