0927
377
871
331
693
891
177
129
385
206
672
421
440
614
638
647
602
374
262
321
869
823
479
276
387
660
99
829
356
31
444
58
252
914
321
63
236
50
161
77
144
155
743
895
8
7
474
250
859
622
249
234
268
963
239
340
215
393
289
446
389
434
593
160
238
824
492
426
595
513
674
465
4
231
193
695
929
161
8
953
76
827
941
960
427
363
988
252
489
549
771
39
130
425
960
604
48
126
591
766
217
131
934
760
471
368
797
314
60
93
827
111
201
469
679
246
327
479
497
142
749
732
85
623
263
97
782
771
47
904
8
769
65
109
264
221
992
423
638
137
51
810
923
712
120
140
511
180
626
62
824
579
429
933
316
930
739
415
176
503
966
425
136
342
16
327
792
973
728
382
539
344
871
164
781
131
179
912
909
55
540
360
930
824
367
538
117
881
980
