0928
915
276
790
383
328
952
234
417
214
73
113
51
46
619
177
521
488
500
240
353
810
443
579
911
479
358
423
722
66
580
835
550
739
227
768
249
603
29
976
844
947
761
618
289
275
54
886
874
883
149
158
21
610
976
715
422
267
561
380
480
972
656
978
739
502
777
487
75
701
28
150
197
456
205
157
329
33
577
303
749
359
263
275
743
303
177
304
369
412
931
339
268
399
794
642
715
511
338
586
610
759
474
437
998
27
992
194
619
614
453
808
371
595
272
260
271
83
270
471
919
778
939
855
938
984
671
488
404
481
625
757
94
730
763
859
47
742
561
153
451
929
147
939
96
956
888
421
111
112
508
704
168
665
609
772
805
993
577
136
170
398
246
132
475
684
172
187
738
479
684
478
862
904
796
264
701
838
422
528
802
914
504
319
706
680
667
46
594
153
37
462
954
476
750
423
276
362
330
997
444
904
48
942
604
271
11
804
834
25
435
15
791
489
202
906
789
896
750
373
821
388
749
102
337
599
791
325
491
961
551
893
233
779
472
927
193
193
579
364
721
