0929
3
156
447
399
716
656
805
339
37
130
222
563
634
8
627
152
754
674
140
673
786
434
528
811
192
220
261
592
821
903
783
898
348
413
159
123
452
828
873
415
698
280
214
431
18
909
963
299
851
857
98
389
564
407
657
570
330
164
362
109
278
14
857
293
362
411
460
556
788
36
18
699
361
84
474
209
81
86
538
356
447
306
550
169
772
949
603
684
453
455
698
419
442
790
506
822
244
887
947
868
451
285
49
59
701
248
215
223
988
485
58
630
50
746
555
90
146
67
207
665
746
640
460
97
356
756
988
268
77
673
219
849
242
549
410
479
894
931
290
492
433
53
211
549
385
691
109
815
220
36
192
436
213
89
716
520
343
973
194
169
644
794
827
726
205
549
76
218
54
623
506
493
