0930
84
142
981
861
357
645
798
72
101
951
189
971
671
230
940
140
459
863
485
540
109
104
916
70
202
90
999
174
474
937
139
454
209
173
787
853
753
180
973
719
83
754
763
715
946
244
115
760
131
38
250
853
399
380
116
258
138
747
668
853
197
427
755
578
815
800
752
82
670
798
153
869
33
818
191
604
278
231
426
176
447
366
65
535
78
33
693
63
984
320
480
664
989
977
305
203
583
567
209
455
762
227
518
861
430
529
620
284
408
200
847
932
997
821
361
336
947
423
620
438
983
796
444
843
429
975
696
372
402
96
258
756
260
920
516
834
327
489
314
843
814
699
224
101
166
543
708
468
433
629
541
488
967
782
371
349
505
213
792
674
87
486
604
141
995
10
305
324
853
689
619
693
187
491
806
66
787
223
782
315
464
932
248
261
659
790
81
270
670
834
611
87
117
971
546
58
558
484
622
966
353
426
724
886
398
748
323
128
738
265
22
618
301
445
207
594
637
328
393
320
241
745
720
217
174
935
576
828
175
602
815
184
582
235
996
200
321
180
644
308
945
89
887
762
996
94
527
784
388
537
136
745
491
634
364
400
674
337
592
521
273
694
639
262
154
282
564
274
532
955
780
155
678
143
371
965
913
933
215
784
721
343
1
456
620
916
134
626
302
74
323
826
545
582
158
826
281
508
506
455
79
177
912
26
839
474
67
705
942
413
824
920
241
134
606
802
977
336
108
567
393
994
792
928
870
238
333
255
579
720
311
229
596
647
619
894
306
202
753
164
466
353
747
804
307
434
685
5
821
727
983
556
693
29
666
85
296
144
419
46
139
93
182
605
513
622
633
975
463
473
502
598
329
393
749
742
877
916
4
762
470
45
536
419
457
548
480
469
427
833
680
711
546
944
11
55
456
704
285
14
398
197
535
863
151
339
126
857
363
378
122
671
167
269
405
133
423
704
907
589
326
335
902
79
413
632
925
362
