0931
529
288
892
981
717
786
414
941
618
954
592
470
674
448
793
649
763
178
721
570
588
861
488
477
839
157
595
266
753
956
397
158
627
303
282
800
420
69
477
82
513
168
227
61
139
205
531
519
349
910
546
558
45
201
17
185
903
721
107
128
326
490
251
260
531
341
583
912
186
884
892
933
816
881
194
607
668
417
59
657
94
275
151
888
60
458
448
764
20
381
155
725
810
193
310
592
909
396
90
418
434
947
125
454
100
113
758
256
650
879
418
887
166
789
206
873
564
518
371
863
37
860
214
1000
718
910
851
626
859
266
65
666
740
138
368
452
329
387
2
393
621
913
410
411
408
399
310
899
672
195
777
757
242
477
75
836
92
780
955
645
583
94
535
392
467
134
240
847
75
599
236
143
715
577
118
365
171
819
675
324
792
606
830
550
957
675
143
874
500
901
736
53
286
398
908
255
190
551
829
801
170
308
476
432
171
613
421
646
640
971
17
851
738
650
964
619
391
832
385
359
200
953
798
287
938
263
656
327
369
93
928
155
91
48
117
805
252
969
729
782
429
888
361
333
457
293
744
786
551
238
247
764
791
556
708
156
534
245
537
452
639
546
911
103
411
29
193
550
906
536
205
869
225
460
764
405
980
448
223
752
551
463
501
615
211
408
436
188
486
328
107
891
963
76
99
376
658
297
436
738
393
989
528
735
111
551
44
231
541
40
386
859
665
680
355
480
680
698
241
79
512
744
134
261
426
319
947
610
59
65
4
232
186
829
625
328
5
396
222
266
578
724
944
66
271
402
737
144
48
999
181
138
849
578
887
790
128
275
377
433
22
432
530
188
915
341
37
627
488
203
