0932
389
802
6
95
330
841
413
350
587
916
388
319
981
526
982
247
702
924
234
60
100
398
976
153
731
921
967
748
631
731
1000
10
394
545
318
324
251
239
855
162
961
118
964
702
557
209
57
649
819
893
236
668
789
430
493
18
920
664
492
133
978
417
265
304
231
624
687
406
151
844
908
394
699
473
336
958
30
75
107
799
739
393
508
432
471
281
825
366
925
974
422
877
790
474
949
138
629
281
176
514
496
860
982
481
812
664
66
97
624
161
772
846
897
269
467
725
76
546
909
275
116
223
506
202
830
293
598
739
455
878
944
950
156
365
307
240
828
562
551
404
261
613
236
182
3
525
979
38
965
474
737
528
341
24
288
984
484
379
88
70
725
56
145
667
530
15
911
192
997
75
434
