0933
343
154
20
2
145
14
822
726
464
11
864
794
502
270
540
46
476
610
767
506
71
91
187
196
209
16
41
91
105
492
547
482
994
294
277
803
564
751
995
482
743
817
499
779
803
104
509
435
721
548
912
155
875
840
230
338
863
56
390
909
937
314
535
784
542
162
184
143
278
711
751
215
682
283
383
597
487
888
427
293
594
574
261
259
501
57
487
447
4
658
431
799
201
62
380
31
535
844
282
586
233
686
385
230
795
414
782
872
725
63
156
918
32
82
234
761
279
412
966
645
416
263
555
750
279
26
361
808
858
837
505
451
643
629
236
600
739
844
550
741
619
226
986
625
764
161
65
861
791
708
967
465
647
30
801
889
457
248
921
509
519
261
318
85
638
46
542
312
870
473
772
36
933
202
591
790
618
866
393
162
889
498
829
81
505
521
409
456
222
695
302
338
280
116
450
977
828
844
899
276
869
395
527
709
982
358
470
842
47
865
950
929
313
413
814
5
180
79
557
665
706
817
869
798
845
377
778
543
59
246
859
969
967
291
689
255
3
232
568
28
733
348
14
349
900
521
935
186
981
416
571
21
9
474
460
655
207
672
865
910
931
764
919
553
621
653
278
286
712
848
97
244
296
528
461
5
375
574
540
16
717
558
687
491
522
345
80
21
770
243
793
784
296
774
564
710
858
605
989
189
698
412
265
639
573
463
989
178
317
638
504
538
549
609
664
131
876
276
631
924
779
929
581
820
855
714
754
359
541
838
102
996
776
750
313
973
621
24
4
434
899
880
749
986
166
931
668
312
937
911
243
373
770
783
653
129
721
93
108
154
162
226
303
197
604
841
943
560
53
579
41
599
441
529
645
825
978
342
959
715
54
600
430
304
729
739
170
573
682
17
563
949
296
487
965
249
169
815
60
372
616
205
636
248
778
979
966
328
602
821
369
940
910
688
921
818
241
106
298
271
500
477
844
723
219
15
713
474
521
712
8
187
172
999
66
22
752
999
737
823
23
843
68
828
900
644
928
665
180
578
714
344
5
66
229
56
29
595
633
4
881
430
635
45
527
471
753
449
797
366
111
410
169
884
840
205
37
86
143
207
435
609
162
323
659
