0934
546
301
328
980
583
598
273
965
759
44
742
593
453
931
358
454
22
326
906
589
655
447
420
742
346
260
367
736
774
61
733
837
5
497
690
406
374
473
456
506
912
740
585
127
226
851
29
572
358
981
173
729
806
334
200
851
391
33
187
178
384
217
231
98
346
670
383
144
849
780
606
572
238
471
200
807
629
438
116
604
378
280
884
946
212
916
629
816
368
794
896
910
129
589
595
882
440
842
380
183
961
912
125
604
70
760
472
934
522
136
839
314
719
438
123
268
498
574
488
547
819
655
224
955
913
661
792
666
701
886
191
317
750
285
360
342
678
97
229
857
933
479
437
767
417
34
88
502
502
576
854
470
997
158
711
271
481
134
73
463
183
95
307
884
99
170
187
908
632
523
4
915
52
591
481
760
429
582
581
674
843
302
927
705
493
933
245
