0935
904
209
31
339
653
703
985
339
628
473
571
570
632
497
249
17
837
345
684
81
4
816
877
116
199
582
760
965
867
351
783
359
446
710
931
693
995
181
742
187
402
197
444
764
189
754
53
873
505
82
776
799
366
888
417
402
984
763
828
603
640
94
604
165
106
433
385
224
367
144
405
380
370
921
984
51
510
293
375
932
943
775
781
591
109
211
461
717
776
94
124
958
369
391
140
967
71
696
927
367
910
5
93
545
446
524
845
951
359
470
671
896
14
76
659
404
762
755
682
975
376
901
770
640
150
132
727
450
494
924
748
886
276
811
446
634
767
145
741
727
455
498
793
768
37
176
15
820
866
348
347
109
110
572
630
373
636
491
25
233
699
547
568
100
864
1000
698
353
611
629
838
434
248
65
916
276
653
370
152
178
285
144
927
423
613
894
549
631
277
61
632
546
948
390
122
142
512
280
990
746
195
83
11
352
179
388
774
99
277
589
485
714
767
662
395
594
473
984
308
190
489
529
447
940
24
145
927
165
516
741
137
323
50
821
225
