0936
573
550
249
450
826
239
647
980
639
899
18
351
443
303
73
858
658
859
69
971
84
258
299
271
608
265
774
952
735
579
375
184
943
130
361
723
513
583
744
631
76
876
670
621
714
331
778
129
836
21
455
630
168
517
679
439
940
472
246
920
663
91
963
431
662
736
258
46
971
899
13
808
5
791
775
413
301
903
719
828
426
970
513
517
32
677
369
428
350
7
822
867
496
293
296
754
429
373
534
788
987
68
213
492
517
935
657
930
576
609
234
8
14
292
588
338
296
556
938
943
555
855
326
847
568
934
708
497
963
71
571
453
867
530
374
651
185
717
201
255
62
151
974
462
888
82
596
767
675
746
171
858
748
251
125
638
130
606
773
465
805
831
440
446
224
86
114
429
52
122
945
928
965
375
187
632
173
163
178
806
940
256
744
702
552
28
400
238
285
865
420
129
912
369
792
224
164
805
623
908
644
417
15
315
477
845
992
802
391
869
329
455
827
657
43
593
756
842
847
178
589
647
690
888
119
734
361
605
499
591
611
440
287
622
690
399
