0937
610
940
942
669
632
82
354
958
92
806
554
98
743
100
765
548
126
249
711
265
765
622
114
546
763
175
88
724
935
720
498
661
400
945
103
8
973
714
952
857
688
443
359
753
828
684
916
803
542
174
511
598
642
751
693
109
98
975
233
785
518
842
870
967
500
327
573
507
427
386
897
257
910
575
544
180
509
768
375
552
427
83
893
662
673
768
822
29
80
501
345
580
33
147
711
12
832
220
902
265
92
975
992
637
548
913
460
881
500
37
673
913
937
379
831
897
594
6
80
315
246
167
788
762
944
501
627
628
202
186
301
393
865
760
186
150
731
545
633
958
822
871
988
288
4
106
635
410
355
213
820
385
630
340
32
641
894
321
201
158
453
674
968
678
169
289
382
941
344
982
614
645
529
528
92
333
453
415
105
386
624
745
632
867
546
162
547
896
919
242
699
160
73
398
295
314
790
397
365
225
642
165
531
695
151
171
30
948
488
516
736
683
996
605
547
955
269
290
612
73
63
736
967
851
817
487
696
224
264
329
768
502
212
891
897
184
202
959
502
984
759
698
136
978
475
629
312
64
887
554
737
665
966
241
841
691
104
771
862
254
309
919
791
289
903
352
132
944
144
706
377
18
305
732
494
801
865
836
195
203
751
939
138
128
324
870
482
95
9
899
198
939
365
303
2
900
442
320
971
836
640
640
748
769
928
916
407
639
423
768
28
770
11
83
249
690
503
903
210
447
338
725
740
38
180
513
835
32
228
60
621
709
370
360
855
538
622
87
951
92
409
685
66
809
866
7
208
870
561
62
971
559
84
724
171
581
1
377
655
154
338
235
636
906
747
860
215
919
221
768
574
295
66
958
383
490
375
425
421
926
116
389
121
294
431
745
235
933
788
500
575
312
305
572
697
915
889
120
139
784
614
742
411
446
144
334
736
40
405
78
48
144
804
840
828
361
966
636
674
985
289
158
938
483
705
217
10
116
402
425
430
991
575
188
67
917
94
608
688
492
600
596
39
848
878
908
146
668
760
619
870
911
172
175
979
617
70
930
315
312
80
810
606
499
554
448
483
615
302
683
751
606
3
686
345
707
466
621
535
587
657
10
267
933
411
934
977
909
748
887
