0938
338
340
159
157
450
528
128
548
929
765
835
293
348
69
995
240
605
343
311
669
87
736
931
640
388
203
113
966
849
428
940
732
443
943
787
240
46
82
393
197
128
46
669
251
625
114
569
386
884
304
747
460
443
43
848
911
596
205
56
882
7
107
356
421
307
309
319
312
794
687
759
326
952
654
665
161
774
601
477
948
66
860
1000
779
575
254
517
460
921
186
72
622
404
745
390
169
354
350
996
435
690
792
4
157
742
74
482
317
124
753
514
520
19
102
652
350
112
741
375
271
263
351
439
141
143
841
644
580
549
542
371
290
462
7
683
572
53
808
491
180
727
998
25
206
509
757
181
655
725
544
605
391
122
166
279
62
372
308
962
10
674
219
550
591
952
889
17
420
91
41
569
346
703
601
507
534
602
460
842
734
688
157
154
931
260
103
892
243
645
610
383
869
957
906
446
387
828
269
166
548
692
504
734
916
953
401
296
605
717
168
413
123
983
296
706
568
931
148
300
652
996
612
200
777
391
611
189
89
248
867
388
939
597
990
970
236
972
454
898
237
603
659
898
86
365
615
274
741
732
423
800
944
542
160
301
210
506
