0939
44
302
22
447
112
82
314
772
305
857
121
753
473
789
215
367
448
805
243
342
404
470
244
255
621
988
111
829
167
550
985
545
855
8
493
349
237
895
982
257
70
466
808
425
650
744
778
60
521
48
494
691
838
971
562
401
439
783
54
612
804
700
106
122
942
522
143
863
869
745
434
873
497
669
131
250
190
503
851
348
109
145
36
779
18
431
678
455
62
590
849
305
553
155
301
99
855
303
801
910
109
33
206
752
925
992
527
718
865
868
62
784
898
339
960
966
804
597
145
877
848
201
285
278
659
586
956
207
796
177
1
469
876
479
21
924
91
780
555
368
349
740
725
131
291
590
673
151
719
496
91
108
164
623
842
248
523
439
