0940
20
164
659
91
339
944
683
730
492
952
291
898
792
242
197
872
216
907
806
392
716
527
823
600
78
735
590
50
533
762
512
306
625
784
697
32
48
161
97
836
328
356
541
923
13
611
192
79
980
380
335
904
34
367
149
747
858
513
480
941
500
325
340
355
305
225
304
314
869
579
948
502
991
209
863
203
754
241
853
496
528
640
892
583
879
606
315
621
881
308
31
497
62
962
14
514
854
494
738
23
652
111
198
468
741
807
955
667
16
675
220
45
871
907
908
644
703
491
875
920
861
669
813
365
560
649
557
553
58
167
240
719
706
296
293
539
237
89
407
897
701
406
920
367
758
747
195
960
52
656
437
88
480
61
931
312
338
273
71
407
750
972
688
554
784
137
676
469
706
431
252
380
49
125
961
621
33
845
825
595
845
953
188
266
91
446
101
580
803
420
513
754
513
783
667
600
782
764
158
609
561
156
708
118
109
343
990
838
179
629
461
772
688
154
875
46
133
553
130
850
711
337
755
43
289
284
634
505
690
330
787
669
395
825
173
509
312
122
86
142
658
468
699
37
479
721
555
606
210
824
71
15
