0941
661
591
150
365
695
119
634
500
721
814
643
785
406
856
195
23
171
882
795
24
688
940
91
743
822
139
110
169
673
868
659
773
138
361
109
826
908
669
65
206
519
686
451
704
97
373
532
38
649
765
215
950
471
569
908
845
306
984
224
268
550
282
414
979
958
13
685
463
16
896
280
590
604
963
7
426
823
474
923
105
914
526
56
472
178
65
530
773
594
869
550
608
961
200
117
226
514
123
637
996
370
154
905
679
54
156
531
185
319
450
72
387
618
951
154
650
814
720
163
21
695
505
403
424
969
370
127
224
866
349
560
658
17
839
844
16
700
318
604
780
855
474
684
839
617
524
965
491
676
472
296
285
54
796
674
498
536
349
10
787
665
348
523
231
712
966
476
313
767
787
948
185
773
771
922
271
518
584
514
373
413
527
998
342
2
912
228
195
92
298
649
720
594
356
295
940
703
12
911
698
989
316
168
693
