0942
387
565
195
101
915
519
473
686
203
868
80
404
659
56
944
56
38
881
843
257
291
425
352
618
639
939
789
131
189
481
626
591
537
721
482
219
781
45
328
559
979
957
445
486
682
925
923
172
452
362
497
634
766
760
303
70
609
394
781
924
350
350
676
647
343
851
256
921
258
104
572
508
795
363
704
60
810
22
324
431
619
375
149
523
29
745
855
668
118
741
487
599
272
554
99
966
492
404
665
543
364
806
886
626
626
526
214
184
836
377
303
15
568
991
406
621
654
85
407
644
514
649
460
378
95
693
180
313
810
316
476
207
436
686
977
12
225
447
750
292
819
859
168
245
459
679
54
588
123
594
670
240
719
584
891
263
454
455
324
937
189
926
837
365
665
15
844
446
54
895
288
212
276
301
402
532
442
387
197
237
968
184
626
972
376
588
284
130
254
544
679
185
877
876
277
555
390
721
17
625
543
404
710
211
847
808
888
992
119
225
131
905
850
838
191
365
930
446
956
406
537
954
807
659
854
794
543
878
892
588
795
406
505
70
138
621
479
416
402
763
639
920
853
202
117
132
966
156
408
602
537
791
931
978
345
277
629
475
157
882
329
545
299
326
347
9
57
878
962
215
136
956
966
565
672
89
914
778
788
702
787
463
161
120
425
521
918
866
479
676
164
650
469
889
257
397
372
694
277
182
703
668
700
742
273
725
232
750
28
910
322
24
352
940
977
42
90
397
146
494
802
661
445
528
880
862
609
644
549
519
40
119
398
474
217
641
450
421
47
673
572
253
943
718
301
838
33
578
389
286
906
889
429
945
43
701
336
333
702
951
213
137
591
449
520
852
45
100
743
325
879
548
228
107
295
454
485
262
258
868
557
827
125
298
999
164
50
149
852
359
786
844
272
101
864
245
798
913
269
249
242
755
57
708
418
596
307
613
128
737
542
632
488
233
711
733
689
497
766
324
937
979
814
677
37
916
63
148
87
329
51
732
89
525
452
713
720
323
540
154
423
189
131
451
495
796
979
740
565
384
164
