0943
468
863
367
461
876
301
469
763
972
18
24
316
566
147
624
487
124
51
106
581
635
224
883
922
558
164
863
413
387
226
655
344
462
846
298
660
495
664
895
231
349
791
430
244
770
205
999
973
728
886
561
772
474
593
942
348
303
389
54
707
87
165
867
603
362
471
369
444
966
834
122
487
278
226
17
356
109
505
995
711
508
94
114
184
624
964
953
43
432
800
179
39
38
609
346
650
554
417
647
328
113
544
30
610
114
36
206
581
207
743
664
685
719
815
976
970
23
365
344
753
459
170
475
880
106
157
943
862
652
852
481
655
282
930
216
996
343
436
501
844
173
507
311
129
572
102
245
838
605
273
103
63
665
549
42
768
224
885
768
990
599
572
839
673
811
2
619
543
65
293
486
955
707
405
672
603
854
366
224
409
888
460
427
470
646
696
463
682
848
148
313
403
198
191
409
511
667
562
55
508
730
801
631
495
223
164
36
764
923
262
641
66
786
492
