0944
389
386
912
21
930
474
242
12
614
935
116
27
767
182
296
196
464
125
965
425
775
965
60
157
180
135
929
341
101
647
226
94
566
552
263
656
337
148
993
593
905
418
585
922
773
73
746
882
400
988
770
593
607
98
562
996
246
623
532
16
512
136
471
837
702
799
58
714
810
822
587
227
340
191
229
327
837
331
418
69
169
741
883
139
643
41
796
378
334
388
727
694
813
81
870
49
579
436
729
245
255
461
226
188
854
153
433
777
570
844
857
141
394
418
493
450
35
733
471
582
358
36
479
145
16
459
33
212
161
834
232
161
925
127
219
845
708
130
929
361
374
228
