0945
190
155
316
705
80
648
804
516
464
460
611
971
812
490
3
7
727
135
706
590
415
312
305
224
154
274
102
589
63
249
528
214
464
898
777
76
913
211
392
391
440
91
564
684
429
682
457
979
581
557
491
900
897
738
54
289
536
24
348
259
760
851
406
211
422
916
484
107
317
54
434
41
593
473
650
52
607
391
481
636
843
32
363
602
920
113
87
967
116
681
401
304
398
127
457
883
578
463
709
346
644
324
851
976
634
210
629
386
20
919
708
513
690
102
221
350
286
207
471
395
787
922
626
428
433
512
593
107
268
433
367
140
400
179
168
597
409
356
651
174
933
61
294
237
941
335
592
147
510
241
253
912
939
757
418
865
502
149
420
405
232
896
98
733
542
862
630
648
734
915
682
569
585
488
845
1
398
564
960
257
906
37
253
628
4
700
326
922
449
629
754
743
63
766
667
905
506
438
521
513
71
572
955
895
881
839
635
662
342
564
513
551
636
369
968
533
765
421
302
121
62
91
824
66
325
824
43
900
110
274
902
925
662
503
798
727
191
678
965
489
144
797
108
896
857
799
347
227
558
383
675
689
325
874
618
99
314
583
477
222
91
556
780
809
649
775
669
417
872
516
262
457
491
770
99
102
888
993
248
958
843
105
697
126
800
94
183
954
924
579
469
485
975
519
23
571
835
928
375
17
95
749
293
665
940
1000
50
501
960
549
983
809
2
347
520
255
417
455
780
772
728
848
209
958
432
710
536
334
897
608
319
970
795
771
796
920
318
955
932
184
661
568
182
545
462
435
292
736
315
365
184
238
509
801
446
454
739
36
396
568
927
773
144
712
912
223
178
580
66
817
580
390
598
282
54
226
8
54
548
616
440
663
436
354
900
549
365
173
251
158
131
174
882
262
93
533
587
982
104
973
397
559
65
757
935
183
409
730
356
820
436
969
51
361
313
611
39
311
879
125
106
517
879
565
112
629
789
102
677
927
961
573
385
138
557
602
199
749
285
774
761
418
718
303
181
163
257
13
212
764
312
172
154
962
798
345
801
379
773
134
588
86
455
749
741
470
