0946
861
695
313
668
101
767
325
589
402
380
966
614
946
952
705
223
936
660
470
833
499
278
195
317
525
7
519
340
488
47
865
344
558
910
478
67
171
128
288
215
15
918
474
300
565
931
761
356
672
789
699
407
960
29
318
625
600
694
448
902
42
23
977
506
754
940
442
593
603
249
607
154
965
843
231
115
281
933
362
554
967
993
64
327
722
898
913
528
18
759
550
60
798
831
239
101
907
94
829
136
376
955
447
540
424
456
653
849
863
480
708
185
224
946
726
203
976
900
457
233
798
250
708
138
231
439
556
854
77
188
881
597
478
514
133
540
35
414
840
330
68
433
91
7
96
618
270
924
669
624
413
77
806
259
405
82
780
906
292
461
145
962
490
381
869
544
601
938
876
349
147
131
360
901
594
799
377
92
955
385
936
759
412
187
230
111
407
784
237
782
849
782
143
736
585
839
143
93
64
550
697
713
42
864
328
580
595
426
588
230
83
205
231
461
769
509
732
51
70
930
386
973
414
714
893
582
175
481
753
618
289
241
912
50
269
289
138
598
172
930
884
670
673
738
501
886
43
881
950
780
297
422
717
598
865
185
643
920
686
683
373
865
996
704
27
367
233
868
13
346
105
694
870
294
642
220
724
184
930
338
840
94
766
804
986
652
760
194
247
986
150
931
43
194
592
467
761
739
208
391
990
522
620
476
16
446
858
55
405
512
474
731
136
260
177
767
339
458
425
895
635
807
90
87
641
829
514
950
823
766
630
344
619
524
719
689
80
192
127
856
276
420
436
601
853
480
180
610
122
83
591
665
766
282
353
677
921
911
13
193
705
628
397
990
605
229
885
35
535
144
38
400
116
788
736
407
127
71
968
915
571
969
697
757
940
218
852
859
745
497
703
3
387
345
652
439
534
260
993
129
422
202
560
140
808
727
744
227
835
224
589
160
130
668
63
297
151
374
263
329
949
830
354
866
406
544
123
81
327
900
821
270
748
485
371
174
397
809
705
233
49
665
693
698
167
621
529
917
239
25
67
634
734
94
899
239
586
489
222
52
786
509
64
813
31
516
752
383
976
383
90
15
302
405
504
787
825
845
510
315
560
689
733
833
144
817
486
172
848
