0947
554
326
252
512
907
239
784
486
353
805
200
257
658
265
297
322
809
988
357
259
648
532
923
632
294
438
937
666
409
10
547
962
978
160
776
349
566
170
825
387
21
121
598
795
169
922
345
601
828
633
692
614
644
621
90
251
627
814
496
664
182
287
700
173
395
56
684
597
502
870
294
611
883
971
56
965
370
8
107
600
561
54
93
909
494
57
109
154
714
163
830
196
82
808
347
172
528
812
701
372
526
370
513
59
484
829
609
611
197
959
785
653
171
887
970
247
441
634
792
744
874
39
115
189
531
198
260
474
102
251
634
596
444
714
922
65
782
285
724
942
229
140
722
997
567
676
417
577
306
457
551
50
540
832
383
264
635
97
275
737
631
630
549
266
818
929
451
792
973
729
666
648
217
171
700
317
849
506
835
254
843
318
159
816
663
592
73
771
405
881
814
587
18
620
157
334
723
372
670
971
707
428
796
425
488
