0948
726
66
826
583
429
659
887
597
410
973
377
918
418
721
547
356
381
237
213
286
475
624
718
514
63
872
28
558
908
503
308
132
897
229
905
354
388
807
44
407
572
757
992
54
324
786
936
570
956
480
937
712
157
519
259
292
810
759
868
573
602
550
527
248
985
315
997
979
30
937
81
53
641
242
904
396
880
456
205
329
200
769
610
12
796
151
378
96
346
413
720
702
517
518
62
414
324
279
49
433
756
959
466
447
218
391
309
366
284
618
962
797
840
59
272
676
236
197
971
397
264
71
869
416
201
347
310
776
512
23
636
269
969
293
739
507
254
490
963
437
468
39
856
7
573
214
141
675
221
243
685
897
361
806
399
183
360
474
969
105
642
231
166
609
263
946
855
381
17
877
511
285
469
614
647
943
930
622
72
60
875
260
612
656
781
429
217
229
75
358
395
518
351
762
773
711
222
47
295
213
911
563
166
260
240
150
93
368
599
828
696
469
429
613
138
454
746
906
515
828
573
915
383
187
942
360
378
788
159
551
928
47
913
281
733
142
589
690
901
162
242
308
406
851
95
25
920
218
341
272
322
939
733
157
578
893
807
705
525
214
649
278
851
216
623
873
997
363
318
813
250
568
346
108
653
135
911
361
759
517
145
756
552
327
468
75
617
540
188
315
322
405
400
919
116
125
167
550
840
286
917
533
423
529
607
445
205
716
826
263
728
55
198
490
571
261
817
753
642
390
723
335
954
196
452
644
548
169
444
155
697
166
231
301
644
353
21
910
665
726
513
906
698
295
231
612
174
860
230
104
317
587
526
435
220
73
831
354
838
748
514
84
603
375
672
951
883
179
479
238
488
726
397
377
246
50
503
542
228
737
720
845
1
738
205
835
700
573
443
127
500
248
8
958
924
344
583
187
367
715
543
89
359
959
380
314
158
218
430
622
472
418
96
913
108
858
318
717
155
960
397
249
578
188
960
637
254
548
659
49
563
704
874
366
61
726
416
629
136
313
653
629
616
488
54
381
885
111
219
435
154
824
981
774
847
776
782
