0949
914
157
250
322
612
19
240
474
487
382
115
782
719
528
749
578
919
17
675
96
153
654
235
582
846
517
858
50
927
681
286
650
740
126
117
878
889
742
167
996
385
465
417
864
909
655
385
381
896
12
796
335
441
455
615
767
590
909
466
465
428
600
943
715
980
784
332
77
763
689
649
788
820
975
100
934
243
576
271
525
60
410
647
743
16
456
396
840
143
949
78
953
435
941
509
926
195
257
384
366
17
118
666
472
874
140
944
492
792
186
80
254
780
432
651
408
400
128
59
651
181
761
777
811
723
598
908
730
229
371
659
908
364
396
312
693
534
914
299
815
849
826
847
251
443
174
238
440
137
703
621
365
622
104
402
731
803
802
206
42
496
52
228
870
207
949
802
381
177
594
180
991
132
172
912
372
912
437
524
882
587
453
988
813
23
736
849
767
611
460
221
375
513
716
599
694
894
370
213
855
491
118
648
716
838
591
95
991
957
196
733
719
590
919
308
800
