0950
230
578
330
3
155
688
789
729
217
280
969
732
153
343
171
5
989
891
862
540
163
459
108
837
820
825
384
551
126
462
376
203
891
649
97
228
58
588
247
152
705
443
216
509
649
765
443
686
686
179
563
540
280
179
36
851
94
804
76
394
588
506
540
240
254
990
423
977
60
319
744
643
941
817
846
77
320
763
891
989
111
696
293
994
857
317
263
656
819
313
12
497
77
136
909
478
414
992
611
751
248
840
492
204
997
48
20
695
304
427
229
653
572
778
844
167
223
218
209
309
724
252
162
410
136
396
221
709
392
406
351
597
325
380
839
414
372
890
348
458
271
884
976
145
868
920
441
693
587
168
542
267
859
574
693
310
194
357
125
717
883
107
703
497
412
685
699
951
833
183
640
211
857
228
661
598
65
904
354
957
144
287
274
179
779
992
877
933
155
154
717
681
104
893
162
661
486
53
602
33
464
406
351
369
110
908
106
252
771
646
191
20
898
401
943
695
328
333
476
557
425
678
560
42
810
708
576
713
152
686
338
142
879
3
598
514
879
969
702
677
519
31
898
137
645
330
325
448
950
967
514
623
810
943
438
627
979
570
423
946
773
473
402
41
532
835
919
82
354
854
175
625
552
119
220
221
380
923
924
837
155
749
777
870
782
814
698
58
965
233
751
822
377
828
162
257
676
725
74
444
39
935
761
673
225
878
754
790
64
891
794
50
655
371
323
34
891
849
476
699
73
452
961
698
500
487
327
482
931
659
117
1000
874
93
629
796
114
827
812
821
705
262
946
65
483
780
512
558
909
459
360
105
319
962
774
80
130
731
69
545
673
977
284
287
293
63
316
212
136
824
93
414
741
190
160
713
494
629
716
52
486
800
161
79
362
467
353
453
925
905
488
358
286
656
477
568
823
541
846
79
906
357
141
545
985
576
270
459
453
413
844
358
345
825
238
905
708
351
331
