0951
583
805
109
189
383
766
460
598
33
274
268
119
687
882
385
580
819
33
372
624
612
667
120
723
577
539
77
881
816
204
860
1000
337
831
608
454
18
367
292
663
756
324
699
531
915
964
379
849
787
330
710
632
673
996
158
74
381
711
987
348
124
212
809
151
315
938
26
871
401
619
756
917
544
978
273
187
197
308
555
242
762
621
9
607
614
498
340
320
787
278
754
143
51
526
105
118
965
989
736
147
123
144
296
698
133
619
366
471
370
53
989
936
14
683
846
755
289
16
206
471
196
249
286
165
282
130
810
577
792
420
416
171
489
727
129
220
679
202
69
794
585
378
487
35
148
26
256
810
577
410
864
669
854
229
518
342
23
884
915
767
352
250
586
267
41
630
669
391
6
176
697
27
505
12
569
861
497
413
587
209
480
891
911
163
840
115
736
448
342
293
405
431
965
945
651
245
267
239
101
591
708
935
197
777
266
79
157
915
464
101
867
570
733
669
635
221
751
188
493
358
464
232
813
167
921
797
235
863
981
136
564
219
295
747
660
758
87
482
834
782
939
546
893
167
518
4
322
178
584
122
381
595
849
313
36
701
436
751
276
810
508
970
785
279
857
685
911
719
996
130
271
271
326
604
417
355
780
33
28
218
395
158
726
458
366
373
486
595
689
380
200
629
561
327
29
204
312
201
450
219
322
411
883
373
732
942
338
875
346
55
383
122
56
926
847
301
55
895
146
14
204
709
393
418
934
719
132
441
83
335
958
646
426
734
789
210
313
681
908
970
557
486
842
541
14
