0952
635
694
870
835
408
534
28
205
978
675
748
730
710
472
437
776
96
148
978
780
464
531
920
574
445
632
511
873
164
436
854
267
181
890
532
721
875
127
550
272
429
48
919
893
268
685
483
346
640
142
862
732
592
328
183
84
436
189
909
969
731
682
574
139
842
268
935
744
669
438
510
375
780
963
634
158
733
986
309
341
115
212
395
293
120
977
592
276
210
550
619
858
125
583
288
323
704
100
103
847
511
805
988
146
128
122
455
577
259
444
580
120
697
886
113
1
997
833
472
725
254
632
836
101
784
175
243
751
571
495
158
107
741
297
715
530
632
862
423
696
628
813
629
678
50
31
409
481
545
153
738
326
985
344
400
11
855
875
1000
43
965
68
250
356
810
278
916
569
193
405
919
249
865
685
306
90
20
279
808
543
944
195
961
574
504
70
948
778
858
608
40
513
834
339
630
778
753
351
725
638
280
457
267
549
243
510
52
777
629
48
924
640
735
62
68
429
679
616
474
559
559
482
71
972
66
810
951
508
364
401
854
831
644
464
117
856
270
368
391
373
845
510
579
366
718
277
659
