0953
107
317
359
696
61
203
645
556
980
3
51
227
884
410
667
679
293
309
771
105
824
149
132
268
966
321
399
39
717
214
692
304
135
948
224
245
48
340
460
403
277
277
386
527
364
797
438
811
885
255
518
93
761
508
375
554
36
596
698
982
932
819
738
231
996
652
460
713
575
523
448
763
712
924
910
460
444
927
408
76
486
247
968
165
132
816
187
893
439
917
862
143
945
238
107
434
403
251
77
496
117
479
393
903
944
424
714
912
90
726
423
279
182
952
422
470
392
983
289
159
492
391
93
23
339
409
857
10
186
470
448
368
77
908
887
194
249
994
351
144
549
706
588
422
788
295
88
39
912
733
294
619
537
79
535
728
654
352
545
364
358
225
107
559
786
31
6
84
520
977
344
94
542
746
201
742
524
177
109
183
826
166
963
337
35
963
571
199
170
454
780
993
380
980
317
450
963
441
643
80
540
727
105
782
41
248
495
159
663
30
205
157
511
713
471
345
989
89
818
879
2
573
532
838
314
798
749
958
112
664
513
983
911
18
381
327
185
431
84
649
280
651
861
537
785
986
364
328
475
849
759
854
830
438
282
618
838
906
748
483
657
608
338
321
439
854
985
673
136
958
148
607
663
507
17
809
253
481
115
508
768
78
664
637
665
837
615
771
180
644
276
702
846
62
788
663
442
731
113
931
588
119
314
232
46
643
974
353
21
9
317
116
989
264
590
710
26
314
526
401
907
602
544
378
644
469
20
496
476
112
783
837
877
342
720
727
314
389
405
490
906
360
152
219
966
619
777
170
575
374
640
859
155
763
450
391
996
814
52
390
683
770
672
40
496
733
336
109
800
830
731
683
829
367
612
457
627
568
737
322
258
577
212
830
489
394
299
183
822
497
191
464
763
556
933
719
696
106
27
520
504
938
280
954
998
339
468
183
672
921
580
203
940
881
6
846
349
928
816
174
450
530
725
670
6
616
437
729
6
449
245
763
243
90
703
695
996
117
