0954
262
22
533
811
797
462
705
838
338
366
988
156
197
985
190
818
118
587
815
80
799
910
887
539
437
275
174
668
461
36
636
842
933
602
684
444
396
255
283
869
495
307
293
24
239
228
207
913
12
743
589
552
754
549
564
494
195
512
39
453
30
500
794
830
596
66
565
446
489
807
171
978
936
316
730
106
614
875
41
343
928
255
384
1
361
879
880
398
105
449
11
778
330
554
513
898
901
400
51
296
363
238
941
561
956
970
711
153
885
501
491
835
100
965
888
387
790
440
829
723
219
691
303
376
978
228
108
306
44
902
117
141
784
72
183
482
342
836
767
705
85
674
180
769
14
228
662
848
690
297
423
836
847
30
868
646
237
927
913
257
