0955
392
316
399
13
924
33
400
997
323
733
684
365
543
142
161
56
866
127
146
15
665
406
42
976
67
756
700
828
654
102
716
636
34
430
416
905
441
992
466
509
818
622
733
704
696
837
511
681
483
444
77
437
182
183
908
532
52
97
73
841
354
25
960
779
916
51
658
119
478
616
385
322
720
682
957
893
775
527
630
240
724
86
501
74
558
98
397
994
760
618
811
787
251
709
932
209
415
619
83
396
234
463
3
18
187
832
661
142
721
805
367
183
728
145
946
26
829
108
859
355
154
386
553
928
36
116
558
345
485
188
269
316
611
393
851
107
364
188
98
349
156
560
61
451
673
891
815
146
819
704
960
994
402
900
486
201
929
267
92
36
390
919
791
386
476
161
434
807
901
613
355
691
701
709
454
246
117
65
171
767
101
189
241
409
257
808
31
666
391
986
931
21
193
953
219
707
407
240
279
992
77
505
519
845
711
290
21
987
860
250
633
886
309
827
522
798
611
581
452
35
743
33
387
144
810
846
326
50
636
99
512
314
929
220
875
932
196
425
301
97
806
771
953
604
520
134
614
289
548
628
649
355
698
882
672
543
13
386
372
104
139
482
782
177
2
36
759
278
630
713
67
890
368
364
966
309
589
680
444
609
815
933
488
418
809
396
320
280
766
240
145
922
143
873
454
567
693
171
192
774
247
931
664
819
817
648
29
602
127
544
475
408
820
500
45
242
615
259
239
383
312
757
264
300
301
888
144
482
796
815
735
844
258
41
788
607
701
741
76
576
462
