0956
650
55
805
657
114
821
627
670
844
793
134
169
859
663
191
187
76
323
958
864
149
57
3
815
988
235
726
278
825
953
922
572
701
322
780
716
264
387
42
65
375
997
188
244
434
103
826
178
932
598
948
756
687
717
319
889
600
880
224
66
895
307
148
526
19
983
698
741
183
963
10
2
675
531
875
144
264
774
942
291
253
338
760
381
31
116
845
98
789
401
768
634
430
389
786
825
343
355
220
442
631
430
717
543
1000
548
309
425
754
620
574
91
414
854
874
9
529
856
234
920
499
107
441
799
817
643
120
294
134
81
447
166
532
812
673
880
931
859
685
545
991
326
888
608
127
979
60
135
695
320
72
710
890
91
549
770
623
755
134
297
598
596
531
95
855
610
440
469
597
174
883
754
820
445
947
753
688
78
923
401
270
508
275
473
610
767
32
991
548
303
376
773
268
756
780
76
683
999
761
984
791
793
392
700
73
389
944
187
283
72
726
612
480
157
443
20
106
307
585
645
465
108
999
651
55
156
415
238
625
476
227
925
581
959
155
689
114
450
456
331
805
227
118
751
652
125
253
814
791
536
425
142
443
226
287
598
494
143
54
252
240
576
204
223
452
770
183
909
602
275
490
425
2
362
605
845
202
72
895
502
294
332
760
381
23
509
567
731
62
919
460
164
17
876
185
220
730
344
234
278
196
907
415
107
258
711
273
458
52
820
20
432
801
674
882
70
377
162
955
810
806
632
260
779
179
923
554
52
731
722
504
756
564
830
