0957
663
987
973
491
874
156
945
660
860
144
956
971
33
258
837
741
822
263
181
930
729
357
900
163
53
230
225
803
914
949
139
366
963
956
898
673
343
630
513
97
457
532
738
446
129
850
965
661
849
276
596
706
802
793
431
180
976
706
250
803
473
945
618
293
683
427
43
225
786
894
374
302
14
235
716
123
557
197
367
920
231
930
46
73
647
700
272
28
884
431
827
334
48
975
583
130
143
755
948
453
692
381
776
971
89
158
693
980
293
851
47
634
269
54
533
686
901
751
678
290
90
583
844
619
156
521
579
851
187
586
183
939
65
649
15
831
351
474
70
570
244
299
197
210
987
373
486
970
459
245
732
932
880
121
870
934
744
47
577
225
436
10
496
104
520
900
345
322
7
535
932
84
372
851
105
704
265
323
36
657
205
18
370
540
748
318
406
214
445
766
553
801
562
936
232
749
24
851
671
919
722
135
804
454
485
978
969
457
126
250
864
691
875
938
624
433
152
367
542
453
88
634
442
478
377
498
492
514
712
571
523
860
598
729
351
530
52
429
647
529
173
172
561
987
751
947
806
311
830
751
322
765
912
514
1
755
342
595
854
181
592
222
657
761
213
709
383
908
451
306
378
330
30
723
379
18
447
826
263
824
306
433
598
409
323
811
248
350
295
245
666
331
136
757
756
847
286
166
507
371
94
360
986
554
3
367
977
156
267
822
255
231
722
360
953
766
679
750
357
651
930
983
654
879
12
410
828
730
453
138
192
387
718
398
401
565
277
777
730
428
241
170
490
59
163
243
524
132
