0958
382
689
617
266
218
892
272
940
248
811
421
221
806
390
709
588
974
581
914
927
577
216
853
154
142
206
138
6
282
131
942
443
286
354
757
292
173
589
534
940
973
271
791
358
207
722
811
13
718
534
116
7
880
986
565
706
294
770
345
206
470
276
25
908
89
796
540
388
560
889
454
473
375
530
348
255
581
248
785
325
518
225
432
843
769
381
251
926
47
586
84
929
602
432
237
61
736
898
878
540
612
371
440
650
258
825
548
656
92
931
116
952
682
957
103
187
334
620
875
102
546
399
682
667
642
39
578
820
697
701
537
730
140
378
235
681
409
835
629
882
239
170
823
124
123
347
233
313
68
108
263
768
132
538
321
867
19
817
117
837
383
515
40
683
623
315
541
413
