0959
393
481
984
260
221
998
473
78
572
774
757
142
25
241
24
721
918
636
802
66
789
898
365
581
738
813
393
378
191
396
570
575
566
601
493
687
124
189
458
808
364
815
442
507
199
826
724
831
440
239
689
430
890
353
813
986
557
389
583
10
572
952
991
383
107
819
656
712
686
597
306
773
885
709
442
294
482
686
953
878
110
567
505
81
961
817
913
841
257
380
114
828
939
320
325
488
393
474
716
646
314
464
108
489
296
989
786
696
890
8
138
415
176
990
586
49
852
272
788
931
836
409
676
310
255
69
1
963
16
876
556
385
656
683
357
381
200
373
972
46
154
642
672
719
494
602
303
449
575
232
974
10
351
159
777
152
968
133
310
642
488
329
476
378
519
149
700
204
888
881
347
20
184
219
503
725
613
731
403
236
73
813
428
666
76
865
75
303
654
349
455
256
