0960
992
364
678
624
868
840
595
666
608
701
406
145
186
36
887
326
625
160
499
531
234
150
888
730
889
59
340
458
568
493
7
992
623
232
322
759
280
278
844
731
699
723
214
153
612
318
752
191
364
91
211
287
44
328
126
580
771
36
630
768
503
62
702
255
887
894
378
125
124
821
555
61
722
221
592
942
555
999
974
254
153
150
409
711
473
408
310
841
69
536
275
780
918
575
806
403
734
14
822
67
3
115
538
61
951
129
662
728
248
140
186
580
963
138
328
401
300
53
278
394
547
954
434
660
354
85
23
482
248
795
769
89
621
946
294
283
111
919
994
26
841
170
207
186
600
821
540
494
180
97
538
51
332
401
316
80
659
621
591
158
771
951
