0961
108
25
103
581
973
177
633
1
470
191
453
999
212
428
480
261
793
789
243
663
723
928
336
956
154
617
670
892
270
643
595
554
907
696
36
170
442
500
565
184
175
319
528
276
327
200
92
592
487
627
404
984
50
262
923
865
355
527
233
316
489
664
813
68
86
941
402
993
510
945
969
192
219
959
553
964
124
659
395
754
614
42
206
75
671
852
825
144
350
437
233
543
168
710
73
813
84
850
315
728
829
478
362
538
850
708
806
802
344
742
692
173
433
458
76
233
336
28
682
799
475
586
347
613
895
14
882
128
533
313
924
404
319
705
628
753
850
792
989
348
547
69
764
855
100
177
564
883
92
202
848
315
441
326
111
939
300
362
317
2
608
97
182
135
680
887
150
177
76
579
85
129
619
436
735
556
543
182
885
952
692
135
891
821
182
244
924
775
780
96
517
793
868
563
571
701
736
688
276
248
284
620
159
315
884
