0962
684
373
465
706
354
774
919
776
570
306
462
289
906
606
810
555
16
431
114
718
220
126
463
737
816
902
328
708
586
879
9
730
697
248
842
216
620
166
4
116
442
49
848
510
358
553
2
399
733
492
480
334
478
261
68
41
458
32
993
734
868
429
776
193
15
820
442
229
942
582
79
215
186
594
178
751
795
146
86
806
37
755
147
403
646
474
44
515
329
963
367
817
15
672
885
863
838
168
386
293
511
974
155
657
219
919
618
164
689
220
421
792
777
312
538
412
132
398
300
426
87
382
275
420
502
741
469
360
467
950
424
782
475
