0963
455
364
515
857
979
207
394
566
637
474
611
650
668
174
199
917
266
106
648
298
336
387
161
980
192
36
753
867
485
331
924
513
573
556
917
821
784
473
412
111
383
879
202
876
753
612
908
590
887
403
203
798
566
644
979
564
34
708
522
952
533
597
850
985
288
959
876
809
979
449
447
686
839
304
647
18
223
755
683
35
552
955
402
951
82
140
974
461
707
951
558
334
245
467
517
134
221
520
678
897
790
53
753
219
113
393
716
88
838
669
288
416
279
254
203
178
947
608
238
583
317
576
793
966
750
796
688
1000
650
300
480
722
666
499
503
478
857
676
785
914
134
983
468
392
657
775
805
733
11
294
334
604
361
396
531
737
734
99
583
523
25
526
68
998
811
174
888
522
265
808
383
118
330
131
534
266
15
181
892
816
173
716
86
885
307
232
822
612
446
59
101
340
314
859
879
804
687
109
252
184
289
740
126
31
641
588
191
556
780
324
827
66
167
673
548
24
139
669
898
561
656
226
103
704
578
276
382
975
108
398
996
956
606
549
46
835
377
634
385
139
41
995
147
794
873
240
537
137
840
309
815
49
521
188
489
369
653
455
55
285
546
604
875
749
775
835
884
436
216
764
906
710
839
60
518
310
113
239
568
394
914
769
57
645
44
211
946
534
879
399
907
732
718
165
129
392
982
730
522
702
428
399
600
240
133
263
706
578
698
188
699
628
823
7
795
32
155
768
818
989
937
521
90
77
406
147
849
359
644
677
957
985
361
673
253
448
684
495
347
224
402
455
3
922
381
288
967
732
858
469
535
680
128
625
544
490
433
114
860
982
467
466
256
503
531
394
179
205
583
145
790
455
506
171
152
617
641
390
533
286
869
398
750
986
916
71
507
557
34
533
492
708
202
560
173
669
103
28
77
142
263
275
636
987
910
587
396
583
200
713
544
463
392
389
301
613
243
67
505
731
359
613
816
556
619
413
908
478
245
907
275
355
349
250
703
606
437
183
361
307
825
11
874
620
439
928
850
929
509
236
766
189
552
49
702
375
52
798
385
507
762
611
242
849
787
655
22
729
233
438
822
612
263
693
247
786
390
7
688
282
62
