0964
529
308
380
439
880
569
412
47
192
690
879
618
631
497
609
752
659
725
608
603
593
10
388
597
61
58
341
374
848
827
917
393
491
184
460
191
389
614
697
846
635
138
563
57
623
377
777
509
356
935
652
524
443
925
948
396
170
507
624
559
232
424
406
659
81
241
602
604
24
751
295
799
602
654
286
328
223
656
192
297
668
667
90
124
371
396
254
546
292
282
215
126
453
815
924
997
744
8
921
688
194
585
744
199
250
801
123
66
540
201
564
529
110
894
846
138
375
739
76
743
205
962
152
86
920
611
240
534
254
445
202
79
318
191
122
693
511
565
448
11
237
21
261
78
842
908
740
691
483
825
113
243
537
208
333
997
238
527
393
949
231
116
476
