0965
536
224
70
116
264
288
326
44
983
756
338
733
429
556
636
707
905
927
645
357
771
431
50
792
398
963
898
630
693
843
707
512
540
505
57
410
366
848
76
359
43
223
780
825
220
465
375
603
670
905
682
419
974
800
106
253
444
344
511
676
779
391
462
128
645
397
568
485
768
97
755
283
323
329
940
538
576
106
261
802
660
675
366
283
511
412
796
20
489
158
231
440
278
392
140
191
106
671
451
264
439
837
301
332
917
678
87
146
239
275
955
700
149
840
678
681
568
786
779
404
951
460
997
403
509
641
997
482
473
826
61
331
