0966
432
101
539
989
861
582
881
79
63
933
387
182
616
767
983
784
480
161
524
704
660
18
900
796
771
110
312
84
735
362
146
342
352
365
569
366
914
334
150
339
326
908
246
745
754
253
442
267
685
508
864
956
551
527
344
243
916
364
692
467
829
451
3
267
239
980
178
458
897
772
185
773
717
612
329
658
125
816
633
359
678
875
344
524
466
317
161
865
154
878
238
289
856
207
343
882
964
864
294
128
863
894
604
436
989
339
553
807
178
125
464
765
567
203
662
175
691
392
593
932
747
280
487
690
473
998
488
828
736
235
93
593
711
780
814
965
673
50
88
13
748
885
946
614
383
25
752
492
61
143
432
308
938
173
718
30
714
950
382
735
339
649
338
440
806
95
46
390
815
767
502
503
425
742
617
105
23
541
451
560
969
793
