0967
680
548
709
50
992
483
568
881
124
10
815
475
606
247
315
881
781
139
214
728
597
372
221
408
807
58
877
240
989
963
424
230
112
3
760
468
112
676
776
23
938
685
36
517
360
845
1
855
214
211
476
186
395
126
484
210
773
94
528
1000
571
231
866
441
540
254
670
806
514
403
176
404
576
566
290
411
889
493
389
745
690
640
497
992
220
72
297
684
671
655
600
311
240
183
950
687
422
772
915
730
203
373
956
719
845
763
814
654
121
796
128
249
404
559
956
165
337
326
955
135
645
828
596
967
82
158
458
497
636
637
324
372
327
465
501
878
928
425
768
234
184
741
627
937
152
878
362
837
658
67
570
993
