0968
604
643
850
468
973
839
424
419
123
545
750
112
726
41
94
694
195
45
785
713
678
948
224
949
600
777
16
640
588
131
656
265
402
788
45
535
736
882
544
335
322
963
529
885
28
647
715
720
639
979
834
806
563
810
121
386
505
272
226
222
210
599
393
304
396
882
938
61
72
792
174
68
915
773
324
299
265
395
619
662
989
578
494
807
680
540
283
639
530
165
645
660
982
853
541
904
362
332
938
942
17
727
943
596
37
194
966
176
654
840
240
692
965
475
279
558
21
550
739
585
562
224
162
822
180
152
607
338
495
392
803
437
725
374
454
201
395
797
625
335
669
102
36
454
137
313
368
670
70
801
570
545
397
968
882
735
151
449
97
872
655
145
401
996
145
324
122
16
823
733
592
64
128
86
204
792
625
32
475
322
906
97
441
11
925
730
815
684
625
987
900
443
255
985
362
413
690
292
571
336
619
81
305
927
49
706
33
963
651
343
471
424
463
410
264
184
251
678
741
906
943
25
179
819
570
158
614
739
873
68
780
522
683
479
231
288
725
409
231
406
231
464
522
326
341
832
29
533
950
778
329
693
106
411
