0969
946
653
884
353
866
934
662
235
960
434
447
990
401
294
386
349
48
842
893
102
486
714
895
391
481
612
380
389
639
245
483
621
755
694
140
252
62
854
691
655
492
818
295
258
987
667
658
691
165
698
99
885
404
283
401
371
128
478
325
678
524
329
474
363
590
994
795
661
855
704
309
181
31
968
494
360
806
783
120
888
853
863
24
375
357
600
618
407
225
551
662
470
581
135
921
404
646
623
262
545
172
981
540
433
441
537
281
203
459
644
875
32
186
989
168
542
241
441
856
99
994
492
567
860
349
374
243
496
769
228
605
686
497
973
939
581
