0970
723
945
431
166
110
781
202
500
741
767
982
805
292
487
734
242
61
58
724
975
413
604
385
900
971
75
767
584
728
320
642
498
639
537
437
680
770
412
68
709
882
79
920
572
312
627
559
96
122
847
262
182
32
467
861
508
592
348
29
753
85
393
752
43
837
458
607
90
57
790
127
66
336
424
943
686
336
351
413
399
778
399
594
842
301
10
536
595
132
70
914
648
344
276
842
17
636
575
440
465
118
756
770
369
668
409
556
576
510
332
106
215
82
504
966
367
95
247
155
805
200
821
830
688
565
938
640
973
956
534
498
543
968
346
656
257
310
437
621
600
867
38
495
859
494
857
462
187
300
41
147
890
537
259
361
750
385
373
967
47
892
215
954
18
553
447
497
983
