0971
772
184
395
161
383
764
188
77
472
878
539
604
73
660
859
682
864
740
788
248
89
151
26
692
714
800
79
935
943
44
141
729
490
359
495
539
973
587
853
401
403
678
220
595
354
58
80
662
774
691
262
373
79
127
691
25
634
107
345
452
884
926
694
313
319
856
171
911
502
220
594
954
644
547
242
385
249
228
999
899
322
451
84
609
314
193
939
72
846
881
821
228
682
109
600
296
629
287
62
112
725
161
46
604
732
579
935
774
592
730
240
927
36
360
786
117
308
587
792
891
119
324
881
304
94
609
640
696
340
690
201
264
2
774
517
317
394
250
681
133
846
185
853
514
377
392
47
762
787
695
605
179
335
699
417
412
803
611
464
876
960
606
930
115
630
687
925
419
339
266
435
681
288
769
294
369
394
38
285
347
611
613
813
975
203
21
853
532
73
211
165
531
157
413
291
511
12
966
732
401
13
568
290
501
259
873
418
156
733
7
292
926
666
281
797
81
623
954
247
119
504
310
980
865
890
59
359
466
65
313
290
44
412
348
174
512
431
538
101
694
83
582
941
85
177
345
557
809
953
721
166
