0972
90
989
365
380
710
111
704
213
198
731
402
675
686
127
258
672
225
996
386
795
452
630
150
599
465
458
869
462
11
937
798
716
167
688
711
409
656
775
4
46
925
5
330
220
466
360
479
868
970
132
290
671
25
714
904
88
200
813
307
301
927
511
354
3
884
820
591
440
728
97
249
639
927
702
897
721
200
319
586
551
803
36
894
433
754
918
636
672
429
300
180
808
813
998
207
497
695
892
384
547
144
148
307
751
988
312
814
366
661
800
17
183
619
977
952
502
60
726
164
341
334
630
145
713
340
933
782
929
505
381
247
889
409
240
130
89
54
55
355
515
899
604
364
314
841
985
266
623
73
182
133
193
99
27
351
209
13
308
76
673
3
517
141
651
662
83
289
248
68
12
851
686
882
549
374
168
39
644
615
9
777
942
940
1
301
108
896
32
