0973
800
223
775
971
88
879
480
177
65
856
68
844
635
985
628
415
801
108
194
539
535
146
343
102
255
854
13
125
781
359
175
122
551
142
971
742
545
715
683
510
650
454
297
40
972
427
714
90
445
804
558
518
542
703
196
636
510
338
447
823
551
646
52
651
856
779
596
271
857
517
670
352
768
177
183
450
927
864
328
425
96
198
347
72
113
495
785
377
152
480
560
613
75
608
28
956
559
953
404
899
317
149
829
835
5
351
33
667
203
677
843
121
85
810
57
6
37
836
517
209
436
120
29
213
569
887
775
241
69
996
372
512
930
499
692
891
647
12
288
53
767
456
413
313
676
569
782
344
848
363
419
645
464
444
609
401
451
991
193
76
49
630
56
640
565
860
212
895
134
532
140
681
115
814
292
411
107
370
