0974
946
855
88
278
979
496
603
980
718
233
237
966
95
187
255
395
42
641
993
422
911
134
439
49
515
3
634
335
223
506
171
260
77
544
424
379
149
929
488
770
844
40
718
724
403
293
242
246
171
777
894
322
946
124
562
750
197
721
664
222
243
930
508
572
272
743
803
218
110
436
447
768
564
342
708
148
401
216
848
25
570
669
271
389
398
197
143
228
773
343
208
901
265
766
117
887
411
689
60
837
261
398
341
24
843
877
909
796
691
847
277
820
191
200
115
965
798
378
478
250
955
168
359
207
865
917
767
847
192
612
383
943
309
51
473
393
864
84
42
517
41
724
84
36
423
905
867
558
328
589
85
854
643
922
137
579
566
598
769
181
316
190
205
151
706
828
769
51
303
91
394
295
306
794
523
605
626
930
141
158
775
778
541
313
221
40
246
40
789
214
974
64
47
22
492
944
908
725
431
314
924
398
62
349
570
879
740
940
636
860
722
519
752
375
299
893
419
736
366
521
337
599
111
161
343
442
829
371
699
955
511
395
440
220
24
708
942
911
35
495
514
954
230
274
132
708
162
218
842
186
31
293
601
909
744
410
64
697
110
807
881
736
251
222
832
356
716
507
985
875
697
408
718
754
138
317
211
696
337
236
93
117
260
12
549
764
794
442
344
320
401
605
720
534
10
446
532
896
321
57
650
679
169
639
730
261
223
395
273
122
760
414
296
903
368
469
910
714
113
557
675
117
864
212
646
239
303
202
308
148
2
492
951
434
124
876
607
571
597
289
88
617
849
842
331
847
593
4
666
351
409
253
365
109
710
573
607
337
423
510
518
554
560
41
243
738
530
354
5
514
610
63
106
716
913
22
171
54
414
27
201
305
729
843
465
217
649
133
813
523
290
661
59
312
860
260
21
615
266
761
473
137
562
47
753
668
863
179
259
626
578
82
541
912
80
772
365
743
505
481
555
330
564
845
696
885
835
504
946
201
359
825
286
33
61
445
28
520
36
362
330
813
39
502
790
