0975
679
482
449
230
657
542
947
906
876
198
309
320
236
198
452
785
541
143
219
823
637
504
103
540
835
757
473
262
974
713
465
461
275
469
266
519
83
678
526
365
30
3
487
793
523
228
143
699
174
746
169
97
501
822
111
878
622
30
239
672
922
70
919
245
247
404
883
43
994
96
778
665
837
601
128
833
854
779
200
375
471
372
689
522
245
535
826
687
614
798
596
254
247
779
23
700
199
579
810
973
477
215
891
741
182
665
79
785
499
369
840
315
189
610
71
516
359
639
233
722
752
210
156
392
251
726
680
478
985
543
257
546
276
245
401
65
1
48
328
258
318
650
64
407
328
767
481
490
496
984
25
878
350
442
485
720
262
4
975
103
578
757
929
765
519
