0976
120
800
24
749
718
471
15
390
948
54
242
236
151
992
294
334
882
976
707
949
915
610
972
159
703
891
221
760
847
781
929
969
841
90
661
927
361
934
782
409
514
692
363
150
787
108
165
560
338
368
247
607
585
763
274
407
940
155
544
649
309
433
645
202
725
578
199
106
711
356
530
612
371
629
617
781
898
735
403
891
239
341
931
439
947
101
883
388
369
392
946
844
739
819
867
620
560
79
877
861
730
385
35
786
568
626
977
429
641
631
312
464
838
506
666
601
80
907
835
546
404
144
104
201
438
226
381
308
614
714
810
593
584
856
362
894
139
833
989
139
829
411
324
420
547
205
398
119
560
529
98
538
842
599
206
669
216
404
972
513
953
982
649
227
319
926
292
568
269
78
23
297
654
3
914
160
492
454
548
93
938
831
580
232
99
637
482
769
203
701
422
210
729
911
701
449
