0977
894
629
360
602
354
529
360
649
945
908
323
674
524
173
804
656
551
24
785
716
344
963
736
921
650
477
555
224
381
254
954
817
207
137
985
830
449
756
130
851
961
225
31
747
996
440
721
511
859
720
284
722
748
221
788
996
976
449
827
9
120
37
263
264
224
144
498
530
407
88
745
994
468
985
752
10
999
399
840
508
39
897
360
657
463
54
763
556
509
836
613
1000
222
391
456
631
621
951
635
824
161
935
732
159
310
7
403
143
262
290
829
941
116
793
252
305
78
600
86
800
456
948
270
530
471
763
171
976
