0978
125
824
129
67
837
448
26
921
741
486
768
322
650
216
56
320
808
460
503
999
349
589
452
818
529
637
515
245
766
401
433
189
384
568
700
259
303
849
626
545
361
826
868
832
697
285
367
961
731
433
50
468
489
257
596
731
306
566
203
720
193
59
864
1000
383
56
730
74
897
990
861
684
79
110
147
182
203
182
251
8
26
894
30
158
477
321
104
897
370
828
392
187
415
167
153
706
576
13
584
299
628
483
90
6
543
418
365
109
556
129
130
565
167
69
35
72
67
585
975
718
651
109
680
303
593
791
125
535
47
445
677
611
898
280
696
426
426
965
763
894
777
319
504
439
89
173
559
603
879
719
928
289
343
67
784
501
892
845
840
463
260
465
605
58
480
142
236
869
878
57
297
850
570
29
602
6
899
439
530
285
319
906
629
912
66
702
606
768
328
445
377
916
521
455
422
814
801
929
255
285
517
620
515
222
330
353
459
784
336
636
653
716
906
408
608
277
6
476
594
190
319
270
1000
739
874
302
602
546
728
607
896
184
973
310
390
405
669
573
558
891
24
298
450
677
870
299
42
339
968
706
145
41
962
626
388
965
249
660
802
434
583
470
347
132
423
