0979
575
77
989
308
193
778
294
147
130
727
469
857
541
484
281
427
67
22
187
1000
695
164
10
955
519
67
791
240
424
427
892
483
576
585
783
280
807
629
87
271
722
549
186
753
915
993
41
356
463
842
446
215
47
945
413
910
854
123
24
251
146
472
599
998
529
324
115
315
490
276
653
40
158
16
642
724
53
945
321
985
115
423
918
799
891
232
361
66
327
701
142
104
214
265
499
199
161
845
727
401
406
268
517
366
750
294
413
184
677
258
622
297
974
885
148
47
331
462
135
227
532
462
775
963
591
204
871
68
253
485
148
940
547
229
798
457
14
926
235
811
861
291
323
61
631
757
734
627
57
189
428
117
587
446
916
362
762
528
407
975
335
17
960
239
62
402
831
103
513
284
234
94
67
807
576
844
389
817
107
713
