0980
819
115
896
211
359
213
202
484
534
994
981
762
556
784
822
300
572
238
147
925
312
864
463
275
288
924
829
819
751
19
426
747
284
686
263
228
480
236
556
232
30
658
113
278
281
105
254
375
763
603
579
815
253
391
325
137
875
927
727
155
750
264
624
477
125
337
124
696
242
472
153
328
390
362
986
530
740
988
380
142
110
181
803
27
808
569
530
664
284
18
869
216
346
871
839
549
889
722
982
653
865
311
590
481
550
284
963
330
919
23
622
850
373
563
777
807
430
613
560
914
781
29
734
328
434
190
10
775
21
713
277
703
399
302
179
998
434
207
555
52
811
838
965
765
617
441
82
782
541
238
954
348
895
313
625
467
325
888
494
523
866
52
998
212
514
138
691
450
445
704
621
669
268
933
432
65
16
623
284
274
201
396
467
596
231
273
625
443
326
979
841
312
612
330
622
513
303
947
6
828
233
746
583
455
535
618
469
773
113
733
759
898
359
884
366
861
470
486
974
561
795
90
245
699
719
588
632
230
594
205
105
169
357
67
677
153
663
297
71
969
533
686
532
973
135
304
12
872
639
853
681
774
114
16
635
872
393
654
693
896
585
923
889
548
454
450
698
32
935
817
214
105
698
760
511
700
709
74
799
686
944
298
95
428
791
531
605
711
987
957
233
790
966
948
581
485
157
574
906
237
16
891
630
597
80
31
845
410
118
731
884
758
117
598
848
412
581
455
782
653
636
64
619
462
795
130
466
573
425
278
3
154
585
248
30
821
494
454
932
419
536
632
7
893
562
871
380
829
621
495
974
993
248
978
591
840
782
953
907
934
385
163
132
722
955
423
181
483
976
156
401
26
648
873
71
149
727
246
942
491
895
191
728
317
53
810
878
820
682
145
689
929
131
508
915
106
840
850
207
745
429
255
402
563
779
84
130
382
573
44
38
923
90
834
710
475
159
525
659
854
916
338
330
532
931
132
842
436
537
676
145
556
741
368
248
343
137
991
664
945
716
267
94
838
842
515
909
619
675
661
342
205
18
182
323
553
699
880
301
452
180
571
688
646
352
746
503
562
178
840
266
119
89
695
371
48
377
911
979
656
679
870
413
887
226
31
639
736
444
388
63
330
520
741
224
386
415
309
444
