0981
850
877
572
283
404
806
874
646
597
124
66
433
529
584
208
344
35
949
84
280
901
705
248
233
304
996
3
238
437
201
341
917
256
190
600
655
864
897
223
629
362
43
527
576
291
288
497
163
885
778
95
636
653
404
515
349
566
464
988
837
131
356
777
257
476
336
73
819
455
16
848
894
176
170
744
695
3
614
580
618
229
677
866
981
289
695
630
817
202
793
399
878
900
750
453
513
662
118
318
544
567
670
424
163
473
76
462
865
430
969
755
487
487
397
494
622
434
279
109
977
175
760
125
311
394
546
54
72
204
687
528
681
244
189
262
44
181
828
529
437
511
145
356
407
88
992
292
241
499
102
65
6
745
973
355
53
703
427
220
598
755
895
960
168
645
526
569
308
163
35
808
172
785
39
317
984
149
642
140
25
777
223
862
563
986
257
435
303
967
149
235
671
442
494
645
847
493
558
502
711
740
184
686
59
791
388
69
287
895
12
160
275
204
382
319
623
209
340
16
439
213
503
47
332
522
184
721
928
146
977
424
90
574
251
872
93
449
729
90
620
290
900
607
698
282
81
908
286
753
478
262
633
66
384
975
754
305
633
806
363
859
927
140
743
520
248
40
200
319
763
329
398
511
659
433
861
26
942
799
380
72
857
923
167
639
726
948
859
669
943
50
392
908
984
282
629
265
126
339
162
318
701
909
26
170
280
888
875
541
628
258
557
206
143
304
888
990
807
746
193
803
68
205
730
999
161
124
598
424
812
858
94
409
752
147
189
788
816
407
428
833
749
481
159
912
464
940
548
572
339
67
82
175
521
502
655
764
956
515
779
398
150
671
103
390
578
741
381
299
612
480
422
587
248
132
21
45
541
290
896
467
393
267
454
499
682
717
665
202
624
879
70
772
278
896
596
37
299
789
823
399
122
887
125
936
75
942
654
655
568
612
269
888
901
331
823
288
488
822
411
668
822
974
728
599
4
714
547
