0982
786
278
235
348
163
926
946
243
686
853
202
635
840
800
170
793
94
162
320
474
179
299
105
546
800
206
793
487
587
970
737
329
988
933
841
648
186
446
679
406
970
148
580
928
189
680
115
530
741
409
777
566
989
324
430
714
270
271
494
721
78
792
342
183
410
198
659
368
825
654
497
44
668
936
213
297
527
550
853
480
643
234
315
912
948
377
820
311
419
859
58
629
170
239
779
895
710
487
695
279
821
608
388
912
329
731
108
197
991
378
407
8
963
759
693
690
531
930
924
692
722
958
139
212
127
608
326
681
298
273
163
63
586
556
94
568
213
833
431
87
203
510
478
103
800
24
552
718
768
750
746
730
466
74
60
839
675
200
411
595
156
364
570
63
826
663
151
407
930
827
60
727
772
144
305
956
143
751
968
961
134
990
586
224
57
568
919
274
869
922
171
164
707
378
725
210
123
829
44
354
625
35
653
584
149
218
848
751
780
804
371
566
787
371
200
333
203
465
7
122
4
904
962
852
339
442
535
796
820
163
837
840
28
737
981
465
13
338
629
632
835
170
139
742
234
247
837
869
881
258
721
701
600
973
957
265
721
853
6
483
591
84
856
724
860
617
38
109
357
784
609
698
241
68
283
841
394
854
372
572
848
498
743
4
58
968
573
105
202
273
682
102
391
959
14
121
812
966
643
305
35
928
48
142
981
125
720
548
526
17
563
895
849
606
608
494
753
393
773
876
973
25
989
126
112
988
544
448
390
387
965
868
800
125
250
865
898
58
672
528
640
381
698
546
112
967
210
649
889
418
994
658
55
755
763
355
880
646
9
178
90
803
450
631
69
753
471
47
662
512
876
916
250
701
603
68
119
270
682
756
53
230
428
299
173
889
212
288
436
326
671
245
982
369
480
5
359
320
418
178
19
723
291
129
864
741
696
558
773
363
698
108
365
563
317
455
635
678
129
373
568
531
288
961
290
960
142
784
894
817
296
41
395
425
86
183
750
616
720
373
67
535
988
72
214
997
820
86
342
300
799
895
248
668
583
27
654
632
818
480
605
998
357
578
866
988
432
190
438
453
49
86
924
999
514
192
489
534
658
683
139
119
982
696
618
676
661
602
570
618
582
91
