0983
72
734
450
951
261
559
213
816
89
98
961
752
488
854
61
321
255
493
775
465
247
72
831
416
493
386
74
842
81
216
531
634
842
160
456
714
395
944
822
464
988
831
37
308
828
958
887
772
408
330
547
834
622
333
799
95
142
180
152
209
704
491
749
284
57
643
153
279
941
55
666
355
564
741
960
492
212
772
635
899
634
328
689
218
462
456
678
358
388
980
965
612
342
542
429
340
322
407
694
874
763
177
771
973
548
342
933
123
748
694
775
42
201
295
204
212
960
341
447
608
219
91
344
808
1
567
761
163
560
871
134
713
688
369
743
154
760
992
89
227
583
394
729
477
901
561
735
413
938
308
958
710
524
85
244
180
333
648
923
509
990
638
272
307
15
864
667
221
382
234
424
418
464
590
589
519
804
637
830
