0984
717
957
803
902
711
254
40
842
260
96
865
209
377
571
841
934
161
572
198
253
644
863
541
217
262
609
442
906
581
489
877
340
943
479
880
411
83
610
256
560
82
608
768
922
438
916
508
35
465
766
159
709
353
742
439
507
469
82
866
82
868
957
952
269
499
946
690
21
392
537
97
516
596
286
581
507
289
111
571
301
560
432
943
614
381
35
260
909
305
513
124
599
435
388
169
551
210
278
952
436
607
612
2
44
2
867
490
678
953
960
774
958
640
934
471
401
168
871
619
262
104
197
247
808
934
153
416
929
47
206
574
21
450
768
455
237
693
630
782
542
751
72
7
121
154
449
273
564
864
52
374
160
644
100
143
246
492
976
176
31
15
284
462
133
446
375
529
967
359
849
130
652
418
633
862
287
638
556
98
103
211
835
879
71
791
722
231
998
458
361
900
305
503
491
310
924
932
440
67
223
463
335
735
582
158
871
697
362
194
790
82
772
574
317
519
890
442
707
409
898
259
912
757
603
591
542
584
802
776
932
741
132
111
931
941
607
959
7
996
937
694
912
208
835
328
634
290
683
647
490
108
681
25
843
561
607
84
183
832
827
604
85
49
931
985
966
460
835
548
321
833
715
862
356
259
339
257
641
134
696
122
404
907
989
858
344
129
843
680
655
552
654
872
636
320
105
544
123
46
644
888
257
839
73
512
882
602
662
471
678
803
670
242
607
415
794
734
178
657
401
108
476
661
572
735
8
979
705
662
172
916
481
330
439
128
273
107
24
120
248
416
470
963
379
643
228
667
471
548
612
455
837
481
418
160
719
404
31
814
354
