0985
388
800
786
773
61
474
348
918
865
969
946
8
545
146
967
506
664
442
80
349
581
179
933
247
9
779
724
970
706
114
663
762
481
801
233
598
750
605
36
265
933
779
201
956
950
420
567
333
493
164
700
759
986
765
484
179
359
540
595
161
691
541
400
620
259
514
381
307
170
391
629
218
817
650
927
308
835
77
57
512
175
436
736
95
734
632
323
249
344
221
275
149
651
26
734
224
987
122
468
991
684
760
491
296
564
263
977
799
554
396
895
530
560
782
547
607
507
241
904
655
257
322
828
207
638
510
825
602
589
648
604
476
325
236
691
608
121
914
160
620
846
376
289
317
359
