0986
698
182
823
927
711
868
572
689
931
464
360
932
541
970
653
979
234
642
954
429
568
443
597
764
180
67
339
275
330
674
772
853
661
442
780
300
542
300
835
258
192
590
910
900
873
861
255
768
471
493
548
206
434
439
321
588
991
970
497
794
181
876
118
736
23
508
316
484
836
177
745
512
476
374
394
232
740
229
536
22
48
231
756
579
779
69
188
241
420
66
445
360
601
645
619
785
536
828
316
335
419
205
403
150
743
471
314
496
209
338
25
654
725
928
85
922
889
897
473
672
704
754
394
203
334
750
405
902
820
104
949
832
25
798
9
167
916
88
95
379
882
842
993
10
8
31
771
784
176
390
574
474
277
817
124
741
218
479
505
881
508
598
344
37
586
993
857
866
405
342
910
935
37
413
421
658
306
488
257
880
214
201
103
322
95
461
327
138
749
57
432
711
839
899
709
731
2
12
99
60
688
138
205
324
344
190
17
350
398
212
100
875
270
57
585
36
258
765
441
862
496
205
532
570
822
908
263
82
973
644
477
354
221
78
747
182
236
925
524
132
954
568
898
352
318
90
409
265
737
965
514
608
638
583
377
469
714
707
25
355
332
750
928
717
66
968
234
879
837
730
