0987
62
186
98
392
934
994
234
515
924
706
72
559
214
934
957
245
931
181
539
618
523
644
989
53
167
328
326
140
424
371
327
87
945
895
848
165
999
768
672
903
222
933
747
217
387
884
385
627
632
673
430
54
258
851
320
186
346
876
296
139
571
495
404
25
846
819
590
10
863
484
68
738
700
649
965
27
470
994
576
64
215
319
668
201
756
680
805
25
288
674
150
647
439
958
797
492
718
131
700
301
952
573
720
839
386
135
171
554
537
541
485
666
119
870
641
382
475
794
960
872
667
25
836
176
184
747
103
684
325
243
824
335
407
294
630
361
208
674
165
269
804
444
331
699
223
396
280
281
513
224
218
860
791
65
269
461
396
107
231
428
250
36
440
996
448
183
911
905
226
829
66
460
452
454
512
903
97
576
592
479
406
767
54
841
376
255
403
274
592
134
79
889
927
47
647
329
510
115
536
625
428
415
172
88
55
398
808
792
653
647
347
789
458
631
947
73
227
593
945
770
811
668
241
683
354
974
263
446
51
356
836
86
744
184
327
751
929
209
429
490
581
844
724
887
310
266
111
351
472
540
938
289
847
956
994
138
201
680
41
153
524
931
422
59
242
845
649
553
878
506
993
244
627
273
100
467
662
746
422
6
310
833
296
772
921
964
632
628
944
327
318
237
23
987
42
413
642
863
672
964
805
1
91
661
368
364
4
279
671
159
894
317
80
813
912
241
688
289
780
600
479
411
594
964
560
172
957
107
114
779
547
638
374
899
61
420
112
388
252
449
460
58
579
270
388
915
988
320
738
951
819
13
378
7
501
155
634
75
984
411
259
237
252
930
269
803
34
621
626
457
385
674
111
315
898
6
391
357
459
858
460
438
24
562
589
232
989
358
378
315
338
770
321
901
