0988
673
42
594
136
525
366
700
365
1000
678
445
664
479
737
836
737
757
785
786
761
307
180
32
659
308
565
842
912
667
330
256
285
955
569
541
253
758
189
537
372
452
788
774
745
375
357
950
624
283
309
994
761
952
108
681
589
25
746
488
344
703
760
337
635
47
578
851
100
640
659
390
873
512
331
401
187
22
655
153
839
925
595
860
842
681
199
372
687
125
75
719
560
249
635
134
112
813
381
917
286
746
145
400
926
858
285
260
878
929
29
105
434
344
652
687
310
841
613
969
84
804
299
903
503
869
41
775
133
56
288
571
828
829
385
196
162
906
704
578
674
6
106
388
22
631
356
119
374
13
704
110
368
449
966
436
993
273
637
465
619
769
849
764
626
757
663
11
391
204
898
604
458
42
193
437
557
139
742
766
300
484
598
739
526
294
887
855
884
519
920
373
154
425
952
381
842
395
864
434
939
937
398
313
56
904
546
