0989
272
303
205
169
350
305
891
216
447
751
152
249
970
590
567
537
149
999
154
450
148
430
904
470
540
800
334
464
218
675
355
660
960
906
43
739
462
543
142
132
154
976
288
101
1000
985
963
927
360
424
837
844
47
878
460
725
36
338
242
558
537
561
746
674
592
871
3
343
94
231
162
397
447
503
24
919
440
431
752
963
83
567
275
829
121
765
897
405
617
709
191
133
438
894
648
96
501
124
636
920
391
28
604
57
83
34
421
382
678
114
71
380
442
239
184
184
639
595
971
240
607
638
998
574
913
211
480
210
318
253
647
237
606
317
952
294
613
803
270
627
518
957
225
929
932
990
625
656
795
917
14
456
947
597
123
706
710
382
414
719
795
219
165
621
174
600
328
644
817
447
858
233
660
618
58
531
155
163
115
182
813
624
840
