0990
236
372
630
599
292
677
311
704
812
824
617
158
677
447
672
628
572
144
316
638
158
198
262
717
59
967
875
551
141
924
434
441
848
484
464
840
820
121
338
727
939
507
357
208
382
171
164
670
660
87
564
167
249
273
483
715
57
654
182
604
924
159
328
632
793
691
789
189
566
276
57
867
817
799
205
185
151
429
428
407
463
934
374
856
5
835
442
492
322
676
359
535
838
844
76
858
237
539
910
362
91
655
965
334
624
212
209
105
421
265
381
838
866
134
294
382
814
274
578
359
674
859
143
944
856
148
690
168
613
77
552
113
757
67
530
643
466
570
63
703
75
182
480
545
180
330
306
863
753
551
714
154
113
604
324
809
67
874
77
710
954
419
914
527
927
637
239
310
811
272
214
586
577
12
80
477
63
807
290
402
888
738
463
217
629
115
447
859
261
270
570
367
614
268
227
156
521
35
174
819
269
366
700
143
747
688
345
648
674
610
443
860
32
56
196
