0991
507
576
842
569
466
834
373
896
991
60
665
603
909
463
868
426
137
798
196
549
766
389
914
274
677
841
788
962
832
815
289
407
836
965
842
296
783
935
752
544
424
776
23
677
497
744
657
914
551
838
142
298
137
854
92
653
938
904
916
356
176
214
584
575
681
12
439
804
690
435
834
275
540
523
247
991
60
373
135
294
983
485
372
576
434
88
539
736
695
16
969
724
532
423
431
796
141
585
221
599
435
471
324
362
112
504
877
734
339
210
424
258
143
570
228
525
16
599
802
270
2
479
683
238
665
274
383
298
126
29
610
266
728
867
609
960
764
23
630
435
469
346
32
67
956
493
574
767
774
462
561
849
254
132
383
440
391
171
749
273
389
928
280
861
214
875
176
614
359
358
18
658
770
73
494
270
798
793
803
970
599
516
960
750
526
484
87
754
360
54
458
2
816
647
141
453
116
709
63
312
591
918
646
469
912
815
952
890
557
574
220
587
474
134
898
317
535
139
334
897
770
995
434
634
612
422
195
424
330
410
474
796
684
81
621
503
77
81
110
188
159
16
685
260
527
267
389
416
884
566
627
87
867
178
822
167
430
72
322
917
226
826
896
168
762
387
529
272
650
420
547
469
172
253
784
222
240
301
676
398
179
177
703
69
344
964
664
445
216
730
534
953
192
999
1000
932
824
226
832
317
225
726
565
874
580
441
599
92
789
995
772
162
423
41
775
782
688
301
880
6
41
792
932
69
732
20
697
785
785
390
77
694
98
351
154
495
819
641
193
206
715
844
440
623
816
420
943
513
392
126
315
238
433
744
327
70
50
78
570
545
206
785
897
709
518
774
53
251
857
902
825
570
140
977
701
482
424
183
399
857
542
346
614
272
555
285
107
436
325
968
869
222
707
141
457
384
305
621
198
605
366
629
886
486
448
138
875
591
91
262
950
542
688
84
512
296
222
374
799
531
24
914
541
125
826
724
686
981
747
13
596
387
995
442
934
21
427
482
674
529
456
488
280
37
246
821
