0992
79
434
685
761
633
12
881
210
570
199
159
241
110
925
139
841
36
280
253
665
742
320
748
955
678
410
636
973
348
646
311
67
927
147
209
989
796
57
821
536
643
245
763
799
641
71
865
723
460
408
725
446
373
403
575
598
882
678
324
970
135
416
560
366
546
149
583
513
61
216
339
264
981
765
872
598
405
449
927
17
287
444
216
29
795
447
206
812
810
345
569
650
920
231
384
71
185
48
318
567
893
83
92
379
230
969
652
855
914
899
270
659
797
384
408
169
508
323
743
87
941
317
192
855
47
447
84
621
739
602
966
673
16
473
323
