0993
475
127
421
939
890
902
498
685
630
823
971
193
742
225
460
328
469
531
73
586
665
248
899
828
231
155
650
277
557
610
906
299
793
826
73
647
924
742
611
222
692
600
223
816
486
619
608
495
681
410
784
255
400
755
28
106
767
100
481
516
676
615
385
352
739
481
427
721
131
281
257
768
690
833
629
11
320
259
27
14
399
518
982
386
720
268
378
170
403
276
91
81
420
182
305
702
241
458
392
803
852
857
914
407
548
554
471
411
651
99
204
723
45
105
242
528
36
858
292
860
434
836
404
524
284
729
461
763
474
356
855
684
984
32
744
3
770
869
832
88
544
40
20
92
655
452
785
875
195
232
863
529
871
60
537
977
465
279
666
437
404
829
315
694
185
831
717
444
84
332
502
566
201
271
665
393
655
301
643
178
284
139
580
279
109
830
752
