0994
390
454
513
981
769
960
247
135
396
419
103
69
74
423
277
189
283
314
836
672
232
92
138
638
563
847
659
230
225
341
416
628
911
161
544
360
308
802
67
862
843
425
217
542
865
284
650
489
180
604
272
804
435
903
654
58
856
21
596
577
582
430
507
819
340
139
840
616
934
999
28
917
287
258
81
44
850
646
562
606
167
760
586
336
370
380
731
395
808
223
272
145
333
704
700
407
279
58
543
671
498
561
163
653
529
919
755
814
275
460
230
396
488
179
996
472
810
268
753
924
966
56
485
44
362
472
634
692
929
364
422
542
944
283
614
594
697
27
11
423
109
197
802
86
799
562
600
627
194
209
696
585
794
660
872
34
474
955
42
537
138
781
952
875
601
766
677
590
210
957
633
716
981
900
684
964
560
932
257
337
315
142
851
457
711
72
884
496
336
682
373
934
947
498
245
627
434
478
678
783
753
839
814
257
61
546
322
298
592
816
545
389
539
304
257
225
157
310
188
193
723
759
585
545
529
621
836
643
99
707
300
691
319
275
412
334
750
846
440
682
315
942
931
238
599
162
983
156
737
558
586
767
79
846
478
866
990
941
386
642
328
950
199
837
116
245
655
264
15
293
389
183
469
22
870
211
336
725
814
565
587
649
646
393
982
935
627
699
786
400
893
996
681
141
792
349
367
42
813
477
728
803
328
579
196
955
759
564
283
758
561
839
444
195
440
639
491
264
305
485
715
61
684
915
157
825
867
185
409
544
881
557
745
87
508
346
209
222
980
