0995
716
443
3
332
266
375
92
183
522
294
934
256
511
38
679
155
5
805
565
841
677
579
481
62
456
843
435
223
68
293
652
329
962
411
918
505
495
742
571
719
833
241
250
240
387
871
402
83
809
593
52
76
977
825
267
10
506
118
960
5
361
16
327
423
272
309
557
268
710
525
329
489
63
88
729
501
199
290
850
129
315
991
448
455
194
664
284
441
689
921
240
263
762
107
645
556
704
82
531
117
62
952
371
378
293
423
701
906
876
743
586
978
454
663
143
55
610
117
324
375
389
774
415
955
598
719
960
556
765
607
4
320
79
461
549
373
311
498
560
93
744
448
63
60
267
163
446
604
757
886
986
174
783
199
879
209
621
212
384
310
1
203
968
174
973
426
4
685
330
225
468
793
362
88
336
546
920
989
589
508
286
666
359
940
319
118
622
986
289
376
707
787
817
15
218
