0996
399
324
921
617
896
954
594
138
662
516
707
875
917
762
285
16
95
598
595
300
696
701
423
639
396
865
585
949
696
265
945
477
570
174
263
404
275
83
877
888
868
299
123
665
232
866
487
783
802
924
139
508
323
925
983
16
643
484
404
590
133
37
71
360
10
997
844
527
427
920
559
735
629
3
673
624
254
395
35
3
75
229
187
401
378
868
446
106
141
60
154
812
661
715
67
233
442
308
698
463
527
832
953
6
704
872
475
909
191
353
608
446
847
93
17
680
259
182
666
570
890
645
637
59
470
570
807
935
664
995
92
276
456
368
258
370
511
681
801
842
340
396
248
646
726
338
336
156
119
683
564
25
204
996
858
50
895
115
22
577
184
511
994
614
441
416
645
310
874
564
558
635
821
996
679
864
422
98
460
725
187
122
72
78
213
862
12
484
756
723
17
20
183
588
968
193
919
30
384
181
426
750
612
588
502
27
411
492
541
978
375
840
110
548
28
529
577
293
848
15
177
235
639
178
379
19
623
787
886
181
340
949
214
176
451
546
648
723
507
118
110
317
199
119
526
235
163
65
24
38
288
473
154
278
745
749
501
570
751
822
413
845
231
243
724
363
902
798
204
490
756
792
663
787
615
906
610
324
460
842
344
888
470
571
373
78
270
160
490
399
885
298
833
243
53
206
53
108
471
849
790
143
29
397
763
840
570
320
199
585
236
270
832
638
607
961
552
165
367
459
752
57
557
341
858
218
546
683
422
501
39
870
567
233
854
704
557
495
512
710
348
340
966
395
596
646
765
725
976
289
109
755
957
606
495
172
360
247
744
616
99
272
441
317
974
167
548
173
21
469
279
385
741
412
661
820
21
974
800
985
393
700
184
898
738
217
387
214
552
572
746
481
295
386
798
784
14
592
728
814
864
938
450
290
474
815
245
845
151
89
482
605
573
633
603
807
87
807
526
389
431
863
184
774
698
860
129
662
79
426
316
718
54
193
429
