0997
284
353
565
137
380
915
708
182
75
346
975
64
12
774
314
35
136
570
823
767
203
519
219
688
276
611
785
653
391
387
692
672
69
221
886
355
57
3
487
653
953
72
673
689
61
218
374
161
461
43
468
481
549
686
14
202
877
942
231
29
989
582
172
232
319
39
352
121
906
481
869
226
507
264
546
171
355
719
902
73
29
189
721
401
817
445
22
327
897
495
582
287
671
638
173
56
349
524
270
832
523
944
245
340
431
824
313
324
643
907
143
812
513
847
545
48
765
927
656
192
876
74
44
515
135
420
414
696
32
812
448
444
928
564
166
624
250
378
695
342
84
886
298
229
42
875
583
189
90
297
376
542
306
124
62
65
358
42
371
272
693
393
958
415
610
435
403
349
509
714
856
662
988
278
444
592
575
262
922
399
572
724
999
474
102
215
548
413
206
856
292
381
691
719
847
688
869
117
598
913
