0998
573
812
838
105
77
116
810
527
865
787
522
983
540
234
260
36
509
456
710
606
781
506
206
106
564
10
700
683
862
535
407
763
105
659
112
72
790
10
550
672
553
618
667
814
166
693
487
855
788
871
243
299
875
22
242
498
604
945
842
1
385
857
796
189
985
649
34
287
995
160
828
414
672
501
950
124
48
226
347
95
168
932
407
257
751
638
548
904
975
585
681
140
758
274
637
771
274
298
584
764
959
709
349
770
172
314
628
527
782
965
733
937
48
432
486
998
856
643
140
991
680
562
680
232
349
340
690
273
800
727
183
938
481
28
662
126
466
761
350
774
456
679
990
781
732
146
248
918
327
608
29
177
256
723
620
700
423
36
42
113
403
552
809
872
667
797
743
635
112
76
239
846
342
520
81
884
139
127
184
818
871
18
104
550
94
163
326
575
98
31
502
49
677
289
789
640
550
353
410
999
747
950
468
566
906
373
701
970
142
55
952
390
934
955
92
1
21
972
968
17
39
429
979
548
620
348
414
895
870
593
591
435
938
718
452
731
187
184
889
764
78
777
732
634
548
490
598
779
828
750
976
955
405
867
842
437
135
353
204
577
353
690
721
302
500
320
