0999
966
516
193
372
433
791
175
472
582
687
172
285
941
738
59
222
244
997
880
962
516
366
46
997
664
777
454
734
447
37
742
142
640
414
859
778
618
641
721
502
378
965
400
610
426
428
704
943
372
178
909
329
570
980
441
27
86
542
138
561
750
779
294
30
707
587
398
578
230
952
818
709
356
343
920
353
264
551
52
729
332
33
372
306
540
926
869
83
413
455
964
316
269
702
366
14
690
42
10
648
263
160
983
649
649
729
634
717
762
825
114
49
827
283
832
569
502
554
20
349
882
882
826
58
377
516
560
752
995
737
239
268
818
918
445
611
252
134
542
838
852
427
67
530
968
67
423
383
920
349
928
703
695
460
935
575
661
600
568
834
131
452
80
127
686
733
94
506
974
638
50
22
457
158
757
696
494
202
512
634
544
716
24
756
255
997
903
754
92
999
212
656
963
920
717
583
775
603
108
464
220
590
475
370
912
871
620
