1000
898
974
455
624
403
789
550
891
863
467
806
288
22
321
780
526
456
706
598
325
216
362
555
496
160
255
152
986
403
251
163
726
848
478
351
90
164
539
782
83
253
890
225
564
966
343
854
891
472
451
99
518
984
973
979
145
747
61
939
868
68
507
51
128
691
734
290
43
235
792
422
389
618
737
696
766
276
818
883
995
16
594
298
645
325
538
384
148
941
389
94
380
722
944
119
727
598
612
480
873
805
635
579
518
636
520
218
894
165
872
573
331
413
869
75
98
264
372
464
800
562
648
350
730
84
508
516
144
60
305
386
97
543
718
485
725
300
628
74
233
170
217
420
591
653
99
657
817
838
550
